Dynamical matrix file
                                                                           
  2    3  0  8.7774652  0.0000000  0.0000000  0.0000000  0.0000000  0.0000000
Basis vectors
      1.000000000    0.000000000    0.000000000
     -0.500000000    0.866025404    0.000000000
      0.000000000    0.000000000    5.145885287
           1  'I   '    115666.375825675     
           2  'Pb  '    188851.246969807     
    1    1      0.5000000000      0.2886751346      2.9770044863
    2    2      0.5000000000      0.8660254038      2.5729426437
    3    1     -0.0000000000      0.5773502692      2.1688808012

     Dynamical  Matrix in cartesian axes

     q = (    0.000000000   0.192450090   0.000000000 ) 

    1    1
  0.03012422  0.00000000    0.00000000  0.00000000    0.00000000  0.00000000
  0.00000000  0.00000000    0.04399456  0.00000000    0.00125701  0.00104485
  0.00000000  0.00000000    0.00125701 -0.00104485    0.05843832  0.00000000
    1    2
 -0.00787372  0.00921734   -0.00000000  0.00000000    0.00000000  0.00000000
 -0.00000000  0.00000000   -0.03292067  0.01867829    0.00431045  0.01026230
  0.00000000  0.00000000    0.00614712  0.01392383   -0.03410419  0.03018116
    1    3
 -0.00842495  0.01299217   -0.00000000  0.00000000    0.00000000  0.00000000
 -0.00000000  0.00000000    0.00484380 -0.00248903    0.00093274  0.00694578
  0.00000000  0.00000000    0.00093274  0.00694578   -0.00425328  0.00178850
    2    1
 -0.00787372 -0.00921734   -0.00000000 -0.00000000    0.00000000  0.00000000
 -0.00000000 -0.00000000   -0.03292067 -0.01867829    0.00614712 -0.01392383
  0.00000000  0.00000000    0.00431045 -0.01026230   -0.03410419 -0.03018116
    2    2
  0.02653087  0.00000000    0.00000000  0.00000000    0.00000000  0.00000000
  0.00000000  0.00000000    0.09113560  0.00000000    0.00602562  0.00000000
  0.00000000  0.00000000    0.00602562  0.00000000    0.09463258  0.00000000
    2    3
 -0.01191930 -0.00221017   -0.00000000 -0.00000000    0.00000000  0.00000000
 -0.00000000 -0.00000000   -0.03263621 -0.01917099   -0.00898483  0.01228548
  0.00000000  0.00000000   -0.00673219  0.00886411   -0.04318974 -0.01444451
    3    1
 -0.00842495 -0.01299217   -0.00000000 -0.00000000    0.00000000  0.00000000
 -0.00000000 -0.00000000    0.00484380  0.00248903    0.00093274 -0.00694578
  0.00000000  0.00000000    0.00093274 -0.00694578   -0.00425328 -0.00178850
    3    2
 -0.01191930  0.00221017   -0.00000000  0.00000000    0.00000000  0.00000000
 -0.00000000  0.00000000   -0.03263621  0.01917099   -0.00673219 -0.00886411
  0.00000000  0.00000000   -0.00898483 -0.01228548   -0.04318974  0.01444451
    3    3
  0.03012422  0.00000000    0.00000000  0.00000000    0.00000000  0.00000000
  0.00000000  0.00000000    0.04399456  0.00000000    0.00125701 -0.00104485
  0.00000000  0.00000000    0.00125701  0.00104485    0.05843832  0.00000000

     Dynamical  Matrix in cartesian axes

     q = (   -0.166666667  -0.096225045   0.000000000 ) 

    1    1
  0.04052697  0.00000000    0.00600603  0.00000000   -0.00108860 -0.00090487
  0.00600603  0.00000000    0.03359180  0.00000000   -0.00062850 -0.00052243
 -0.00108860  0.00090487   -0.00062850  0.00052243    0.05843832  0.00000000
    1    2
 -0.02745698 -0.01493078   -0.00897068 -0.00734425    0.00583025 -0.00767654
 -0.00897068 -0.00734425   -0.01709853 -0.00645037    0.00336610 -0.00443206
  0.00778109 -0.01063954    0.00449241 -0.00614274   -0.04318974 -0.01444451
    1    3
  0.00152662  0.00138127    0.00574554 -0.00670356   -0.00080778 -0.00601522
  0.00574554 -0.00670356   -0.00510776  0.00912187   -0.00046637 -0.00347289
 -0.00080778 -0.00601522   -0.00046637 -0.00347289   -0.00425328  0.00178850
    2    1
 -0.02745698  0.01493078   -0.00897068  0.00734425    0.00778109  0.01063954
 -0.00897068  0.00734425   -0.01709853  0.00645037    0.00449241  0.00614274
  0.00583025  0.00767654    0.00336610  0.00443206   -0.04318974  0.01444451
    2    2
  0.07498441  0.00000000    0.02797467  0.00000000   -0.00521834  0.00000000
  0.02797467  0.00000000    0.04268205  0.00000000   -0.00301281  0.00000000
 -0.00521834  0.00000000   -0.00301281  0.00000000    0.09463258  0.00000000
    2    3
 -0.02665893  0.01631305   -0.01084565  0.00409671   -0.00532357 -0.01205839
 -0.01084565  0.00409671   -0.01413545  0.01158257   -0.00307356 -0.00696191
 -0.00373296 -0.00888741   -0.00215522 -0.00513115   -0.03410419  0.03018116
    3    1
  0.00152662 -0.00138127    0.00574554  0.00670356   -0.00080778  0.00601522
  0.00574554  0.00670356   -0.00510776 -0.00912187   -0.00046637  0.00347289
 -0.00080778  0.00601522   -0.00046637  0.00347289   -0.00425328 -0.00178850
    3    2
 -0.02665893 -0.01631305   -0.01084565 -0.00409671   -0.00373296  0.00888741
 -0.01084565 -0.00409671   -0.01413545 -0.01158257   -0.00215522  0.00513115
 -0.00532357  0.01205839   -0.00307356  0.00696191   -0.03410419 -0.03018116
    3    3
  0.04052697  0.00000000    0.00600603  0.00000000   -0.00108860  0.00090487
  0.00600603  0.00000000    0.03359180  0.00000000   -0.00062850  0.00052243
 -0.00108860 -0.00090487   -0.00062850 -0.00052243    0.05843832  0.00000000

     Dynamical  Matrix in cartesian axes

     q = (    0.166666667  -0.096225045   0.000000000 ) 

    1    1
  0.04052697  0.00000000   -0.00600603  0.00000000    0.00108860  0.00090487
 -0.00600603  0.00000000    0.03359180  0.00000000   -0.00062850 -0.00052243
  0.00108860 -0.00090487   -0.00062850  0.00052243    0.05843832  0.00000000
    1    2
 -0.02745698 -0.01493078    0.00897068  0.00734425   -0.00583025  0.00767654
  0.00897068  0.00734425   -0.01709853 -0.00645037    0.00336610 -0.00443206
 -0.00778109  0.01063954    0.00449241 -0.00614274   -0.04318974 -0.01444451
    1    3
 -0.00043290  0.00201272   -0.00867822 -0.00162400   -0.00480545  0.00370717
 -0.00867822 -0.00162400   -0.01045365  0.00013748    0.00277443 -0.00214034
 -0.00480545  0.00370717    0.00277443 -0.00214034   -0.00367553 -0.00278920
    2    1
 -0.02745698  0.01493078    0.00897068 -0.00734425   -0.00778109 -0.01063954
  0.00897068 -0.00734425   -0.01709853  0.00645037    0.00449241  0.00614274
 -0.00583025 -0.00767654    0.00336610  0.00443206   -0.04318974  0.01444451
    2    2
  0.07498441  0.00000000   -0.02797467  0.00000000    0.00521834  0.00000000
 -0.02797467  0.00000000    0.04268205  0.00000000   -0.00301281  0.00000000
  0.00521834  0.00000000   -0.00301281  0.00000000    0.09463258  0.00000000
    2    3
 -0.02745698 -0.01493078    0.00897068  0.00734425   -0.00778109  0.01063954
  0.00897068  0.00734425   -0.01709853 -0.00645037    0.00449241 -0.00614274
 -0.00583025  0.00767654    0.00336610 -0.00443206   -0.04318974 -0.01444451
    3    1
 -0.00043290 -0.00201272   -0.00867822  0.00162400   -0.00480545 -0.00370717
 -0.00867822  0.00162400   -0.01045365 -0.00013748    0.00277443  0.00214034
 -0.00480545 -0.00370717    0.00277443  0.00214034   -0.00367553  0.00278920
    3    2
 -0.02745698  0.01493078    0.00897068 -0.00734425   -0.00583025 -0.00767654
  0.00897068 -0.00734425   -0.01709853  0.00645037    0.00336610  0.00443206
 -0.00778109 -0.01063954    0.00449241  0.00614274   -0.04318974  0.01444451
    3    3
  0.04052697  0.00000000   -0.00600603  0.00000000    0.00108860 -0.00090487
 -0.00600603  0.00000000    0.03359180  0.00000000   -0.00062850  0.00052243
  0.00108860  0.00090487   -0.00062850 -0.00052243    0.05843832  0.00000000

     Dynamical  Matrix in cartesian axes

     q = (   -0.166666667   0.096225045   0.000000000 ) 

    1    1
  0.04052697  0.00000000   -0.00600603  0.00000000    0.00108860 -0.00090487
 -0.00600603  0.00000000    0.03359180  0.00000000   -0.00062850  0.00052243
  0.00108860  0.00090487   -0.00062850 -0.00052243    0.05843832  0.00000000
    1    2
 -0.02745698  0.01493078    0.00897068 -0.00734425   -0.00583025 -0.00767654
  0.00897068 -0.00734425   -0.01709853  0.00645037    0.00336610  0.00443206
 -0.00778109 -0.01063954    0.00449241  0.00614274   -0.04318974  0.01444451
    1    3
 -0.00043290 -0.00201272   -0.00867822  0.00162400   -0.00480545 -0.00370717
 -0.00867822  0.00162400   -0.01045365 -0.00013748    0.00277443  0.00214034
 -0.00480545 -0.00370717    0.00277443  0.00214034   -0.00367553  0.00278920
    2    1
 -0.02745698 -0.01493078    0.00897068  0.00734425   -0.00778109  0.01063954
  0.00897068  0.00734425   -0.01709853 -0.00645037    0.00449241 -0.00614274
 -0.00583025  0.00767654    0.00336610 -0.00443206   -0.04318974 -0.01444451
    2    2
  0.07498441  0.00000000   -0.02797467  0.00000000    0.00521834  0.00000000
 -0.02797467  0.00000000    0.04268205  0.00000000   -0.00301281  0.00000000
  0.00521834  0.00000000   -0.00301281  0.00000000    0.09463258  0.00000000
    2    3
 -0.02745698  0.01493078    0.00897068 -0.00734425   -0.00778109 -0.01063954
  0.00897068 -0.00734425   -0.01709853  0.00645037    0.00449241  0.00614274
 -0.00583025 -0.00767654    0.00336610  0.00443206   -0.04318974  0.01444451
    3    1
 -0.00043290  0.00201272   -0.00867822 -0.00162400   -0.00480545  0.00370717
 -0.00867822 -0.00162400   -0.01045365  0.00013748    0.00277443 -0.00214034
 -0.00480545  0.00370717    0.00277443 -0.00214034   -0.00367553 -0.00278920
    3    2
 -0.02745698 -0.01493078    0.00897068  0.00734425   -0.00583025  0.00767654
  0.00897068  0.00734425   -0.01709853 -0.00645037    0.00336610 -0.00443206
 -0.00778109  0.01063954    0.00449241 -0.00614274   -0.04318974 -0.01444451
    3    3
  0.04052697  0.00000000   -0.00600603  0.00000000    0.00108860  0.00090487
 -0.00600603  0.00000000    0.03359180  0.00000000   -0.00062850 -0.00052243
  0.00108860 -0.00090487   -0.00062850  0.00052243    0.05843832  0.00000000

     Dynamical  Matrix in cartesian axes

     q = (    0.166666667   0.096225045   0.000000000 ) 

    1    1
  0.04052697  0.00000000    0.00600603  0.00000000   -0.00108860  0.00090487
  0.00600603  0.00000000    0.03359180  0.00000000   -0.00062850  0.00052243
 -0.00108860 -0.00090487   -0.00062850 -0.00052243    0.05843832  0.00000000
    1    2
 -0.02745698  0.01493078   -0.00897068  0.00734425    0.00583025  0.00767654
 -0.00897068  0.00734425   -0.01709853  0.00645037    0.00336610  0.00443206
  0.00778109  0.01063954    0.00449241  0.00614274   -0.04318974  0.01444451
    1    3
  0.00152662 -0.00138127    0.00574554  0.00670356   -0.00080778  0.00601522
  0.00574554  0.00670356   -0.00510776 -0.00912187   -0.00046637  0.00347289
 -0.00080778  0.00601522   -0.00046637  0.00347289   -0.00425328 -0.00178850
    2    1
 -0.02745698 -0.01493078   -0.00897068 -0.00734425    0.00778109 -0.01063954
 -0.00897068 -0.00734425   -0.01709853 -0.00645037    0.00449241 -0.00614274
  0.00583025 -0.00767654    0.00336610 -0.00443206   -0.04318974 -0.01444451
    2    2
  0.07498441  0.00000000    0.02797467  0.00000000   -0.00521834  0.00000000
  0.02797467  0.00000000    0.04268205  0.00000000   -0.00301281  0.00000000
 -0.00521834  0.00000000   -0.00301281  0.00000000    0.09463258  0.00000000
    2    3
 -0.02665893 -0.01631305   -0.01084565 -0.00409671   -0.00532357  0.01205839
 -0.01084565 -0.00409671   -0.01413545 -0.01158257   -0.00307356  0.00696191
 -0.00373296  0.00888741   -0.00215522  0.00513115   -0.03410419 -0.03018116
    3    1
  0.00152662  0.00138127    0.00574554 -0.00670356   -0.00080778 -0.00601522
  0.00574554 -0.00670356   -0.00510776  0.00912187   -0.00046637 -0.00347289
 -0.00080778 -0.00601522   -0.00046637 -0.00347289   -0.00425328  0.00178850
    3    2
 -0.02665893  0.01631305   -0.01084565  0.00409671   -0.00373296 -0.00888741
 -0.01084565  0.00409671   -0.01413545  0.01158257   -0.00215522 -0.00513115
 -0.00532357 -0.01205839   -0.00307356 -0.00696191   -0.03410419  0.03018116
    3    3
  0.04052697  0.00000000    0.00600603  0.00000000   -0.00108860 -0.00090487
  0.00600603  0.00000000    0.03359180  0.00000000   -0.00062850 -0.00052243
 -0.00108860  0.00090487   -0.00062850  0.00052243    0.05843832  0.00000000

     Dynamical  Matrix in cartesian axes

     q = (    0.000000000  -0.192450090   0.000000000 ) 

    1    1
  0.03012422  0.00000000    0.00000000  0.00000000    0.00000000  0.00000000
  0.00000000  0.00000000    0.04399456  0.00000000    0.00125701 -0.00104485
  0.00000000  0.00000000    0.00125701  0.00104485    0.05843832  0.00000000
    1    2
 -0.00787372 -0.00921734   -0.00000000 -0.00000000    0.00000000  0.00000000
 -0.00000000 -0.00000000   -0.03292067 -0.01867829    0.00431045 -0.01026230
  0.00000000  0.00000000    0.00614712 -0.01392383   -0.03410419 -0.03018116
    1    3
 -0.00842495 -0.01299217   -0.00000000 -0.00000000    0.00000000  0.00000000
 -0.00000000 -0.00000000    0.00484380  0.00248903    0.00093274 -0.00694578
  0.00000000  0.00000000    0.00093274 -0.00694578   -0.00425328 -0.00178850
    2    1
 -0.00787372  0.00921734   -0.00000000  0.00000000    0.00000000  0.00000000
 -0.00000000  0.00000000   -0.03292067  0.01867829    0.00614712  0.01392383
  0.00000000  0.00000000    0.00431045  0.01026230   -0.03410419  0.03018116
    2    2
  0.02653087  0.00000000    0.00000000  0.00000000    0.00000000  0.00000000
  0.00000000  0.00000000    0.09113560  0.00000000    0.00602562  0.00000000
  0.00000000  0.00000000    0.00602562  0.00000000    0.09463258  0.00000000
    2    3
 -0.01191930  0.00221017   -0.00000000  0.00000000    0.00000000  0.00000000
 -0.00000000  0.00000000   -0.03263621  0.01917099   -0.00898483 -0.01228548
  0.00000000  0.00000000   -0.00673219 -0.00886411   -0.04318974  0.01444451
    3    1
 -0.00842495  0.01299217   -0.00000000  0.00000000    0.00000000  0.00000000
 -0.00000000  0.00000000    0.00484380 -0.00248903    0.00093274  0.00694578
  0.00000000  0.00000000    0.00093274  0.00694578   -0.00425328  0.00178850
    3    2
 -0.01191930 -0.00221017   -0.00000000 -0.00000000    0.00000000  0.00000000
 -0.00000000 -0.00000000   -0.03263621 -0.01917099   -0.00673219  0.00886411
  0.00000000  0.00000000   -0.00898483  0.01228548   -0.04318974 -0.01444451
    3    3
  0.03012422  0.00000000    0.00000000  0.00000000    0.00000000  0.00000000
  0.00000000  0.00000000    0.04399456  0.00000000    0.00125701  0.00104485
  0.00000000  0.00000000    0.00125701 -0.00104485    0.05843832  0.00000000

     Diagonalizing the dynamical matrix

     q = (    0.000000000   0.192450090   0.000000000 ) 

 **************************************************************************
     freq (    1) =       0.172198 [THz] =       5.743900 [cm-1]
 (  0.000000  0.000000 -0.045976 -0.260317  0.481747 -0.196341 ) 
 ( -0.000000 -0.000000  0.015892  0.005445  0.534057  0.182985 ) 
 ( -0.000000 -0.000000  0.055672  0.258417  0.520221  0.000000 ) 
     freq (    2) =       0.445531 [THz] =      14.861299 [cm-1]
 ( -0.541777 -0.173209  0.000000  0.000000 -0.000000 -0.000000 ) 
 ( -0.167430 -0.570017  0.000000  0.000000 -0.000000 -0.000000 ) 
 ( -0.198893 -0.532884  0.000000  0.000000 -0.000000  0.000000 ) 
     freq (    3) =       0.735460 [THz] =      24.532297 [cm-1]
 ( -0.000000 -0.000000  0.005736 -0.540214 -0.203330  0.038527 ) 
 (  0.000000 -0.000000  0.239611 -0.522504 -0.005801  0.012650 ) 
 (  0.000000 -0.000000 -0.106207 -0.529702  0.206948  0.000000 ) 
     freq (    4) =       1.635388 [THz] =      54.550670 [cm-1]
 (  0.344855 -0.425492 -0.000000  0.000000  0.000000 -0.000000 ) 
 ( -0.611088 -0.163204  0.000000  0.000000  0.000000  0.000000 ) 
 (  0.511719  0.195221 -0.000000 -0.000000  0.000000  0.000000 ) 
     freq (    5) =       2.034271 [THz] =      67.855991 [cm-1]
 (  0.000000  0.000000 -0.150856 -0.650621 -0.168740  0.106343 ) 
 ( -0.000000 -0.000000  0.050144  0.012400 -0.155434 -0.038437 ) 
 (  0.000000 -0.000000  0.219267  0.630862 -0.199454  0.000000 ) 
     freq (    6) =       2.070029 [THz] =      69.048740 [cm-1]
 ( -0.551203 -0.440247 -0.000000 -0.000000 -0.000000  0.000000 ) 
 (  0.067774  0.011071  0.000000  0.000000 -0.000000 -0.000000 ) 
 ( -0.121774  0.694848  0.000000  0.000000 -0.000000  0.000000 ) 
     freq (    7) =       2.474039 [THz] =      82.525045 [cm-1]
 ( -0.000000  0.000000  0.022480  0.255194 -0.608840  0.252202 ) 
 (  0.000000 -0.000000  0.001788 -0.005268 -0.003607  0.010625 ) 
 (  0.000000  0.000000  0.076894  0.244370  0.659008  0.000000 ) 
     freq (    8) =       2.960920 [THz] =      98.765665 [cm-1]
 ( -0.000000 -0.000000 -0.403737 -0.214270  0.159551  0.241545 ) 
 (  0.000000  0.000000  0.308851  0.499619 -0.138681 -0.224340 ) 
 ( -0.000000 -0.000000 -0.401310 -0.218782  0.289483  0.000000 ) 
     freq (    9) =       3.196750 [THz] =     106.632088 [cm-1]
 (  0.000000 -0.000000  0.168885 -0.104071  0.396982 -0.307779 ) 
 ( -0.000000 -0.000000 -0.276887 -0.054358 -0.569667 -0.111835 ) 
 (  0.000000 -0.000000  0.197236 -0.021232  0.502317  0.000000 ) 
 **************************************************************************
