Dynamical matrix file
                                                                           
  2    3  0  8.7774652  0.0000000  0.0000000  0.0000000  0.0000000  0.0000000
Basis vectors
      1.000000000    0.000000000    0.000000000
     -0.500000000    0.866025404    0.000000000
      0.000000000    0.000000000    5.145885287
           1  'I   '    115666.375825675     
           2  'Pb  '    188851.246969807     
    1    1      0.5000000000      0.2886751346      2.9770044863
    2    2      0.5000000000      0.8660254038      2.5729426437
    3    1     -0.0000000000      0.5773502692      2.1688808012

     Dynamical  Matrix in cartesian axes

     q = (    0.000000000  -0.577350269   0.000000000 ) 

    1    1
  0.03069707  0.00000000    0.00000000  0.00000000    0.00000000  0.00000000
  0.00000000  0.00000000    0.04088944  0.00000000    0.00293177  0.00000000
  0.00000000  0.00000000    0.00293177  0.00000000    0.05014243  0.00000000
    1    2
  0.00858336  0.00000000    0.00000000  0.00000000    0.00000000  0.00000000
  0.00000000  0.00000000    0.00337219  0.00000000    0.01043015  0.00000000
  0.00000000  0.00000000    0.03342198  0.00000000    0.01506411  0.00000000
    1    3
  0.01388133  0.00000000    0.00000000  0.00000000    0.00000000  0.00000000
  0.00000000  0.00000000    0.02160094  0.00000000    0.00260861  0.00000000
  0.00000000  0.00000000    0.00260861  0.00000000    0.00447241  0.00000000
    2    1
  0.00858336 -0.00000000    0.00000000 -0.00000000    0.00000000  0.00000000
  0.00000000 -0.00000000    0.00337219 -0.00000000    0.03342198 -0.00000000
  0.00000000  0.00000000    0.01043015 -0.00000000    0.01506411 -0.00000000
    2    2
  0.02800210  0.00000000    0.00000000  0.00000000    0.00000000  0.00000000
  0.00000000  0.00000000    0.10403974  0.00000000    0.02466668  0.00000000
  0.00000000  0.00000000    0.02466668  0.00000000    0.03551289  0.00000000
    2    3
 -0.00858336  0.00000000   -0.00000000  0.00000000    0.00000000  0.00000000
 -0.00000000  0.00000000   -0.00337219  0.00000000   -0.03342198  0.00000000
  0.00000000  0.00000000   -0.01043015  0.00000000   -0.01506411  0.00000000
    3    1
  0.01388133  0.00000000    0.00000000  0.00000000    0.00000000  0.00000000
  0.00000000  0.00000000    0.02160094  0.00000000    0.00260861  0.00000000
  0.00000000  0.00000000    0.00260861  0.00000000    0.00447241  0.00000000
    3    2
 -0.00858336 -0.00000000   -0.00000000 -0.00000000    0.00000000  0.00000000
 -0.00000000 -0.00000000   -0.00337219 -0.00000000   -0.01043015 -0.00000000
  0.00000000  0.00000000   -0.03342198 -0.00000000   -0.01506411 -0.00000000
    3    3
  0.03069707  0.00000000    0.00000000  0.00000000    0.00000000  0.00000000
  0.00000000  0.00000000    0.04088944  0.00000000    0.00293177  0.00000000
  0.00000000  0.00000000    0.00293177  0.00000000    0.05014243  0.00000000

     Dynamical  Matrix in cartesian axes

     q = (    0.500000000  -0.288675135   0.000000000 ) 

    1    1
  0.03834135  0.00000000   -0.00441342  0.00000000    0.00253898  0.00000000
 -0.00441342  0.00000000    0.03324517  0.00000000   -0.00146588  0.00000000
  0.00253898  0.00000000   -0.00146588  0.00000000    0.05014243  0.00000000
    1    2
 -0.00467498 -0.00000000   -0.00225650 -0.00000000   -0.00903277 -0.00000000
 -0.00225650 -0.00000000   -0.00728057 -0.00000000    0.00521507  0.00000000
 -0.02894428 -0.00000000    0.01671099  0.00000000   -0.01506411 -0.00000000
    1    3
 -0.01967104 -0.00000000    0.00334269  0.00000000   -0.00225913 -0.00000000
  0.00334269  0.00000000   -0.01581123 -0.00000000    0.00130431  0.00000000
 -0.00225913 -0.00000000    0.00130431  0.00000000   -0.00447241 -0.00000000
    2    1
 -0.00467498  0.00000000   -0.00225650  0.00000000   -0.02894428  0.00000000
 -0.00225650  0.00000000   -0.00728057  0.00000000    0.01671099 -0.00000000
 -0.00903277  0.00000000    0.00521507 -0.00000000   -0.01506411  0.00000000
    2    2
  0.08503033  0.00000000   -0.03292526  0.00000000    0.02136197  0.00000000
 -0.03292526  0.00000000    0.04701151  0.00000000   -0.01233334  0.00000000
  0.02136197  0.00000000   -0.01233334  0.00000000    0.03551289  0.00000000
    2    3
 -0.00467498  0.00000000   -0.00225650  0.00000000   -0.02894428  0.00000000
 -0.00225650  0.00000000   -0.00728057  0.00000000    0.01671099 -0.00000000
 -0.00903277  0.00000000    0.00521507 -0.00000000   -0.01506411  0.00000000
    3    1
 -0.01967104  0.00000000    0.00334269 -0.00000000   -0.00225913  0.00000000
  0.00334269 -0.00000000   -0.01581123  0.00000000    0.00130431 -0.00000000
 -0.00225913  0.00000000    0.00130431 -0.00000000   -0.00447241  0.00000000
    3    2
 -0.00467498 -0.00000000   -0.00225650 -0.00000000   -0.00903277 -0.00000000
 -0.00225650 -0.00000000   -0.00728057 -0.00000000    0.00521507  0.00000000
 -0.02894428 -0.00000000    0.01671099  0.00000000   -0.01506411 -0.00000000
    3    3
  0.03834135  0.00000000   -0.00441342  0.00000000    0.00253898  0.00000000
 -0.00441342  0.00000000    0.03324517  0.00000000   -0.00146588  0.00000000
  0.00253898  0.00000000   -0.00146588  0.00000000    0.05014243  0.00000000

     Dynamical  Matrix in cartesian axes

     q = (   -0.500000000  -0.288675135   0.000000000 ) 

    1    1
  0.03834135  0.00000000    0.00441342  0.00000000   -0.00253898  0.00000000
  0.00441342  0.00000000    0.03324517  0.00000000   -0.00146588  0.00000000
 -0.00253898  0.00000000   -0.00146588  0.00000000    0.05014243  0.00000000
    1    2
 -0.00467498  0.00000000    0.00225650 -0.00000000    0.00903277 -0.00000000
  0.00225650 -0.00000000   -0.00728057  0.00000000    0.00521507 -0.00000000
  0.02894428 -0.00000000    0.01671099 -0.00000000   -0.01506411  0.00000000
    1    3
  0.01967104  0.00000000    0.00334269  0.00000000   -0.00225913 -0.00000000
  0.00334269  0.00000000    0.01581123  0.00000000   -0.00130431 -0.00000000
 -0.00225913 -0.00000000   -0.00130431 -0.00000000    0.00447241  0.00000000
    2    1
 -0.00467498 -0.00000000    0.00225650  0.00000000    0.02894428  0.00000000
  0.00225650  0.00000000   -0.00728057 -0.00000000    0.01671099  0.00000000
  0.00903277  0.00000000    0.00521507  0.00000000   -0.01506411 -0.00000000
    2    2
  0.08503033  0.00000000    0.03292526  0.00000000   -0.02136197  0.00000000
  0.03292526  0.00000000    0.04701151  0.00000000   -0.01233334  0.00000000
 -0.02136197  0.00000000   -0.01233334  0.00000000    0.03551289  0.00000000
    2    3
  0.00467498  0.00000000   -0.00225650 -0.00000000   -0.02894428 -0.00000000
 -0.00225650 -0.00000000    0.00728057  0.00000000   -0.01671099 -0.00000000
 -0.00903277 -0.00000000   -0.00521507 -0.00000000    0.01506411  0.00000000
    3    1
  0.01967104 -0.00000000    0.00334269 -0.00000000   -0.00225913  0.00000000
  0.00334269 -0.00000000    0.01581123 -0.00000000   -0.00130431  0.00000000
 -0.00225913  0.00000000   -0.00130431  0.00000000    0.00447241 -0.00000000
    3    2
  0.00467498 -0.00000000   -0.00225650  0.00000000   -0.00903277  0.00000000
 -0.00225650  0.00000000    0.00728057 -0.00000000   -0.00521507  0.00000000
 -0.02894428  0.00000000   -0.01671099  0.00000000    0.01506411 -0.00000000
    3    3
  0.03834135  0.00000000    0.00441342  0.00000000   -0.00253898  0.00000000
  0.00441342  0.00000000    0.03324517  0.00000000   -0.00146588  0.00000000
 -0.00253898  0.00000000   -0.00146588  0.00000000    0.05014243  0.00000000

     Diagonalizing the dynamical matrix

     q = (    0.000000000  -0.577350269   0.000000000 ) 

 **************************************************************************
     freq (    1) =       0.700319 [THz] =      23.360129 [cm-1]
 (  0.000000  0.000000 -0.470933  0.000000 -0.289862  0.000000 ) 
 ( -0.000000  0.000000  0.076400  0.000000  0.618521  0.000000 ) 
 ( -0.000000  0.000000  0.470933  0.000000  0.289862  0.000000 ) 
     freq (    2) =       0.836711 [THz] =      27.909678 [cm-1]
 ( -0.560549  0.000000 -0.000000  0.000000 -0.000000  0.000000 ) 
 (  0.609565  0.000000 -0.000000  0.000000  0.000000  0.000000 ) 
 (  0.560549  0.000000  0.000000  0.000000  0.000000  0.000000 ) 
     freq (    3) =       1.300332 [THz] =      43.374423 [cm-1]
 ( -0.000000  0.000000  0.213907  0.000000 -0.545877  0.000000 ) 
 ( -0.000000  0.000000  0.529515  0.000000 -0.179269  0.000000 ) 
 (  0.000000  0.000000 -0.213907  0.000000  0.545877  0.000000 ) 
     freq (    4) =       1.574226 [THz] =      52.510512 [cm-1]
 (  0.553096  0.000000 -0.000000  0.000000 -0.000000  0.000000 ) 
 (  0.623033  0.000000  0.000000  0.000000 -0.000000  0.000000 ) 
 ( -0.553096  0.000000  0.000000  0.000000  0.000000  0.000000 ) 
     freq (    5) =       1.603975 [THz] =      53.502848 [cm-1]
 ( -0.000000  0.000000 -0.580356  0.000000  0.073172  0.000000 ) 
 ( -0.000000  0.000000  0.202104  0.000000 -0.524232  0.000000 ) 
 (  0.000000  0.000000  0.580356  0.000000 -0.073172  0.000000 ) 
     freq (    6) =       2.042367 [THz] =      68.126025 [cm-1]
 ( -0.707107  0.000000  0.000000  0.000000 -0.000000  0.000000 ) 
 ( -0.000000  0.000000  0.000000  0.000000 -0.000000  0.000000 ) 
 ( -0.707107  0.000000  0.000000  0.000000 -0.000000  0.000000 ) 
     freq (    7) =       2.200642 [THz] =      73.405513 [cm-1]
 ( -0.000000  0.000000 -0.324298  0.000000  0.628355  0.000000 ) 
 ( -0.000000  0.000000 -0.000000  0.000000  0.000000  0.000000 ) 
 ( -0.000000  0.000000 -0.324298  0.000000  0.628355  0.000000 ) 
     freq (    8) =       2.472826 [THz] =      82.484605 [cm-1]
 (  0.000000  0.000000  0.628355  0.000000  0.324298  0.000000 ) 
 ( -0.000000  0.000000  0.000000  0.000000 -0.000000  0.000000 ) 
 (  0.000000  0.000000  0.628355  0.000000  0.324298  0.000000 ) 
     freq (    9) =       3.053190 [THz] =     101.843447 [cm-1]
 ( -0.000000  0.000000 -0.063401  0.000000 -0.487720  0.000000 ) 
 ( -0.000000  0.000000 -0.671254  0.000000 -0.256197  0.000000 ) 
 (  0.000000  0.000000  0.063401  0.000000  0.487720  0.000000 ) 
 **************************************************************************
