Dynamical matrix file
                                                                           
  2    3  0  8.7774652  0.0000000  0.0000000  0.0000000  0.0000000  0.0000000
Basis vectors
      1.000000000    0.000000000    0.000000000
     -0.500000000    0.866025404    0.000000000
      0.000000000    0.000000000    5.145885287
           1  'I   '    115666.375825675     
           2  'Pb  '    188851.246969807     
    1    1      0.5000000000      0.2886751346      2.9770044863
    2    2      0.5000000000      0.8660254038      2.5729426437
    3    1     -0.0000000000      0.5773502692      2.1688808012

     Dynamical  Matrix in cartesian axes

     q = (    0.000000000   0.000000000   0.000000000 ) 

    1    1
  0.02999680  0.00000000    0.00000000  0.00000000    0.00000000  0.00000000
  0.00000000  0.00000000    0.02999680  0.00000000    0.00000000  0.00000000
  0.00000000  0.00000000    0.00000000  0.00000000    0.06346360  0.00000000
    1    2
 -0.01304676  0.00000000   -0.00000000  0.00000000   -0.00000000  0.00000000
 -0.00000000  0.00000000   -0.01304676  0.00000000   -0.00000000  0.00000000
  0.00000000  0.00000000    0.00000000  0.00000000   -0.05871596  0.00000000
    1    3
 -0.01685729  0.00000000   -0.00000000  0.00000000    0.00000000  0.00000000
 -0.00000000  0.00000000   -0.01685729  0.00000000    0.00000000  0.00000000
 -0.00000000  0.00000000   -0.00000000  0.00000000   -0.00469182  0.00000000
    2    1
 -0.01304676  0.00000000   -0.00000000  0.00000000    0.00000000  0.00000000
 -0.00000000  0.00000000   -0.01304676  0.00000000    0.00000000  0.00000000
 -0.00000000  0.00000000   -0.00000000  0.00000000   -0.05871596  0.00000000
    2    2
  0.02606539  0.00000000    0.00000000  0.00000000   -0.00000000  0.00000000
  0.00000000  0.00000000    0.02606539  0.00000000   -0.00000000  0.00000000
 -0.00000000  0.00000000   -0.00000000  0.00000000    0.11743582  0.00000000
    2    3
 -0.01304676  0.00000000   -0.00000000  0.00000000    0.00000000  0.00000000
 -0.00000000  0.00000000   -0.01304676  0.00000000    0.00000000  0.00000000
 -0.00000000  0.00000000   -0.00000000  0.00000000   -0.05871596  0.00000000
    3    1
 -0.01685729  0.00000000   -0.00000000  0.00000000    0.00000000  0.00000000
 -0.00000000  0.00000000   -0.01685729  0.00000000   -0.00000000  0.00000000
 -0.00000000  0.00000000   -0.00000000  0.00000000   -0.00469182  0.00000000
    3    2
 -0.01304676  0.00000000   -0.00000000  0.00000000   -0.00000000  0.00000000
 -0.00000000  0.00000000   -0.01304676  0.00000000   -0.00000000  0.00000000
  0.00000000  0.00000000    0.00000000  0.00000000   -0.05871596  0.00000000
    3    3
  0.02999680  0.00000000    0.00000000  0.00000000    0.00000000  0.00000000
  0.00000000  0.00000000    0.02999680  0.00000000    0.00000000  0.00000000
  0.00000000  0.00000000    0.00000000  0.00000000    0.06346360  0.00000000

     Dielectric Tensor:

          2.541772385973          0.000000000019          0.000000000000
          0.000000000019          2.541772385993         -0.000000000000
          0.000000000000          0.000000000000          1.234966497738

     Effective Charges E-U: Z_{alpha}{s,beta}

     atom #    1
         -2.134498384543         -0.000000000114          0.000000000000
         -0.000000000114         -2.134498384663         -0.000000000000
          0.000000000000         -0.000000000000         -0.242625772246
     atom #    2
          3.904735411986         -0.000000000125         -0.000000000000
         -0.000000000125          3.904735411854         -0.000000000000
          0.000000000000         -0.000000000000          0.381308787917
     atom #    3
         -2.134498384543         -0.000000000114          0.000000000000
         -0.000000000114         -2.134498384663          0.000000000000
          0.000000000000         -0.000000000000         -0.242625772246

     Diagonalizing the dynamical matrix

     q = (    0.000000000   0.000000000   0.000000000 ) 

 **************************************************************************
     freq (    1) =       0.054550 [THz] =       1.819583 [cm-1]
 (  0.000000  0.000000  0.000000  0.000000  0.577272  0.000000 ) 
 (  0.000000  0.000000  0.000000  0.000000  0.577508  0.000000 ) 
 (  0.000000  0.000000  0.000000  0.000000  0.577272  0.000000 ) 
     freq (    2) =       0.063588 [THz] =       2.121055 [cm-1]
 ( -0.493521  0.000000  0.298207  0.000000  0.000000  0.000000 ) 
 ( -0.495394  0.000000  0.299340  0.000000  0.000000  0.000000 ) 
 ( -0.493521  0.000000  0.298207  0.000000  0.000000  0.000000 ) 
     freq (    3) =       0.063588 [THz] =       2.121055 [cm-1]
 (  0.298207  0.000000  0.493521  0.000000 -0.000000  0.000000 ) 
 (  0.299340  0.000000  0.495394  0.000000 -0.000000  0.000000 ) 
 (  0.298207  0.000000  0.493521  0.000000 -0.000000  0.000000 ) 
     freq (    4) =       1.649013 [THz] =      55.005162 [cm-1]
 ( -0.458410  0.000000  0.276518  0.000000 -0.000000  0.000000 ) 
 (  0.559404  0.000000 -0.337439  0.000000 -0.000000  0.000000 ) 
 ( -0.458410  0.000000  0.276518  0.000000  0.000000  0.000000 ) 
     freq (    5) =       1.649013 [THz] =      55.005162 [cm-1]
 (  0.276518  0.000000  0.458410  0.000000 -0.000000  0.000000 ) 
 ( -0.337439  0.000000 -0.559404  0.000000 -0.000000  0.000000 ) 
 (  0.276518  0.000000  0.458410  0.000000 -0.000000  0.000000 ) 
     freq (    6) =       2.093848 [THz] =      69.843260 [cm-1]
 ( -0.605484  0.000000  0.365225  0.000000  0.000000  0.000000 ) 
 (  0.000000  0.000000  0.000000  0.000000 -0.000000  0.000000 ) 
 (  0.605484  0.000000 -0.365225  0.000000 -0.000000  0.000000 ) 
     freq (    7) =       2.093848 [THz] =      69.843260 [cm-1]
 ( -0.365225  0.000000 -0.605484  0.000000 -0.000000  0.000000 ) 
 (  0.000000  0.000000  0.000000  0.000000 -0.000000  0.000000 ) 
 (  0.365225  0.000000  0.605484  0.000000 -0.000000  0.000000 ) 
     freq (    8) =       2.525350 [THz] =      84.236625 [cm-1]
 ( -0.000000  0.000000  0.000000  0.000000 -0.707107  0.000000 ) 
 ( -0.000000  0.000000  0.000000  0.000000  0.000000  0.000000 ) 
 (  0.000000  0.000000 -0.000000  0.000000  0.707107  0.000000 ) 
     freq (    9) =       3.496659 [THz] =     116.635989 [cm-1]
 (  0.000000  0.000000 -0.000000  0.000000  0.534578  0.000000 ) 
 (  0.000000  0.000000 -0.000000  0.000000 -0.654562  0.000000 ) 
 ( -0.000000  0.000000  0.000000  0.000000  0.534578  0.000000 ) 
 **************************************************************************
