Dynamical matrix file
                                                                           
  2    3  0  8.7774652  0.0000000  0.0000000  0.0000000  0.0000000  0.0000000
Basis vectors
      1.000000000    0.000000000    0.000000000
     -0.500000000    0.866025404    0.000000000
      0.000000000    0.000000000    5.145885287
           1  'I   '    115666.375825675     
           2  'Pb  '    188851.246969807     
    1    1      0.5000000000      0.2886751346      2.9770044863
    2    2      0.5000000000      0.8660254038      2.5729426437
    3    1     -0.0000000000      0.5773502692      2.1688808012

     Dynamical  Matrix in cartesian axes

     q = (    0.166666667   0.481125224   0.000000000 ) 

    1    1
  0.03362969  0.00000000    0.00068532 -0.00098926   -0.00034685  0.00025667
  0.00068532  0.00098926    0.03912733 -0.00000000    0.00162539  0.00117287
 -0.00034685 -0.00025667    0.00162539 -0.00117287    0.04958790  0.00000000
    1    2
  0.00908761  0.00687014    0.00549247 -0.00377809    0.00171687 -0.00478727
 -0.00014355 -0.00034271   -0.00263063  0.00907800    0.00815209  0.00311853
  0.00592202 -0.00949251    0.02699228  0.00735507    0.00749698  0.01082126
    1    3
  0.00177154  0.00360799    0.00804669 -0.00652367    0.00475497 -0.00201723
  0.00804669 -0.00652367    0.01624478  0.00619460   -0.00126005  0.00351935
  0.00475497 -0.00201723   -0.00126005  0.00351935    0.00155430  0.00169203
    2    1
  0.00908761 -0.00687014   -0.00014355  0.00034271    0.00592202  0.00949251
  0.00549247  0.00377809   -0.00263063 -0.00907800    0.02699228 -0.00735507
  0.00171687  0.00478727    0.00815209 -0.00311853    0.00749698 -0.01082126
    2    2
  0.04451513  0.00000000    0.00956475  0.00000000   -0.00553820  0.00000000
  0.00956475  0.00000000    0.09321228  0.00000000    0.01553106  0.00000000
 -0.00553820  0.00000000    0.01553106  0.00000000    0.03502670  0.00000000
    2    3
 -0.00908761 -0.00687014    0.00014355  0.00034271   -0.00592202  0.00949251
 -0.00549247  0.00377809    0.00263063 -0.00907800   -0.02699228 -0.00735507
 -0.00171687  0.00478727   -0.00815209 -0.00311853   -0.00749698 -0.01082126
    3    1
  0.00177154 -0.00360799    0.00804669  0.00652367    0.00475497  0.00201723
  0.00804669  0.00652367    0.01624478 -0.00619460   -0.00126005 -0.00351935
  0.00475497  0.00201723   -0.00126005 -0.00351935    0.00155430 -0.00169203
    3    2
 -0.00908761  0.00687014   -0.00549247 -0.00377809   -0.00171687 -0.00478727
  0.00014355 -0.00034271    0.00263063  0.00907800   -0.00815209  0.00311853
 -0.00592202 -0.00949251   -0.02699228  0.00735507   -0.00749698  0.01082126
    3    3
  0.03362969  0.00000000    0.00068532  0.00098926   -0.00034685 -0.00025667
  0.00068532 -0.00098926    0.03912733  0.00000000    0.00162539 -0.00117287
 -0.00034685  0.00025667    0.00162539  0.00117287    0.04958790  0.00000000

     Dynamical  Matrix in cartesian axes

     q = (    0.166666667  -0.481125224   0.000000000 ) 

    1    1
  0.03362969  0.00000000   -0.00068532 -0.00098926    0.00034685  0.00025667
 -0.00068532  0.00098926    0.03912733  0.00000000    0.00162539 -0.00117287
  0.00034685 -0.00025667    0.00162539  0.00117287    0.04958790  0.00000000
    1    2
  0.00908761 -0.00687014   -0.00549247 -0.00377809   -0.00171687 -0.00478727
  0.00014355 -0.00034271   -0.00263063 -0.00907800    0.00815209 -0.00311853
 -0.00592202 -0.00949251    0.02699228 -0.00735507    0.00749698 -0.01082126
    1    3
  0.00401038 -0.00026979    0.00162632 -0.01023048   -0.00063052 -0.00512654
  0.00162632 -0.01023048    0.01348707  0.01097109    0.00241782 -0.00285091
 -0.00063052 -0.00512654    0.00241782 -0.00285091    0.00224249  0.00050005
    2    1
  0.00908761  0.00687014    0.00014355  0.00034271   -0.00592202  0.00949251
 -0.00549247  0.00377809   -0.00263063  0.00907800    0.02699228  0.00735507
 -0.00171687  0.00478727    0.00815209  0.00311853    0.00749698  0.01082126
    2    2
  0.04451513  0.00000000   -0.00956475  0.00000000    0.00553820  0.00000000
 -0.00956475  0.00000000    0.09321228  0.00000000    0.01553106  0.00000000
  0.00553820  0.00000000    0.01553106  0.00000000    0.03502670  0.00000000
    2    3
 -0.01049352 -0.00443503   -0.00036857  0.00004704   -0.00525975  0.00987487
 -0.00052569  0.00664566   -0.00654647  0.00681720   -0.01986582 -0.01969846
 -0.00328746  0.00388048   -0.00677677 -0.00550066   -0.01311998 -0.00108195
    3    1
  0.00401038  0.00026979    0.00162632  0.01023048   -0.00063052  0.00512654
  0.00162632  0.01023048    0.01348707 -0.01097109    0.00241782  0.00285091
 -0.00063052  0.00512654    0.00241782  0.00285091    0.00224249 -0.00050005
    3    2
 -0.01049352  0.00443503   -0.00052569 -0.00664566   -0.00328746 -0.00388048
 -0.00036857 -0.00004704   -0.00654647 -0.00681720   -0.00677677  0.00550066
 -0.00525975 -0.00987487   -0.01986582  0.01969846   -0.01311998  0.00108195
    3    3
  0.03362969  0.00000000   -0.00068532  0.00098926    0.00034685 -0.00025667
 -0.00068532 -0.00098926    0.03912733 -0.00000000    0.00162539  0.00117287
  0.00034685  0.00025667    0.00162539 -0.00117287    0.04958790  0.00000000

     Dynamical  Matrix in cartesian axes

     q = (   -0.500000000  -0.096225045   0.000000000 ) 

    1    1
  0.03834643 -0.00000000    0.00203789 -0.00098926   -0.00123421 -0.00114407
  0.00203789  0.00098926    0.03441059 -0.00000000   -0.00111308 -0.00036415
 -0.00123421  0.00114407   -0.00111308  0.00036415    0.04958790  0.00000000
    1    2
 -0.00714601 -0.00110612    0.00156412 -0.00324622    0.00422512 -0.00670395
  0.00140700 -0.00984484   -0.00989398 -0.00127605    0.00623541  0.00061027
  0.01457443 -0.02199680    0.01448798 -0.00129734   -0.01311998  0.00108195
    1    3
  0.00970946 -0.01702072    0.00491669  0.00024779   -0.00240915  0.00009431
  0.00491669  0.00024779    0.00778799  0.00631943   -0.00066287 -0.00586517
 -0.00240915  0.00009431   -0.00066287 -0.00586517    0.00224249 -0.00050005
    2    1
 -0.00714601  0.00110612    0.00140700  0.00984484    0.01457443  0.02199680
  0.00156412  0.00324622   -0.00989398  0.00127605    0.01448798  0.00129734
  0.00422512  0.00670395    0.00623541 -0.00061027   -0.01311998 -0.00108195
    2    2
  0.08932131  0.00000000    0.01630411  0.00000000   -0.01068119  0.00000000
  0.01630411  0.00000000    0.04840610  0.00000000   -0.01256175  0.00000000
 -0.01068119  0.00000000   -0.01256175  0.00000000    0.03502670  0.00000000
    2    3
  0.00261508  0.00674168   -0.00922938  0.00370392   -0.02633701 -0.00162343
 -0.00359337  0.00026854    0.00384190  0.00920646   -0.00836752 -0.01189829
 -0.00791835 -0.00030709   -0.00258920 -0.00570516    0.00749698  0.01082126
    3    1
  0.00970946  0.01702072    0.00491669 -0.00024779   -0.00240915 -0.00009431
  0.00491669 -0.00024779    0.00778799 -0.00631943   -0.00066287  0.00586517
 -0.00240915 -0.00009431   -0.00066287  0.00586517    0.00224249  0.00050005
    3    2
  0.00261508 -0.00674168   -0.00359337 -0.00026854   -0.00791835  0.00030709
 -0.00922938 -0.00370392    0.00384190 -0.00920646   -0.00258920  0.00570516
 -0.02633701  0.00162343   -0.00836752  0.01189829    0.00749698 -0.01082126
    3    3
  0.03834643  0.00000000    0.00203789  0.00098926   -0.00123421  0.00114407
  0.00203789 -0.00098926    0.03441059  0.00000000   -0.00111308  0.00036415
 -0.00123421 -0.00114407   -0.00111308 -0.00036415    0.04958790  0.00000000

     Dynamical  Matrix in cartesian axes

     q = (    0.333333333  -0.384900179   0.000000000 ) 

    1    1
  0.03715942 -0.00000000   -0.00272321 -0.00098926    0.00158105  0.00088740
 -0.00272321  0.00098926    0.03559760 -0.00000000   -0.00051232 -0.00080872
  0.00158105 -0.00088740   -0.00051232  0.00080872    0.04958790  0.00000000
    1    2
  0.00201722 -0.01031039   -0.00655492  0.00164352   -0.00620149 -0.00509436
 -0.00091891 -0.00179186   -0.00847420 -0.00563775    0.00556290 -0.00258663
 -0.02041499 -0.01111594    0.01862475 -0.00454322   -0.00749698 -0.01082126
    1    3
 -0.01252633 -0.00069898    0.00329037 -0.00998268   -0.00177864 -0.00503223
  0.00329037 -0.00998268   -0.00497112  0.01140028    0.00175495 -0.00301426
 -0.00177864 -0.00503223    0.00175495 -0.00301426   -0.00224249  0.00050005
    2    1
  0.00201722  0.01031039   -0.00091891  0.00179186   -0.02041499  0.01111594
 -0.00655492 -0.00164352   -0.00847420  0.00563775    0.01862475  0.00454322
 -0.00620149  0.00509436    0.00556290  0.00258663   -0.00749698  0.01082126
    2    2
  0.07275468  0.00000000   -0.02586886  0.00000000    0.01621939  0.00000000
 -0.02586886  0.00000000    0.06497274  0.00000000   -0.00296930  0.00000000
  0.01621939  0.00000000   -0.00296930  0.00000000    0.03502670  0.00000000
    2    3
 -0.00792045 -0.00690216   -0.00201125 -0.00010013   -0.01983418  0.01212193
 -0.00185413  0.00649849   -0.00911953  0.00452000    0.00537784 -0.01840112
 -0.00751259  0.00282347    0.00054136 -0.00611093   -0.01311998  0.00108195
    3    1
 -0.01252633  0.00069898    0.00329037  0.00998268   -0.00177864  0.00503223
  0.00329037  0.00998268   -0.00497112 -0.01140028    0.00175495  0.00301426
 -0.00177864  0.00503223    0.00175495  0.00301426   -0.00224249 -0.00050005
    3    2
 -0.00792045  0.00690216   -0.00185413 -0.00649849   -0.00751259 -0.00282347
 -0.00201125  0.00010013   -0.00911953 -0.00452000    0.00054136  0.00611093
 -0.01983418 -0.01212193    0.00537784  0.01840112   -0.01311998 -0.00108195
    3    3
  0.03715942  0.00000000   -0.00272321  0.00098926    0.00158105 -0.00088740
 -0.00272321 -0.00098926    0.03559760  0.00000000   -0.00051232  0.00080872
  0.00158105  0.00088740   -0.00051232 -0.00080872    0.04958790  0.00000000

     Dynamical  Matrix in cartesian axes

     q = (   -0.500000000   0.096225045   0.000000000 ) 

    1    1
  0.03834643  0.00000000   -0.00203789 -0.00098926    0.00123421 -0.00114407
 -0.00203789  0.00098926    0.03441059  0.00000000   -0.00111308  0.00036415
  0.00123421  0.00114407   -0.00111308 -0.00036415    0.04958790  0.00000000
    1    2
 -0.00714601  0.00110612   -0.00156412 -0.00324622   -0.00422512 -0.00670395
 -0.00140700 -0.00984484   -0.00989398  0.00127605    0.00623541 -0.00061027
 -0.01457443 -0.02199680    0.01448798  0.00129734   -0.01311998 -0.00108195
    1    3
 -0.00970946 -0.01702072    0.00491669 -0.00024779   -0.00240915 -0.00009431
  0.00491669 -0.00024779   -0.00778799  0.00631943    0.00066287 -0.00586517
 -0.00240915 -0.00009431    0.00066287 -0.00586517   -0.00224249 -0.00050005
    2    1
 -0.00714601 -0.00110612   -0.00140700  0.00984484   -0.01457443  0.02199680
 -0.00156412  0.00324622   -0.00989398 -0.00127605    0.01448798 -0.00129734
 -0.00422512  0.00670395    0.00623541  0.00061027   -0.01311998  0.00108195
    2    2
  0.08932131  0.00000000   -0.01630411  0.00000000    0.01068119  0.00000000
 -0.01630411  0.00000000    0.04840610  0.00000000   -0.01256175  0.00000000
  0.01068119  0.00000000   -0.01256175  0.00000000    0.03502670  0.00000000
    2    3
 -0.00261508  0.00674168   -0.00922938 -0.00370392   -0.02633701  0.00162343
 -0.00359337 -0.00026854   -0.00384190  0.00920646    0.00836752 -0.01189829
 -0.00791835  0.00030709    0.00258920 -0.00570516   -0.00749698  0.01082126
    3    1
 -0.00970946  0.01702072    0.00491669  0.00024779   -0.00240915  0.00009431
  0.00491669  0.00024779   -0.00778799 -0.00631943    0.00066287  0.00586517
 -0.00240915  0.00009431    0.00066287  0.00586517   -0.00224249  0.00050005
    3    2
 -0.00261508 -0.00674168   -0.00359337  0.00026854   -0.00791835 -0.00030709
 -0.00922938  0.00370392   -0.00384190 -0.00920646    0.00258920  0.00570516
 -0.02633701 -0.00162343    0.00836752  0.01189829   -0.00749698 -0.01082126
    3    3
  0.03834643 -0.00000000   -0.00203789  0.00098926    0.00123421  0.00114407
 -0.00203789 -0.00098926    0.03441059 -0.00000000   -0.00111308 -0.00036415
  0.00123421 -0.00114407   -0.00111308  0.00036415    0.04958790  0.00000000

     Dynamical  Matrix in cartesian axes

     q = (    0.333333333   0.384900179   0.000000000 ) 

    1    1
  0.03715942  0.00000000    0.00272321 -0.00098926   -0.00158105  0.00088740
  0.00272321  0.00098926    0.03559760 -0.00000000   -0.00051232  0.00080872
 -0.00158105 -0.00088740   -0.00051232 -0.00080872    0.04958790  0.00000000
    1    2
  0.00201722  0.01031039    0.00655492  0.00164352    0.00620149 -0.00509436
  0.00091891 -0.00179186   -0.00847420  0.00563775    0.00556290  0.00258663
  0.02041499 -0.01111594    0.01862475  0.00454322   -0.00749698  0.01082126
    1    3
  0.00565783 -0.01119761    0.01029044  0.00214180    0.00346872  0.00405646
  0.01029044  0.00214180    0.01235849  0.00139502   -0.00348790  0.00001270
  0.00346872  0.00405646   -0.00348790  0.00001270    0.00155430 -0.00169203
    2    1
  0.00201722 -0.01031039    0.00091891  0.00179186    0.02041499  0.01111594
  0.00655492 -0.00164352   -0.00847420 -0.00563775    0.01862475 -0.00454322
  0.00620149  0.00509436    0.00556290 -0.00258663   -0.00749698 -0.01082126
    2    2
  0.07275468  0.00000000    0.02586886  0.00000000   -0.01621939  0.00000000
  0.02586886  0.00000000    0.06497274  0.00000000   -0.00296930  0.00000000
 -0.01621939  0.00000000   -0.00296930  0.00000000    0.03502670  0.00000000
    2    3
 -0.00201722 -0.01031039   -0.00091891  0.00179186   -0.02041499  0.01111594
 -0.00655492 -0.00164352    0.00847420 -0.00563775   -0.01862475 -0.00454322
 -0.00620149  0.00509436   -0.00556290 -0.00258663    0.00749698 -0.01082126
    3    1
  0.00565783  0.01119761    0.01029044 -0.00214180    0.00346872 -0.00405646
  0.01029044 -0.00214180    0.01235849 -0.00139502   -0.00348790 -0.00001270
  0.00346872 -0.00405646   -0.00348790 -0.00001270    0.00155430  0.00169203
    3    2
 -0.00201722  0.01031039   -0.00655492  0.00164352   -0.00620149 -0.00509436
 -0.00091891 -0.00179186    0.00847420  0.00563775   -0.00556290  0.00258663
 -0.02041499 -0.01111594   -0.01862475  0.00454322    0.00749698  0.01082126
    3    3
  0.03715942 -0.00000000    0.00272321  0.00098926   -0.00158105 -0.00088740
  0.00272321 -0.00098926    0.03559760  0.00000000   -0.00051232 -0.00080872
 -0.00158105  0.00088740   -0.00051232  0.00080872    0.04958790  0.00000000

     Dynamical  Matrix in cartesian axes

     q = (   -0.166666667  -0.481125224   0.000000000 ) 

    1    1
  0.03362969  0.00000000    0.00068532  0.00098926   -0.00034685 -0.00025667
  0.00068532 -0.00098926    0.03912733  0.00000000    0.00162539 -0.00117287
 -0.00034685  0.00025667    0.00162539  0.00117287    0.04958790  0.00000000
    1    2
  0.00908761 -0.00687014    0.00549247  0.00377809    0.00171687  0.00478727
 -0.00014355  0.00034271   -0.00263063 -0.00907800    0.00815209 -0.00311853
  0.00592202  0.00949251    0.02699228 -0.00735507    0.00749698 -0.01082126
    1    3
  0.00177154 -0.00360799    0.00804669  0.00652367    0.00475497  0.00201723
  0.00804669  0.00652367    0.01624478 -0.00619460   -0.00126005 -0.00351935
  0.00475497  0.00201723   -0.00126005 -0.00351935    0.00155430 -0.00169203
    2    1
  0.00908761  0.00687014   -0.00014355 -0.00034271    0.00592202 -0.00949251
  0.00549247 -0.00377809   -0.00263063  0.00907800    0.02699228  0.00735507
  0.00171687 -0.00478727    0.00815209  0.00311853    0.00749698  0.01082126
    2    2
  0.04451513  0.00000000    0.00956475  0.00000000   -0.00553820  0.00000000
  0.00956475  0.00000000    0.09321228  0.00000000    0.01553106  0.00000000
 -0.00553820  0.00000000    0.01553106  0.00000000    0.03502670  0.00000000
    2    3
 -0.00908761  0.00687014    0.00014355 -0.00034271   -0.00592202 -0.00949251
 -0.00549247 -0.00377809    0.00263063  0.00907800   -0.02699228  0.00735507
 -0.00171687 -0.00478727   -0.00815209  0.00311853   -0.00749698  0.01082126
    3    1
  0.00177154  0.00360799    0.00804669 -0.00652367    0.00475497 -0.00201723
  0.00804669 -0.00652367    0.01624478  0.00619460   -0.00126005  0.00351935
  0.00475497 -0.00201723   -0.00126005  0.00351935    0.00155430  0.00169203
    3    2
 -0.00908761 -0.00687014   -0.00549247  0.00377809   -0.00171687  0.00478727
  0.00014355  0.00034271    0.00263063 -0.00907800   -0.00815209 -0.00311853
 -0.00592202  0.00949251   -0.02699228 -0.00735507   -0.00749698 -0.01082126
    3    3
  0.03362969  0.00000000    0.00068532 -0.00098926   -0.00034685  0.00025667
  0.00068532  0.00098926    0.03912733 -0.00000000    0.00162539  0.00117287
 -0.00034685 -0.00025667    0.00162539 -0.00117287    0.04958790  0.00000000

     Dynamical  Matrix in cartesian axes

     q = (   -0.166666667   0.481125224   0.000000000 ) 

    1    1
  0.03362969  0.00000000   -0.00068532  0.00098926    0.00034685 -0.00025667
 -0.00068532 -0.00098926    0.03912733 -0.00000000    0.00162539  0.00117287
  0.00034685  0.00025667    0.00162539 -0.00117287    0.04958790  0.00000000
    1    2
  0.00908761  0.00687014   -0.00549247  0.00377809   -0.00171687  0.00478727
  0.00014355  0.00034271   -0.00263063  0.00907800    0.00815209  0.00311853
 -0.00592202  0.00949251    0.02699228  0.00735507    0.00749698  0.01082126
    1    3
  0.00401038  0.00026979    0.00162632  0.01023048   -0.00063052  0.00512654
  0.00162632  0.01023048    0.01348707 -0.01097109    0.00241782  0.00285091
 -0.00063052  0.00512654    0.00241782  0.00285091    0.00224249 -0.00050005
    2    1
  0.00908761 -0.00687014    0.00014355 -0.00034271   -0.00592202 -0.00949251
 -0.00549247 -0.00377809   -0.00263063 -0.00907800    0.02699228 -0.00735507
 -0.00171687 -0.00478727    0.00815209 -0.00311853    0.00749698 -0.01082126
    2    2
  0.04451513  0.00000000   -0.00956475  0.00000000    0.00553820  0.00000000
 -0.00956475  0.00000000    0.09321228  0.00000000    0.01553106  0.00000000
  0.00553820  0.00000000    0.01553106  0.00000000    0.03502670  0.00000000
    2    3
 -0.01049352  0.00443503   -0.00036857 -0.00004704   -0.00525975 -0.00987487
 -0.00052569 -0.00664566   -0.00654647 -0.00681720   -0.01986582  0.01969846
 -0.00328746 -0.00388048   -0.00677677  0.00550066   -0.01311998  0.00108195
    3    1
  0.00401038 -0.00026979    0.00162632 -0.01023048   -0.00063052 -0.00512654
  0.00162632 -0.01023048    0.01348707  0.01097109    0.00241782 -0.00285091
 -0.00063052 -0.00512654    0.00241782 -0.00285091    0.00224249  0.00050005
    3    2
 -0.01049352 -0.00443503   -0.00052569  0.00664566   -0.00328746  0.00388048
 -0.00036857  0.00004704   -0.00654647  0.00681720   -0.00677677 -0.00550066
 -0.00525975  0.00987487   -0.01986582 -0.01969846   -0.01311998 -0.00108195
    3    3
  0.03362969  0.00000000   -0.00068532 -0.00098926    0.00034685  0.00025667
 -0.00068532  0.00098926    0.03912733  0.00000000    0.00162539 -0.00117287
  0.00034685 -0.00025667    0.00162539  0.00117287    0.04958790  0.00000000

     Dynamical  Matrix in cartesian axes

     q = (    0.500000000   0.096225045   0.000000000 ) 

    1    1
  0.03834643  0.00000000    0.00203789  0.00098926   -0.00123421  0.00114407
  0.00203789 -0.00098926    0.03441059  0.00000000   -0.00111308  0.00036415
 -0.00123421 -0.00114407   -0.00111308 -0.00036415    0.04958790  0.00000000
    1    2
 -0.00714601  0.00110612    0.00156412  0.00324622    0.00422512  0.00670395
  0.00140700  0.00984484   -0.00989398  0.00127605    0.00623541 -0.00061027
  0.01457443  0.02199680    0.01448798  0.00129734   -0.01311998 -0.00108195
    1    3
  0.00970946  0.01702072    0.00491669 -0.00024779   -0.00240915 -0.00009431
  0.00491669 -0.00024779    0.00778799 -0.00631943   -0.00066287  0.00586517
 -0.00240915 -0.00009431   -0.00066287  0.00586517    0.00224249  0.00050005
    2    1
 -0.00714601 -0.00110612    0.00140700 -0.00984484    0.01457443 -0.02199680
  0.00156412 -0.00324622   -0.00989398 -0.00127605    0.01448798 -0.00129734
  0.00422512 -0.00670395    0.00623541  0.00061027   -0.01311998  0.00108195
    2    2
  0.08932131  0.00000000    0.01630411  0.00000000   -0.01068119  0.00000000
  0.01630411  0.00000000    0.04840610  0.00000000   -0.01256175  0.00000000
 -0.01068119  0.00000000   -0.01256175  0.00000000    0.03502670  0.00000000
    2    3
  0.00261508 -0.00674168   -0.00922938 -0.00370392   -0.02633701  0.00162343
 -0.00359337 -0.00026854    0.00384190 -0.00920646   -0.00836752  0.01189829
 -0.00791835  0.00030709   -0.00258920  0.00570516    0.00749698 -0.01082126
    3    1
  0.00970946 -0.01702072    0.00491669  0.00024779   -0.00240915  0.00009431
  0.00491669  0.00024779    0.00778799  0.00631943   -0.00066287 -0.00586517
 -0.00240915  0.00009431   -0.00066287 -0.00586517    0.00224249 -0.00050005
    3    2
  0.00261508  0.00674168   -0.00359337  0.00026854   -0.00791835 -0.00030709
 -0.00922938  0.00370392    0.00384190  0.00920646   -0.00258920 -0.00570516
 -0.02633701 -0.00162343   -0.00836752 -0.01189829    0.00749698  0.01082126
    3    3
  0.03834643 -0.00000000    0.00203789 -0.00098926   -0.00123421 -0.00114407
  0.00203789  0.00098926    0.03441059 -0.00000000   -0.00111308 -0.00036415
 -0.00123421  0.00114407   -0.00111308  0.00036415    0.04958790  0.00000000

     Dynamical  Matrix in cartesian axes

     q = (   -0.333333333   0.384900179   0.000000000 ) 

    1    1
  0.03715942  0.00000000   -0.00272321  0.00098926    0.00158105 -0.00088740
 -0.00272321 -0.00098926    0.03559760  0.00000000   -0.00051232  0.00080872
  0.00158105  0.00088740   -0.00051232 -0.00080872    0.04958790  0.00000000
    1    2
  0.00201722  0.01031039   -0.00655492 -0.00164352   -0.00620149  0.00509436
 -0.00091891  0.00179186   -0.00847420  0.00563775    0.00556290  0.00258663
 -0.02041499  0.01111594    0.01862475  0.00454322   -0.00749698  0.01082126
    1    3
 -0.01252633  0.00069898    0.00329037  0.00998268   -0.00177864  0.00503223
  0.00329037  0.00998268   -0.00497112 -0.01140028    0.00175495  0.00301426
 -0.00177864  0.00503223    0.00175495  0.00301426   -0.00224249 -0.00050005
    2    1
  0.00201722 -0.01031039   -0.00091891 -0.00179186   -0.02041499 -0.01111594
 -0.00655492  0.00164352   -0.00847420 -0.00563775    0.01862475 -0.00454322
 -0.00620149 -0.00509436    0.00556290 -0.00258663   -0.00749698 -0.01082126
    2    2
  0.07275468  0.00000000   -0.02586886  0.00000000    0.01621939  0.00000000
 -0.02586886  0.00000000    0.06497274  0.00000000   -0.00296930  0.00000000
  0.01621939  0.00000000   -0.00296930  0.00000000    0.03502670  0.00000000
    2    3
 -0.00792045  0.00690216   -0.00201125  0.00010013   -0.01983418 -0.01212193
 -0.00185413 -0.00649849   -0.00911953 -0.00452000    0.00537784  0.01840112
 -0.00751259 -0.00282347    0.00054136  0.00611093   -0.01311998 -0.00108195
    3    1
 -0.01252633 -0.00069898    0.00329037 -0.00998268   -0.00177864 -0.00503223
  0.00329037 -0.00998268   -0.00497112  0.01140028    0.00175495 -0.00301426
 -0.00177864 -0.00503223    0.00175495 -0.00301426   -0.00224249  0.00050005
    3    2
 -0.00792045 -0.00690216   -0.00185413  0.00649849   -0.00751259  0.00282347
 -0.00201125 -0.00010013   -0.00911953  0.00452000    0.00054136 -0.00611093
 -0.01983418  0.01212193    0.00537784 -0.01840112   -0.01311998  0.00108195
    3    3
  0.03715942 -0.00000000   -0.00272321 -0.00098926    0.00158105  0.00088740
 -0.00272321  0.00098926    0.03559760 -0.00000000   -0.00051232 -0.00080872
  0.00158105 -0.00088740   -0.00051232  0.00080872    0.04958790  0.00000000

     Dynamical  Matrix in cartesian axes

     q = (    0.500000000  -0.096225045   0.000000000 ) 

    1    1
  0.03834643 -0.00000000   -0.00203789  0.00098926    0.00123421  0.00114407
 -0.00203789 -0.00098926    0.03441059 -0.00000000   -0.00111308 -0.00036415
  0.00123421 -0.00114407   -0.00111308  0.00036415    0.04958790  0.00000000
    1    2
 -0.00714601 -0.00110612   -0.00156412  0.00324622   -0.00422512  0.00670395
 -0.00140700  0.00984484   -0.00989398 -0.00127605    0.00623541  0.00061027
 -0.01457443  0.02199680    0.01448798 -0.00129734   -0.01311998  0.00108195
    1    3
 -0.00970946  0.01702072    0.00491669  0.00024779   -0.00240915  0.00009431
  0.00491669  0.00024779   -0.00778799 -0.00631943    0.00066287  0.00586517
 -0.00240915  0.00009431    0.00066287  0.00586517   -0.00224249  0.00050005
    2    1
 -0.00714601  0.00110612   -0.00140700 -0.00984484   -0.01457443 -0.02199680
 -0.00156412 -0.00324622   -0.00989398  0.00127605    0.01448798  0.00129734
 -0.00422512 -0.00670395    0.00623541 -0.00061027   -0.01311998 -0.00108195
    2    2
  0.08932131  0.00000000   -0.01630411  0.00000000    0.01068119  0.00000000
 -0.01630411  0.00000000    0.04840610  0.00000000   -0.01256175  0.00000000
  0.01068119  0.00000000   -0.01256175  0.00000000    0.03502670  0.00000000
    2    3
 -0.00261508 -0.00674168   -0.00922938  0.00370392   -0.02633701 -0.00162343
 -0.00359337  0.00026854   -0.00384190 -0.00920646    0.00836752  0.01189829
 -0.00791835 -0.00030709    0.00258920  0.00570516   -0.00749698 -0.01082126
    3    1
 -0.00970946 -0.01702072    0.00491669 -0.00024779   -0.00240915 -0.00009431
  0.00491669 -0.00024779   -0.00778799  0.00631943    0.00066287 -0.00586517
 -0.00240915 -0.00009431    0.00066287 -0.00586517   -0.00224249 -0.00050005
    3    2
 -0.00261508  0.00674168   -0.00359337 -0.00026854   -0.00791835  0.00030709
 -0.00922938 -0.00370392   -0.00384190  0.00920646    0.00258920 -0.00570516
 -0.02633701  0.00162343    0.00836752 -0.01189829   -0.00749698  0.01082126
    3    3
  0.03834643  0.00000000   -0.00203789 -0.00098926    0.00123421 -0.00114407
 -0.00203789  0.00098926    0.03441059  0.00000000   -0.00111308  0.00036415
  0.00123421  0.00114407   -0.00111308 -0.00036415    0.04958790  0.00000000

     Dynamical  Matrix in cartesian axes

     q = (   -0.333333333  -0.384900179   0.000000000 ) 

    1    1
  0.03715942 -0.00000000    0.00272321  0.00098926   -0.00158105 -0.00088740
  0.00272321 -0.00098926    0.03559760  0.00000000   -0.00051232 -0.00080872
 -0.00158105  0.00088740   -0.00051232  0.00080872    0.04958790  0.00000000
    1    2
  0.00201722 -0.01031039    0.00655492 -0.00164352    0.00620149  0.00509436
  0.00091891  0.00179186   -0.00847420 -0.00563775    0.00556290 -0.00258663
  0.02041499  0.01111594    0.01862475 -0.00454322   -0.00749698 -0.01082126
    1    3
  0.00565783  0.01119761    0.01029044 -0.00214180    0.00346872 -0.00405646
  0.01029044 -0.00214180    0.01235849 -0.00139502   -0.00348790 -0.00001270
  0.00346872 -0.00405646   -0.00348790 -0.00001270    0.00155430  0.00169203
    2    1
  0.00201722  0.01031039    0.00091891 -0.00179186    0.02041499 -0.01111594
  0.00655492  0.00164352   -0.00847420  0.00563775    0.01862475  0.00454322
  0.00620149 -0.00509436    0.00556290  0.00258663   -0.00749698  0.01082126
    2    2
  0.07275468  0.00000000    0.02586886  0.00000000   -0.01621939  0.00000000
  0.02586886  0.00000000    0.06497274  0.00000000   -0.00296930  0.00000000
 -0.01621939  0.00000000   -0.00296930  0.00000000    0.03502670  0.00000000
    2    3
 -0.00201722  0.01031039   -0.00091891 -0.00179186   -0.02041499 -0.01111594
 -0.00655492  0.00164352    0.00847420  0.00563775   -0.01862475  0.00454322
 -0.00620149 -0.00509436   -0.00556290  0.00258663    0.00749698  0.01082126
    3    1
  0.00565783 -0.01119761    0.01029044  0.00214180    0.00346872  0.00405646
  0.01029044  0.00214180    0.01235849  0.00139502   -0.00348790  0.00001270
  0.00346872  0.00405646   -0.00348790  0.00001270    0.00155430 -0.00169203
    3    2
 -0.00201722 -0.01031039   -0.00655492 -0.00164352   -0.00620149  0.00509436
 -0.00091891  0.00179186    0.00847420 -0.00563775   -0.00556290 -0.00258663
 -0.02041499  0.01111594   -0.01862475 -0.00454322    0.00749698 -0.01082126
    3    3
  0.03715942  0.00000000    0.00272321 -0.00098926   -0.00158105  0.00088740
  0.00272321  0.00098926    0.03559760 -0.00000000   -0.00051232  0.00080872
 -0.00158105 -0.00088740   -0.00051232 -0.00080872    0.04958790  0.00000000

     Diagonalizing the dynamical matrix

     q = (    0.166666667   0.481125224   0.000000000 ) 

 **************************************************************************
     freq (    1) =       0.627698 [THz] =      20.937747 [cm-1]
 (  0.257406 -0.061740  0.116488  0.429643 -0.109610  0.234719 ) 
 (  0.029162  0.045804 -0.033796 -0.053082 -0.304953 -0.478974 ) 
 (  0.164855 -0.207105 -0.339999 -0.287338 -0.259051  0.000000 ) 
     freq (    2) =       1.010191 [THz] =      33.696339 [cm-1]
 (  0.445148 -0.208551 -0.047391 -0.132065 -0.075928 -0.169457 ) 
 ( -0.338898  0.523211  0.033367 -0.051514 -0.068755  0.106148 ) 
 ( -0.008300  0.491509 -0.139898  0.010753 -0.185690  0.000000 ) 
     freq (    3) =       1.253483 [THz] =      41.811682 [cm-1]
 ( -0.162259  0.080161  0.240493 -0.069268 -0.480174 -0.136602 ) 
 ( -0.004805 -0.000670  0.533530  0.074414 -0.141985 -0.019803 ) 
 (  0.134133  0.121500 -0.212361 -0.132430  0.499227  0.000000 ) 
     freq (    4) =       1.590649 [THz] =      53.058339 [cm-1]
 ( -0.254746 -0.103652 -0.389756 -0.323022  0.032718  0.099759 ) 
 ( -0.118391 -0.085767  0.090682  0.065693 -0.428719 -0.310580 ) 
 (  0.177879  0.209757  0.428400  0.269679 -0.104987  0.000000 ) 
     freq (    5) =       1.851224 [THz] =      61.750181 [cm-1]
 (  0.376193 -0.302321 -0.307948  0.050221  0.228961  0.065459 ) 
 (  0.063160 -0.450691 -0.001445  0.010308 -0.019037  0.135845 ) 
 (  0.278598  0.394085 -0.282280 -0.132936  0.238135  0.000000 ) 
     freq (    6) =       2.040290 [THz] =      68.056755 [cm-1]
 (  0.534083 -0.316394 -0.173117 -0.206671 -0.112364 -0.137914 ) 
 (  0.011349  0.005392  0.128737  0.061168 -0.011838 -0.005625 ) 
 ( -0.092060 -0.613901  0.269571  0.003669  0.177893  0.000000 ) 
     freq (    7) =       2.344296 [THz] =      78.197304 [cm-1]
 ( -0.116885  0.097293 -0.254630 -0.047188  0.567662  0.128466 ) 
 ( -0.035165  0.314706 -0.001432  0.012812  0.022673 -0.202910 ) 
 ( -0.092527 -0.120693 -0.258766 -0.010179  0.582017  0.000000 ) 
     freq (    8) =       2.418151 [THz] =      80.660831 [cm-1]
 (  0.222043 -0.029567  0.236654  0.504829 -0.061925  0.363707 ) 
 ( -0.047409  0.040020 -0.030132  0.025435  0.013058 -0.011022 ) 
 ( -0.066417  0.213930  0.457945  0.318030  0.368941  0.000000 ) 
     freq (    9) =       2.889227 [THz] =      96.374226 [cm-1]
 ( -0.068978 -0.024913  0.074269 -0.168424 -0.384055 -0.276507 ) 
 ( -0.085314 -0.027517 -0.624580 -0.201449 -0.177671 -0.057305 ) 
 (  0.070535  0.020085  0.038135 -0.180078  0.473239  0.000000 ) 
 **************************************************************************
