Dynamical matrix file
                                                                           
  2    3  0  8.7774652  0.0000000  0.0000000  0.0000000  0.0000000  0.0000000
Basis vectors
      1.000000000    0.000000000    0.000000000
     -0.500000000    0.866025404    0.000000000
      0.000000000    0.000000000    5.145885287
           1  'I   '    115666.375825675     
           2  'Pb  '    188851.246969807     
    1    1      0.5000000000      0.2886751346      2.9770044863
    2    2      0.5000000000      0.8660254038      2.5729426437
    3    1     -0.0000000000      0.5773502692      2.1688808012

     Dynamical  Matrix in cartesian axes

     q = (    0.166666667   0.288675135   0.000000000 ) 

    1    1
  0.03480487 -0.00000000    0.00341923 -0.00286849   -0.00129464  0.00107564
  0.00341923  0.00286849    0.03875305  0.00000000    0.00074746  0.00186307
 -0.00129464 -0.00107564    0.00074746 -0.00186307    0.05328558  0.00000000
    1    2
 -0.00256391  0.01637951    0.00440238  0.00944348    0.00732890 -0.00276024
 -0.00441014  0.00435557   -0.01635400  0.01638727    0.00570245  0.00732890
  0.01358614 -0.00084770    0.01484023  0.01358614   -0.01444485  0.02501921
    1    3
 -0.00255381  0.00202580    0.01059722  0.00116960    0.00412445  0.00386005
  0.01059722  0.00116960    0.00968280 -0.00202580   -0.00238125  0.00668580
  0.00412445  0.00386005   -0.00238125  0.00668580   -0.00236946  0.00000000
    2    1
 -0.00256391 -0.01637951   -0.00441014 -0.00435557    0.01358614  0.00084770
  0.00440238 -0.00944348   -0.01635400 -0.01638727    0.01484023 -0.01358614
  0.00732890  0.00276024    0.00570245 -0.00732890   -0.01444485 -0.02501921
    2    2
  0.04888864  0.00000000    0.02714593  0.00000000   -0.01224436  0.00000000
  0.02714593  0.00000000    0.08023407  0.00000000    0.00706928  0.00000000
 -0.01224436  0.00000000    0.00706928  0.00000000    0.06301088  0.00000000
    2    3
 -0.01290311 -0.01041016   -0.00156697 -0.00599708   -0.00605894  0.01218980
 -0.01037948 -0.00090917   -0.00601480 -0.02235661   -0.01918606  0.00605894
 -0.00127401  0.00772714   -0.00919824  0.00127401   -0.01444485 -0.02501921
    3    1
 -0.00255381 -0.00202580    0.01059722 -0.00116960    0.00412445 -0.00386005
  0.01059722 -0.00116960    0.00968280  0.00202580   -0.00238125 -0.00668580
  0.00412445 -0.00386005   -0.00238125 -0.00668580   -0.00236946 -0.00000000
    3    2
 -0.01290311  0.01041016   -0.01037948  0.00090917   -0.00127401 -0.00772714
 -0.00156697  0.00599708   -0.00601480  0.02235661   -0.00919824 -0.00127401
 -0.00605894 -0.01218980   -0.01918606 -0.00605894   -0.01444485  0.02501921
    3    3
  0.03480487  0.00000000    0.00341923  0.00286849   -0.00129464 -0.00107564
  0.00341923 -0.00286849    0.03875305 -0.00000000    0.00074746 -0.00186307
 -0.00129464  0.00107564    0.00074746  0.00186307    0.05328558  0.00000000

     Dynamical  Matrix in cartesian axes

     q = (   -0.333333333  -0.000000000   0.000000000 ) 

    1    1
  0.04072714  0.00000000    0.00000000 -0.00286849    0.00000000 -0.00215129
  0.00000000  0.00286849    0.03283077  0.00000000   -0.00149492 -0.00000000
  0.00000000  0.00215129   -0.00149492  0.00000000    0.05328558  0.00000000
    1    2
 -0.02581968  0.00000000   -0.00000000 -0.00180489   -0.00000000 -0.00993379
 -0.00000000 -0.01198071   -0.01201614  0.00000000    0.00699158 -0.00000000
 -0.00000000 -0.02268419    0.00869166 -0.00000000   -0.02888969  0.00000000
    1    3
  0.00790055 -0.01368416   -0.00202580 -0.00116960   -0.00668580 -0.00386005
 -0.00202580 -0.00116960   -0.00433606  0.00751028    0.00238125 -0.00412445
 -0.00668580 -0.00386005    0.00238125 -0.00412445   -0.00118473  0.00205201
    2    1
 -0.02581968 -0.00000000   -0.00000000  0.01198071   -0.00000000  0.02268419
 -0.00000000  0.00180489   -0.01201614 -0.00000000    0.00869166  0.00000000
 -0.00000000  0.00993379    0.00699158  0.00000000   -0.02888969 -0.00000000
    2    2
  0.09590678  0.00000000    0.00000000  0.00000000    0.00000000  0.00000000
  0.00000000  0.00000000    0.03321593  0.00000000   -0.01413857  0.00000000
  0.00000000  0.00000000   -0.01413857  0.00000000    0.06301088  0.00000000
    2    3
 -0.01290984  0.02236050   -0.01037560 -0.00599036   -0.01964509 -0.01134210
 -0.00156308 -0.00090245   -0.00600807  0.01040628    0.00434583 -0.00752720
 -0.00860292 -0.00496690    0.00349579 -0.00605489   -0.01444485  0.02501921
    3    1
  0.00790055  0.01368416   -0.00202580  0.00116960   -0.00668580  0.00386005
 -0.00202580  0.00116960   -0.00433606 -0.00751028    0.00238125  0.00412445
 -0.00668580  0.00386005    0.00238125  0.00412445   -0.00118473 -0.00205201
    3    2
 -0.01290984 -0.02236050   -0.00156308  0.00090245   -0.00860292  0.00496690
 -0.01037560  0.00599036   -0.00600807 -0.01040628    0.00349579  0.00605489
 -0.01964509  0.01134210    0.00434583  0.00752720   -0.01444485 -0.02501921
    3    3
  0.04072714  0.00000000    0.00000000  0.00286849    0.00000000  0.00215129
  0.00000000 -0.00286849    0.03283077 -0.00000000   -0.00149492  0.00000000
  0.00000000 -0.00215129   -0.00149492 -0.00000000    0.05328558  0.00000000

     Dynamical  Matrix in cartesian axes

     q = (    0.166666667  -0.288675135   0.000000000 ) 

    1    1
  0.03480487  0.00000000   -0.00341923 -0.00286849    0.00129464  0.00107564
 -0.00341923  0.00286849    0.03875305  0.00000000    0.00074746 -0.00186307
  0.00129464 -0.00107564    0.00074746  0.00186307    0.05328558  0.00000000
    1    2
 -0.00256391 -0.01637951   -0.00440238  0.00944348   -0.00732890 -0.00276024
  0.00441014  0.00435557   -0.01635400 -0.01638727    0.00570245 -0.00732890
 -0.01358614 -0.00084770    0.01484023 -0.01358614   -0.01444485 -0.02501921
    1    3
  0.00047749 -0.00322457   -0.00631151 -0.00859266   -0.00540513 -0.00164186
 -0.00631151 -0.00859266    0.00308700  0.00939845    0.00459945 -0.00540513
 -0.00540513 -0.00164186    0.00459945 -0.00540513   -0.00118473 -0.00205201
    2    1
 -0.00256391  0.01637951    0.00441014 -0.00435557   -0.01358614  0.00084770
 -0.00440238 -0.00944348   -0.01635400  0.01638727    0.01484023  0.01358614
 -0.00732890  0.00276024    0.00570245  0.00732890   -0.01444485  0.02501921
    2    2
  0.04888864  0.00000000   -0.02714593  0.00000000    0.01224436  0.00000000
 -0.02714593  0.00000000    0.08023407  0.00000000    0.00706928  0.00000000
  0.01224436  0.00000000    0.00706928  0.00000000    0.06301088  0.00000000
    2    3
 -0.01546702 -0.00596934    0.00597711 -0.00164151   -0.00752720  0.01134210
  0.00597711  0.00853431   -0.02236879  0.00596934   -0.00434583 -0.01964509
 -0.00605489  0.00496690   -0.00349579 -0.00860292   -0.02888969  0.00000000
    3    1
  0.00047749  0.00322457   -0.00631151  0.00859266   -0.00540513  0.00164186
 -0.00631151  0.00859266    0.00308700 -0.00939845    0.00459945  0.00540513
 -0.00540513  0.00164186    0.00459945  0.00540513   -0.00118473  0.00205201
    3    2
 -0.01546702  0.00596934    0.00597711 -0.00853431   -0.00605489 -0.00496690
  0.00597711  0.00164151   -0.02236879 -0.00596934   -0.00349579  0.00860292
 -0.00752720 -0.01134210   -0.00434583  0.01964509   -0.02888969 -0.00000000
    3    3
  0.03480487 -0.00000000   -0.00341923  0.00286849    0.00129464 -0.00107564
 -0.00341923 -0.00286849    0.03875305 -0.00000000    0.00074746  0.00186307
  0.00129464  0.00107564    0.00074746 -0.00186307    0.05328558  0.00000000

     Dynamical  Matrix in cartesian axes

     q = (   -0.166666667  -0.288675135   0.000000000 ) 

    1    1
  0.03480487  0.00000000    0.00341923  0.00286849   -0.00129464 -0.00107564
  0.00341923 -0.00286849    0.03875305 -0.00000000    0.00074746 -0.00186307
 -0.00129464  0.00107564    0.00074746  0.00186307    0.05328558  0.00000000
    1    2
 -0.00256391 -0.01637951    0.00440238 -0.00944348    0.00732890  0.00276024
 -0.00441014 -0.00435557   -0.01635400 -0.01638727    0.00570245 -0.00732890
  0.01358614  0.00084770    0.01484023 -0.01358614   -0.01444485 -0.02501921
    1    3
 -0.00255381 -0.00202580    0.01059722 -0.00116960    0.00412445 -0.00386005
  0.01059722 -0.00116960    0.00968280  0.00202580   -0.00238125 -0.00668580
  0.00412445 -0.00386005   -0.00238125 -0.00668580   -0.00236946 -0.00000000
    2    1
 -0.00256391  0.01637951   -0.00441014  0.00435557    0.01358614 -0.00084770
  0.00440238  0.00944348   -0.01635400  0.01638727    0.01484023  0.01358614
  0.00732890 -0.00276024    0.00570245  0.00732890   -0.01444485  0.02501921
    2    2
  0.04888864  0.00000000    0.02714593  0.00000000   -0.01224436  0.00000000
  0.02714593  0.00000000    0.08023407  0.00000000    0.00706928  0.00000000
 -0.01224436  0.00000000    0.00706928  0.00000000    0.06301088  0.00000000
    2    3
 -0.01290311  0.01041016   -0.00156697  0.00599708   -0.00605894 -0.01218980
 -0.01037948  0.00090917   -0.00601480  0.02235661   -0.01918606 -0.00605894
 -0.00127401 -0.00772714   -0.00919824 -0.00127401   -0.01444485  0.02501921
    3    1
 -0.00255381  0.00202580    0.01059722  0.00116960    0.00412445  0.00386005
  0.01059722  0.00116960    0.00968280 -0.00202580   -0.00238125  0.00668580
  0.00412445  0.00386005   -0.00238125  0.00668580   -0.00236946  0.00000000
    3    2
 -0.01290311 -0.01041016   -0.01037948 -0.00090917   -0.00127401  0.00772714
 -0.00156697 -0.00599708   -0.00601480 -0.02235661   -0.00919824  0.00127401
 -0.00605894  0.01218980   -0.01918606  0.00605894   -0.01444485 -0.02501921
    3    3
  0.03480487 -0.00000000    0.00341923 -0.00286849   -0.00129464  0.00107564
  0.00341923  0.00286849    0.03875305  0.00000000    0.00074746  0.00186307
 -0.00129464 -0.00107564    0.00074746 -0.00186307    0.05328558  0.00000000

     Dynamical  Matrix in cartesian axes

     q = (   -0.166666667   0.288675135   0.000000000 ) 

    1    1
  0.03480487 -0.00000000   -0.00341923  0.00286849    0.00129464 -0.00107564
 -0.00341923 -0.00286849    0.03875305 -0.00000000    0.00074746  0.00186307
  0.00129464  0.00107564    0.00074746 -0.00186307    0.05328558  0.00000000
    1    2
 -0.00256391  0.01637951   -0.00440238 -0.00944348   -0.00732890  0.00276024
  0.00441014 -0.00435557   -0.01635400  0.01638727    0.00570245  0.00732890
 -0.01358614  0.00084770    0.01484023  0.01358614   -0.01444485  0.02501921
    1    3
  0.00047749  0.00322457   -0.00631151  0.00859266   -0.00540513  0.00164186
 -0.00631151  0.00859266    0.00308700 -0.00939845    0.00459945  0.00540513
 -0.00540513  0.00164186    0.00459945  0.00540513   -0.00118473  0.00205201
    2    1
 -0.00256391 -0.01637951    0.00441014  0.00435557   -0.01358614 -0.00084770
 -0.00440238  0.00944348   -0.01635400 -0.01638727    0.01484023 -0.01358614
 -0.00732890 -0.00276024    0.00570245 -0.00732890   -0.01444485 -0.02501921
    2    2
  0.04888864  0.00000000   -0.02714593  0.00000000    0.01224436  0.00000000
 -0.02714593  0.00000000    0.08023407  0.00000000    0.00706928  0.00000000
  0.01224436  0.00000000    0.00706928  0.00000000    0.06301088  0.00000000
    2    3
 -0.01546702  0.00596934    0.00597711  0.00164151   -0.00752720 -0.01134210
  0.00597711 -0.00853431   -0.02236879 -0.00596934   -0.00434583  0.01964509
 -0.00605489 -0.00496690   -0.00349579  0.00860292   -0.02888969 -0.00000000
    3    1
  0.00047749 -0.00322457   -0.00631151 -0.00859266   -0.00540513 -0.00164186
 -0.00631151 -0.00859266    0.00308700  0.00939845    0.00459945 -0.00540513
 -0.00540513 -0.00164186    0.00459945 -0.00540513   -0.00118473 -0.00205201
    3    2
 -0.01546702 -0.00596934    0.00597711  0.00853431   -0.00605489  0.00496690
  0.00597711 -0.00164151   -0.02236879  0.00596934   -0.00349579 -0.00860292
 -0.00752720  0.01134210   -0.00434583 -0.01964509   -0.02888969  0.00000000
    3    3
  0.03480487  0.00000000   -0.00341923 -0.00286849    0.00129464  0.00107564
 -0.00341923  0.00286849    0.03875305  0.00000000    0.00074746 -0.00186307
  0.00129464 -0.00107564    0.00074746  0.00186307    0.05328558  0.00000000

     Dynamical  Matrix in cartesian axes

     q = (    0.333333333   0.000000000   0.000000000 ) 

    1    1
  0.04072714  0.00000000    0.00000000  0.00286849    0.00000000  0.00215129
  0.00000000 -0.00286849    0.03283077 -0.00000000   -0.00149492  0.00000000
  0.00000000 -0.00215129   -0.00149492 -0.00000000    0.05328558  0.00000000
    1    2
 -0.02581968 -0.00000000   -0.00000000  0.00180489   -0.00000000  0.00993379
 -0.00000000  0.01198071   -0.01201614 -0.00000000    0.00699158  0.00000000
 -0.00000000  0.02268419    0.00869166  0.00000000   -0.02888969 -0.00000000
    1    3
  0.00790055  0.01368416   -0.00202580  0.00116960   -0.00668580  0.00386005
 -0.00202580  0.00116960   -0.00433606 -0.00751028    0.00238125  0.00412445
 -0.00668580  0.00386005    0.00238125  0.00412445   -0.00118473 -0.00205201
    2    1
 -0.02581968  0.00000000   -0.00000000 -0.01198071   -0.00000000 -0.02268419
 -0.00000000 -0.00180489   -0.01201614  0.00000000    0.00869166 -0.00000000
 -0.00000000 -0.00993379    0.00699158 -0.00000000   -0.02888969  0.00000000
    2    2
  0.09590678  0.00000000    0.00000000  0.00000000    0.00000000  0.00000000
  0.00000000  0.00000000    0.03321593  0.00000000   -0.01413857  0.00000000
  0.00000000  0.00000000   -0.01413857  0.00000000    0.06301088  0.00000000
    2    3
 -0.01290984 -0.02236050   -0.01037560  0.00599036   -0.01964509  0.01134210
 -0.00156308  0.00090245   -0.00600807 -0.01040628    0.00434583  0.00752720
 -0.00860292  0.00496690    0.00349579  0.00605489   -0.01444485 -0.02501921
    3    1
  0.00790055 -0.01368416   -0.00202580 -0.00116960   -0.00668580 -0.00386005
 -0.00202580 -0.00116960   -0.00433606  0.00751028    0.00238125 -0.00412445
 -0.00668580 -0.00386005    0.00238125 -0.00412445   -0.00118473  0.00205201
    3    2
 -0.01290984  0.02236050   -0.00156308 -0.00090245   -0.00860292 -0.00496690
 -0.01037560 -0.00599036   -0.00600807  0.01040628    0.00349579 -0.00605489
 -0.01964509 -0.01134210    0.00434583 -0.00752720   -0.01444485  0.02501921
    3    3
  0.04072714  0.00000000    0.00000000 -0.00286849    0.00000000 -0.00215129
  0.00000000  0.00286849    0.03283077  0.00000000   -0.00149492 -0.00000000
  0.00000000  0.00215129   -0.00149492  0.00000000    0.05328558  0.00000000

     Diagonalizing the dynamical matrix

     q = (    0.166666667   0.288675135   0.000000000 ) 

 **************************************************************************
     freq (    1) =       0.387885 [THz] =      12.938447 [cm-1]
 ( -0.177207 -0.178010  0.102310 -0.308322  0.422016 -0.000000 ) 
 ( -0.046557 -0.080640  0.026880  0.046557  0.271572  0.470377 ) 
 ( -0.177207  0.178010  0.102310  0.308322  0.422016  0.000000 ) 
     freq (    2) =       0.790131 [THz] =      26.355942 [cm-1]
 ( -0.402476  0.132588  0.232369  0.229649  0.010528 -0.000000 ) 
 ( -0.276628 -0.479134  0.159711  0.276628 -0.069017 -0.119541 ) 
 ( -0.402476 -0.132588  0.232369 -0.229649  0.010528  0.000000 ) 
     freq (    3) =       1.042968 [THz] =      34.789652 [cm-1]
 (  0.252115  0.178992 -0.145558  0.310023  0.369423 -0.000000 ) 
 ( -0.237664  0.137215 -0.411646  0.237664 -0.000000  0.000000 ) 
 ( -0.252115  0.178992  0.145558  0.310023 -0.369423  0.000000 ) 
     freq (    4) =       1.644778 [THz] =      54.863893 [cm-1]
 (  0.324478 -0.222012 -0.187338 -0.384536 -0.013229 -0.000000 ) 
 ( -0.217159 -0.376131  0.125377  0.217159 -0.135150 -0.234087 ) 
 (  0.324478  0.222012 -0.187338  0.384536 -0.013229  0.000000 ) 
     freq (    5) =       1.961606 [THz] =      65.432146 [cm-1]
 ( -0.371862 -0.215371  0.214695 -0.373033 -0.286360  0.000000 ) 
 (  0.089898  0.155708 -0.051903 -0.089898 -0.115181 -0.199499 ) 
 ( -0.371862  0.215371  0.214695  0.373033 -0.286360  0.000000 ) 
     freq (    6) =       2.031219 [THz] =      67.754184 [cm-1]
 ( -0.545176  0.152972  0.314758  0.264955  0.049489  0.000000 ) 
 ( -0.053593  0.030942 -0.092826  0.053593 -0.000000  0.000000 ) 
 (  0.545176  0.152972 -0.314758  0.264955 -0.049489  0.000000 ) 
     freq (    7) =       2.420916 [THz] =      80.753069 [cm-1]
 (  0.138172  0.204655 -0.079773  0.354473 -0.553782  0.000000 ) 
 ( -0.011217  0.006476 -0.019428  0.011217  0.000000 -0.000000 ) 
 ( -0.138172  0.204655  0.079773  0.354473  0.553782  0.000000 ) 
     freq (    8) =       2.746636 [THz] =      91.617926 [cm-1]
 ( -0.064848  0.002621  0.037440  0.004540  0.574554 -0.000000 ) 
 (  0.085418  0.147948 -0.049316 -0.085418 -0.269069 -0.466041 ) 
 ( -0.064848 -0.002621  0.037440 -0.004540  0.574554  0.000000 ) 
     freq (    9) =       2.966913 [THz] =      98.965561 [cm-1]
 ( -0.102153 -0.205501  0.058978 -0.355938 -0.312459  0.000000 ) 
 ( -0.286924  0.165655 -0.496966  0.286924  0.000000 -0.000000 ) 
 (  0.102153 -0.205501 -0.058978 -0.355938  0.312459  0.000000 ) 
 **************************************************************************
