Dynamical matrix file
                                                                           
  2    3  0  8.7774652  0.0000000  0.0000000  0.0000000  0.0000000  0.0000000
Basis vectors
      1.000000000    0.000000000    0.000000000
     -0.500000000    0.866025404    0.000000000
      0.000000000    0.000000000    5.145885287
           1  'I   '    115666.375825675     
           2  'Pb  '    188851.246969807     
    1    1      0.5000000000      0.2886751346      2.9770044863
    2    2      0.5000000000      0.8660254038      2.5729426437
    3    1     -0.0000000000      0.5773502692      2.1688808012

     Dynamical  Matrix in cartesian axes

     q = (    0.000000000   0.384900179   0.000000000 ) 

    1    1
  0.03043049  0.00000000    0.00000000  0.00000000    0.00000000  0.00000000
  0.00000000  0.00000000    0.04171584  0.00000000    0.00257773  0.00224459
  0.00000000  0.00000000    0.00257773 -0.00224459    0.05220562  0.00000000
    1    2
  0.00288779  0.00949543    0.00000000  0.00000000    0.00000000  0.00000000
  0.00000000  0.00000000   -0.00949660  0.02064412    0.00864655  0.00746208
  0.00000000  0.00000000    0.02309440  0.01647584    0.00199834  0.02423273
    1    3
  0.00691869  0.01230075    0.00000000  0.00000000    0.00000000  0.00000000
  0.00000000  0.00000000    0.01681170 -0.00285436    0.00223381  0.00761679
  0.00000000  0.00000000    0.00223381  0.00761679    0.00061267  0.00242216
    2    1
  0.00288779 -0.00949543    0.00000000 -0.00000000    0.00000000  0.00000000
  0.00000000 -0.00000000   -0.00949660 -0.02064412    0.02309440 -0.01647584
  0.00000000  0.00000000    0.00864655 -0.00746208    0.00199834 -0.02423273
    2    2
  0.02742838  0.00000000    0.00000000  0.00000000    0.00000000  0.00000000
  0.00000000  0.00000000    0.10067074  0.00000000    0.01870297  0.00000000
  0.00000000  0.00000000    0.01870297  0.00000000    0.05327721  0.00000000
    2    3
 -0.00966718 -0.00224681   -0.00000000 -0.00000000    0.00000000  0.00000000
 -0.00000000 -0.00000000   -0.01313003 -0.01854635   -0.02581570  0.01176241
  0.00000000  0.00000000   -0.01078562  0.00375709   -0.02198533 -0.01038575
    3    1
  0.00691869 -0.01230075    0.00000000 -0.00000000    0.00000000  0.00000000
  0.00000000 -0.00000000    0.01681170  0.00285436    0.00223381 -0.00761679
  0.00000000  0.00000000    0.00223381 -0.00761679    0.00061267 -0.00242216
    3    2
 -0.00966718  0.00224681   -0.00000000  0.00000000    0.00000000  0.00000000
 -0.00000000  0.00000000   -0.01313003  0.01854635   -0.01078562 -0.00375709
  0.00000000  0.00000000   -0.02581570 -0.01176241   -0.02198533  0.01038575
    3    3
  0.03043049  0.00000000    0.00000000  0.00000000    0.00000000  0.00000000
  0.00000000  0.00000000    0.04171584  0.00000000    0.00257773 -0.00224459
  0.00000000  0.00000000    0.00257773  0.00224459    0.05220562  0.00000000

     Dynamical  Matrix in cartesian axes

     q = (   -0.333333333  -0.192450090   0.000000000 ) 

    1    1
  0.03889450  0.00000000    0.00488670  0.00000000   -0.00223238 -0.00194387
  0.00488670  0.00000000    0.03325183  0.00000000   -0.00128886 -0.00112229
 -0.00223238  0.00194387   -0.00128886  0.00112229    0.05220562  0.00000000
    1    2
 -0.01226432 -0.01447147   -0.00149946 -0.00705791    0.00934062 -0.00325374
 -0.00149946 -0.00705791   -0.01053289 -0.00632170    0.00539281 -0.00187855
  0.02235705 -0.01018655    0.01290785 -0.00588121   -0.02198533 -0.01038575
    1    3
  0.01433845  0.00093442    0.00428380 -0.00656235   -0.00193453 -0.00659634
  0.00428380 -0.00656235    0.00939194  0.00851197   -0.00111690 -0.00380840
 -0.00193453 -0.00659634   -0.00111690 -0.00380840    0.00061267  0.00242216
    2    1
 -0.01226432  0.01447147   -0.00149946  0.00705791    0.02235705  0.01018655
 -0.00149946  0.00705791   -0.01053289  0.00632170    0.01290785  0.00588121
  0.00934062  0.00325374    0.00539281  0.00187855   -0.02198533  0.01038575
    2    2
  0.08236015  0.00000000    0.03171487  0.00000000   -0.01619725  0.00000000
  0.03171487  0.00000000    0.04573897  0.00000000   -0.00935149  0.00000000
 -0.01619725  0.00000000   -0.00935149  0.00000000    0.05327721  0.00000000
    2    3
 -0.00640050  0.01785694   -0.00536260  0.00482752   -0.02000033 -0.01426850
 -0.00536260  0.00482752   -0.00020830  0.01228260   -0.01154720 -0.00823792
 -0.00748813 -0.00646235   -0.00432327 -0.00373104    0.00199834  0.02423273
    3    1
  0.01433845 -0.00093442    0.00428380  0.00656235   -0.00193453  0.00659634
  0.00428380  0.00656235    0.00939194 -0.00851197   -0.00111690  0.00380840
 -0.00193453  0.00659634   -0.00111690  0.00380840    0.00061267 -0.00242216
    3    2
 -0.00640050 -0.01785694   -0.00536260 -0.00482752   -0.00748813  0.00646235
 -0.00536260 -0.00482752   -0.00020830 -0.01228260   -0.00432327  0.00373104
 -0.02000033  0.01426850   -0.01154720  0.00823792    0.00199834 -0.02423273
    3    3
  0.03889450  0.00000000    0.00488670  0.00000000   -0.00223238  0.00194387
  0.00488670  0.00000000    0.03325183  0.00000000   -0.00128886  0.00112229
 -0.00223238 -0.00194387   -0.00128886 -0.00112229    0.05220562  0.00000000

     Dynamical  Matrix in cartesian axes

     q = (    0.333333333  -0.192450090   0.000000000 ) 

    1    1
  0.03889450  0.00000000   -0.00488670  0.00000000    0.00223238  0.00194387
 -0.00488670  0.00000000    0.03325183  0.00000000   -0.00128886 -0.00112229
  0.00223238 -0.00194387   -0.00128886  0.00112229    0.05220562  0.00000000
    1    2
 -0.01226432 -0.01447147    0.00149946  0.00705791   -0.00934062  0.00325374
  0.00149946  0.00705791   -0.01053289 -0.00632170    0.00539281 -0.00187855
 -0.02235705  0.01018655    0.01290785 -0.00588121   -0.02198533 -0.01038575
    1    3
 -0.00797845  0.01195025   -0.00354126 -0.00699106   -0.00667986 -0.00162281
 -0.00354126 -0.00699106   -0.01206755  0.00387768    0.00385662  0.00093693
 -0.00667986 -0.00162281    0.00385662  0.00093693   -0.00240399 -0.00068049
    2    1
 -0.01226432  0.01447147    0.00149946 -0.00705791   -0.02235705 -0.01018655
  0.00149946 -0.00705791   -0.01053289  0.00632170    0.01290785  0.00588121
 -0.00934062 -0.00325374    0.00539281  0.00187855   -0.02198533  0.01038575
    2    2
  0.08236015  0.00000000   -0.03171487  0.00000000    0.01619725  0.00000000
 -0.03171487  0.00000000    0.04573897  0.00000000   -0.00935149  0.00000000
  0.01619725  0.00000000   -0.00935149  0.00000000    0.05327721  0.00000000
    2    3
 -0.01226432 -0.01447147    0.00149946  0.00705791   -0.02235705  0.01018655
  0.00149946  0.00705791   -0.01053289 -0.00632170    0.01290785 -0.00588121
 -0.00934062  0.00325374    0.00539281 -0.00187855   -0.02198533 -0.01038575
    3    1
 -0.00797845 -0.01195025   -0.00354126  0.00699106   -0.00667986  0.00162281
 -0.00354126  0.00699106   -0.01206755 -0.00387768    0.00385662 -0.00093693
 -0.00667986  0.00162281    0.00385662 -0.00093693   -0.00240399  0.00068049
    3    2
 -0.01226432  0.01447147    0.00149946 -0.00705791   -0.00934062 -0.00325374
  0.00149946 -0.00705791   -0.01053289  0.00632170    0.00539281  0.00187855
 -0.02235705 -0.01018655    0.01290785  0.00588121   -0.02198533  0.01038575
    3    3
  0.03889450  0.00000000   -0.00488670  0.00000000    0.00223238 -0.00194387
 -0.00488670  0.00000000    0.03325183  0.00000000   -0.00128886  0.00112229
  0.00223238  0.00194387   -0.00128886 -0.00112229    0.05220562  0.00000000

     Dynamical  Matrix in cartesian axes

     q = (   -0.333333333   0.192450090   0.000000000 ) 

    1    1
  0.03889450  0.00000000   -0.00488670  0.00000000    0.00223238 -0.00194387
 -0.00488670  0.00000000    0.03325183  0.00000000   -0.00128886  0.00112229
  0.00223238  0.00194387   -0.00128886 -0.00112229    0.05220562  0.00000000
    1    2
 -0.01226432  0.01447147    0.00149946 -0.00705791   -0.00934062 -0.00325374
  0.00149946 -0.00705791   -0.01053289  0.00632170    0.00539281  0.00187855
 -0.02235705 -0.01018655    0.01290785  0.00588121   -0.02198533  0.01038575
    1    3
 -0.00797845 -0.01195025   -0.00354126  0.00699106   -0.00667986  0.00162281
 -0.00354126  0.00699106   -0.01206755 -0.00387768    0.00385662 -0.00093693
 -0.00667986  0.00162281    0.00385662 -0.00093693   -0.00240399  0.00068049
    2    1
 -0.01226432 -0.01447147    0.00149946  0.00705791   -0.02235705  0.01018655
  0.00149946  0.00705791   -0.01053289 -0.00632170    0.01290785 -0.00588121
 -0.00934062  0.00325374    0.00539281 -0.00187855   -0.02198533 -0.01038575
    2    2
  0.08236015  0.00000000   -0.03171487  0.00000000    0.01619725  0.00000000
 -0.03171487  0.00000000    0.04573897  0.00000000   -0.00935149  0.00000000
  0.01619725  0.00000000   -0.00935149  0.00000000    0.05327721  0.00000000
    2    3
 -0.01226432  0.01447147    0.00149946 -0.00705791   -0.02235705 -0.01018655
  0.00149946 -0.00705791   -0.01053289  0.00632170    0.01290785  0.00588121
 -0.00934062 -0.00325374    0.00539281  0.00187855   -0.02198533  0.01038575
    3    1
 -0.00797845  0.01195025   -0.00354126 -0.00699106   -0.00667986 -0.00162281
 -0.00354126 -0.00699106   -0.01206755  0.00387768    0.00385662  0.00093693
 -0.00667986 -0.00162281    0.00385662  0.00093693   -0.00240399 -0.00068049
    3    2
 -0.01226432 -0.01447147    0.00149946  0.00705791   -0.00934062  0.00325374
  0.00149946  0.00705791   -0.01053289 -0.00632170    0.00539281 -0.00187855
 -0.02235705  0.01018655    0.01290785 -0.00588121   -0.02198533 -0.01038575
    3    3
  0.03889450  0.00000000   -0.00488670  0.00000000    0.00223238  0.00194387
 -0.00488670  0.00000000    0.03325183  0.00000000   -0.00128886 -0.00112229
  0.00223238 -0.00194387   -0.00128886  0.00112229    0.05220562  0.00000000

     Dynamical  Matrix in cartesian axes

     q = (    0.333333333   0.192450090   0.000000000 ) 

    1    1
  0.03889450  0.00000000    0.00488670  0.00000000   -0.00223238  0.00194387
  0.00488670  0.00000000    0.03325183  0.00000000   -0.00128886  0.00112229
 -0.00223238 -0.00194387   -0.00128886 -0.00112229    0.05220562  0.00000000
    1    2
 -0.01226432  0.01447147   -0.00149946  0.00705791    0.00934062  0.00325374
 -0.00149946  0.00705791   -0.01053289  0.00632170    0.00539281  0.00187855
  0.02235705  0.01018655    0.01290785  0.00588121   -0.02198533  0.01038575
    1    3
  0.01433845 -0.00093442    0.00428380  0.00656235   -0.00193453  0.00659634
  0.00428380  0.00656235    0.00939194 -0.00851197   -0.00111690  0.00380840
 -0.00193453  0.00659634   -0.00111690  0.00380840    0.00061267 -0.00242216
    2    1
 -0.01226432 -0.01447147   -0.00149946 -0.00705791    0.02235705 -0.01018655
 -0.00149946 -0.00705791   -0.01053289 -0.00632170    0.01290785 -0.00588121
  0.00934062 -0.00325374    0.00539281 -0.00187855   -0.02198533 -0.01038575
    2    2
  0.08236015  0.00000000    0.03171487  0.00000000   -0.01619725  0.00000000
  0.03171487  0.00000000    0.04573897  0.00000000   -0.00935149  0.00000000
 -0.01619725  0.00000000   -0.00935149  0.00000000    0.05327721  0.00000000
    2    3
 -0.00640050 -0.01785694   -0.00536260 -0.00482752   -0.02000033  0.01426850
 -0.00536260 -0.00482752   -0.00020830 -0.01228260   -0.01154720  0.00823792
 -0.00748813  0.00646235   -0.00432327  0.00373104    0.00199834 -0.02423273
    3    1
  0.01433845  0.00093442    0.00428380 -0.00656235   -0.00193453 -0.00659634
  0.00428380 -0.00656235    0.00939194  0.00851197   -0.00111690 -0.00380840
 -0.00193453 -0.00659634   -0.00111690 -0.00380840    0.00061267  0.00242216
    3    2
 -0.00640050  0.01785694   -0.00536260  0.00482752   -0.00748813 -0.00646235
 -0.00536260  0.00482752   -0.00020830  0.01228260   -0.00432327 -0.00373104
 -0.02000033 -0.01426850   -0.01154720 -0.00823792    0.00199834  0.02423273
    3    3
  0.03889450  0.00000000    0.00488670  0.00000000   -0.00223238 -0.00194387
  0.00488670  0.00000000    0.03325183  0.00000000   -0.00128886 -0.00112229
 -0.00223238  0.00194387   -0.00128886  0.00112229    0.05220562  0.00000000

     Dynamical  Matrix in cartesian axes

     q = (    0.000000000  -0.384900179   0.000000000 ) 

    1    1
  0.03043049  0.00000000    0.00000000  0.00000000    0.00000000  0.00000000
  0.00000000  0.00000000    0.04171584  0.00000000    0.00257773 -0.00224459
  0.00000000  0.00000000    0.00257773  0.00224459    0.05220562  0.00000000
    1    2
  0.00288779 -0.00949543    0.00000000 -0.00000000    0.00000000  0.00000000
  0.00000000 -0.00000000   -0.00949660 -0.02064412    0.00864655 -0.00746208
  0.00000000  0.00000000    0.02309440 -0.01647584    0.00199834 -0.02423273
    1    3
  0.00691869 -0.01230075    0.00000000 -0.00000000    0.00000000  0.00000000
  0.00000000 -0.00000000    0.01681170  0.00285436    0.00223381 -0.00761679
  0.00000000  0.00000000    0.00223381 -0.00761679    0.00061267 -0.00242216
    2    1
  0.00288779  0.00949543    0.00000000  0.00000000    0.00000000  0.00000000
  0.00000000  0.00000000   -0.00949660  0.02064412    0.02309440  0.01647584
  0.00000000  0.00000000    0.00864655  0.00746208    0.00199834  0.02423273
    2    2
  0.02742838  0.00000000    0.00000000  0.00000000    0.00000000  0.00000000
  0.00000000  0.00000000    0.10067074  0.00000000    0.01870297  0.00000000
  0.00000000  0.00000000    0.01870297  0.00000000    0.05327721  0.00000000
    2    3
 -0.00966718  0.00224681   -0.00000000  0.00000000    0.00000000  0.00000000
 -0.00000000  0.00000000   -0.01313003  0.01854635   -0.02581570 -0.01176241
  0.00000000  0.00000000   -0.01078562 -0.00375709   -0.02198533  0.01038575
    3    1
  0.00691869  0.01230075    0.00000000  0.00000000    0.00000000  0.00000000
  0.00000000  0.00000000    0.01681170 -0.00285436    0.00223381  0.00761679
  0.00000000  0.00000000    0.00223381  0.00761679    0.00061267  0.00242216
    3    2
 -0.00966718 -0.00224681   -0.00000000 -0.00000000    0.00000000  0.00000000
 -0.00000000 -0.00000000   -0.01313003 -0.01854635   -0.01078562  0.00375709
  0.00000000  0.00000000   -0.02581570  0.01176241   -0.02198533 -0.01038575
    3    3
  0.03043049  0.00000000    0.00000000  0.00000000    0.00000000  0.00000000
  0.00000000  0.00000000    0.04171584  0.00000000    0.00257773  0.00224459
  0.00000000  0.00000000    0.00257773 -0.00224459    0.05220562  0.00000000

     Diagonalizing the dynamical matrix

     q = (    0.000000000   0.384900179   0.000000000 ) 

 **************************************************************************
     freq (    1) =       0.520865 [THz] =      17.374188 [cm-1]
 ( -0.000000 -0.000000  0.222732  0.373397 -0.160026  0.351066 ) 
 (  0.000000  0.000000 -0.050434 -0.025978 -0.503679 -0.259439 ) 
 (  0.000000  0.000000 -0.247381 -0.357544 -0.385818  0.000000 ) 
     freq (    2) =       0.734653 [THz] =      24.505391 [cm-1]
 ( -0.221121  0.515018  0.000000  0.000000 -0.000000  0.000000 ) 
 ( -0.396871 -0.462838  0.000000  0.000000 -0.000000 -0.000000 ) 
 ( -0.392570 -0.400033  0.000000 -0.000000 -0.000000  0.000000 ) 
     freq (    3) =       1.190960 [THz] =      39.726165 [cm-1]
 ( -0.000000  0.000000  0.104975 -0.370033 -0.430822  0.118116 ) 
 ( -0.000000  0.000000  0.432582 -0.333927 -0.063123  0.048727 ) 
 (  0.000000  0.000000 -0.199079 -0.329108  0.446720  0.000000 ) 
     freq (    4) =       1.592501 [THz] =      53.120113 [cm-1]
 ( -0.449725  0.329446  0.000000 -0.000000 -0.000000 -0.000000 ) 
 ( -0.015320  0.614973 -0.000000  0.000000  0.000000 -0.000000 ) 
 (  0.087965 -0.550499  0.000000  0.000000 -0.000000  0.000000 ) 
     freq (    5) =       1.814313 [THz] =      60.518975 [cm-1]
 (  0.000000 -0.000000 -0.253176 -0.545041 -0.087074  0.158561 ) 
 ( -0.000000 -0.000000  0.144977  0.081646 -0.374299 -0.210793 ) 
 (  0.000000 -0.000000  0.355878  0.484271 -0.180896  0.000000 ) 
     freq (    6) =       2.047191 [THz] =      68.286937 [cm-1]
 (  0.395396 -0.583562  0.000000  0.000000 -0.000000 -0.000000 ) 
 ( -0.072120  0.032140  0.000000 -0.000000  0.000000 -0.000000 ) 
 ( -0.265876 -0.652835 -0.000000  0.000000  0.000000  0.000000 ) 
     freq (    7) =       2.418368 [THz] =      80.668083 [cm-1]
 ( -0.000000  0.000000 -0.355224  0.384944  0.014955 -0.415127 ) 
 (  0.000000  0.000000  0.107707  0.030949 -0.294045 -0.084492 ) 
 ( -0.000000  0.000000 -0.397484  0.341135  0.415396  0.000000 ) 
     freq (    8) =       2.448352 [THz] =      81.668240 [cm-1]
 (  0.000000  0.000000  0.180098  0.193657  0.306562  0.555454 ) 
 (  0.000000 -0.000000 -0.001342  0.139111  0.001823 -0.189071 ) 
 (  0.000000 -0.000000  0.256572  0.064101  0.634436  0.000000 ) 
     freq (    9) =       3.094368 [THz] =     103.217021 [cm-1]
 (  0.000000 -0.000000  0.061562 -0.307755 -0.308296 -0.270165 ) 
 ( -0.000000  0.000000 -0.619753  0.102441 -0.265353  0.043861 ) 
 (  0.000000 -0.000000  0.156530 -0.272031  0.409921  0.000000 ) 
 **************************************************************************
