Dynamical matrix file
                                                                           
  2    3  0  8.7774652  0.0000000  0.0000000  0.0000000  0.0000000  0.0000000
Basis vectors
      1.000000000    0.000000000    0.000000000
     -0.500000000    0.866025404    0.000000000
      0.000000000    0.000000000    5.145885287
           1  'I   '    115666.375825675     
           2  'Pb  '    188851.246969807     
    1    1      0.5000000000      0.2886751346      2.9770044863
    2    2      0.5000000000      0.8660254038      2.5729426437
    3    1     -0.0000000000      0.5773502692      2.1688808012

     Dynamical  Matrix in cartesian axes

     q = (    0.333333333   0.577350269   0.000000000 ) 

    1    1
  0.03665561  0.00000000    0.00000000 -0.00009941    0.00000000 -0.00000000
  0.00000000  0.00009941    0.03665561  0.00000000    0.00000000 -0.00000000
  0.00000000  0.00000000    0.00000000  0.00000000    0.04811754  0.00000000
    1    2
  0.00656000 -0.00000000   -0.00000000 -0.00656000   -0.00000000 -0.00623021
 -0.00000000 -0.00656000   -0.00656000  0.00000000    0.00623021 -0.00000000
 -0.00000000 -0.02047506    0.02047506 -0.00000000   -0.00000000  0.00000000
    1    3
 -0.00593062 -0.01027214    0.01027214 -0.00593062    0.00352757 -0.00203664
  0.01027214 -0.00593062    0.00593062  0.01027214   -0.00203664 -0.00352757
  0.00352757 -0.00203664   -0.00203664 -0.00352757    0.00000000 -0.00000000
    2    1
  0.00656000  0.00000000   -0.00000000  0.00656000   -0.00000000  0.02047506
 -0.00000000  0.00656000   -0.00656000 -0.00000000    0.02047506  0.00000000
 -0.00000000  0.00623021    0.00623021  0.00000000   -0.00000000 -0.00000000
    2    2
  0.07192784  0.00000000    0.00000000  0.00000000    0.00000000  0.00000000
  0.00000000  0.00000000    0.07192784  0.00000000    0.00000000  0.00000000
  0.00000000  0.00000000    0.00000000  0.00000000    0.02619529  0.00000000
    2    3
 -0.00328000 -0.00568113   -0.00568113  0.00328000   -0.01773192  0.01023753
 -0.00568113  0.00328000    0.00328000  0.00568113   -0.01023753 -0.01773192
 -0.00539552  0.00311511   -0.00311511 -0.00539552   -0.00000000 -0.00000000
    3    1
 -0.00593062  0.01027214    0.01027214  0.00593062    0.00352757  0.00203664
  0.01027214  0.00593062    0.00593062 -0.01027214   -0.00203664  0.00352757
  0.00352757  0.00203664   -0.00203664  0.00352757    0.00000000  0.00000000
    3    2
 -0.00328000  0.00568113   -0.00568113 -0.00328000   -0.00539552 -0.00311511
 -0.00568113 -0.00328000    0.00328000 -0.00568113   -0.00311511  0.00539552
 -0.01773192 -0.01023753   -0.01023753  0.01773192   -0.00000000  0.00000000
    3    3
  0.03665561  0.00000000    0.00000000  0.00009941    0.00000000  0.00000000
  0.00000000 -0.00009941    0.03665561 -0.00000000    0.00000000  0.00000000
  0.00000000 -0.00000000    0.00000000 -0.00000000    0.04811754  0.00000000

     Dynamical  Matrix in cartesian axes

     q = (   -0.333333333  -0.577350269   0.000000000 ) 

    1    1
  0.03665561  0.00000000    0.00000000  0.00009941    0.00000000  0.00000000
  0.00000000 -0.00009941    0.03665561 -0.00000000    0.00000000  0.00000000
  0.00000000 -0.00000000    0.00000000 -0.00000000    0.04811754  0.00000000
    1    2
  0.00656000  0.00000000    0.00000000  0.00656000   -0.00000000  0.00623021
  0.00000000  0.00656000   -0.00656000  0.00000000    0.00623021  0.00000000
 -0.00000000  0.02047506    0.02047506  0.00000000    0.00000000  0.00000000
    1    3
 -0.00593062  0.01027214    0.01027214  0.00593062    0.00352757  0.00203664
  0.01027214  0.00593062    0.00593062 -0.01027214   -0.00203664  0.00352757
  0.00352757  0.00203664   -0.00203664  0.00352757    0.00000000  0.00000000
    2    1
  0.00656000 -0.00000000    0.00000000 -0.00656000   -0.00000000 -0.02047506
  0.00000000 -0.00656000   -0.00656000 -0.00000000    0.02047506 -0.00000000
 -0.00000000 -0.00623021    0.00623021 -0.00000000    0.00000000 -0.00000000
    2    2
  0.07192784  0.00000000    0.00000000  0.00000000    0.00000000  0.00000000
  0.00000000  0.00000000    0.07192784  0.00000000    0.00000000  0.00000000
  0.00000000  0.00000000    0.00000000  0.00000000    0.02619529  0.00000000
    2    3
 -0.00328000  0.00568113   -0.00568113 -0.00328000   -0.01773192 -0.01023753
 -0.00568113 -0.00328000    0.00328000 -0.00568113   -0.01023753  0.01773192
 -0.00539552 -0.00311511   -0.00311511  0.00539552    0.00000000 -0.00000000
    3    1
 -0.00593062 -0.01027214    0.01027214 -0.00593062    0.00352757 -0.00203664
  0.01027214 -0.00593062    0.00593062  0.01027214   -0.00203664 -0.00352757
  0.00352757 -0.00203664   -0.00203664 -0.00352757    0.00000000 -0.00000000
    3    2
 -0.00328000 -0.00568113   -0.00568113  0.00328000   -0.00539552  0.00311511
 -0.00568113  0.00328000    0.00328000  0.00568113   -0.00311511 -0.00539552
 -0.01773192  0.01023753   -0.01023753 -0.01773192    0.00000000  0.00000000
    3    3
  0.03665561  0.00000000    0.00000000 -0.00009941    0.00000000 -0.00000000
  0.00000000  0.00009941    0.03665561  0.00000000    0.00000000 -0.00000000
  0.00000000  0.00000000    0.00000000  0.00000000    0.04811754  0.00000000

     Diagonalizing the dynamical matrix

     q = (    0.333333333   0.577350269   0.000000000 ) 

 **************************************************************************
     freq (    1) =       0.661118 [THz] =      22.052523 [cm-1]
 (  0.341453 -0.236195  0.236195  0.341453 -0.000000 -0.000000 ) 
 (  0.000000  0.000000  0.000000  0.000000 -0.316994 -0.458259 ) 
 ( -0.033824 -0.413805 -0.413805  0.033824  0.000000  0.000000 ) 
     freq (    2) =       1.249152 [THz] =      41.667241 [cm-1]
 ( -0.238105  0.137470  0.137470  0.238105  0.326394 -0.290652 ) 
 (  0.056479 -0.350216 -0.069310  0.430065  0.000000 -0.000000 ) 
 ( -0.269214  0.055678 -0.055678 -0.269214  0.437094  0.000000 ) 
     freq (    3) =       1.249152 [THz] =      41.667241 [cm-1]
 (  0.238080 -0.137456 -0.137456 -0.238080  0.326428 -0.290682 ) 
 ( -0.430059 -0.069346 -0.350223 -0.056435  0.000000  0.000000 ) 
 ( -0.269242  0.055683 -0.055683 -0.269242 -0.437049  0.000000 ) 
     freq (    4) =       1.511174 [THz] =      50.407334 [cm-1]
 (  0.355801 -0.098942  0.098942  0.355801 -0.000000 -0.000000 ) 
 ( -0.000000 -0.000000  0.000000  0.000000  0.180613  0.649494 ) 
 (  0.092214 -0.357604 -0.357604 -0.092214  0.000000  0.000000 ) 
     freq (    5) =       2.005234 [THz] =      66.887403 [cm-1]
 ( -0.379656  0.219195  0.219195  0.379656  0.030883  0.289910 ) 
 (  0.015877  0.048809 -0.075043 -0.230395  0.000000  0.000000 ) 
 ( -0.177718  0.400678 -0.400678 -0.177718 -0.291595  0.000000 ) 
     freq (    6) =       2.005234 [THz] =      66.887403 [cm-1]
 (  0.379598 -0.219161 -0.219161 -0.379598  0.030888  0.289954 ) 
 (  0.230397 -0.075036  0.048797 -0.015913  0.000000 -0.000000 ) 
 ( -0.177746  0.400739 -0.400739 -0.177746  0.291550  0.000000 ) 
     freq (    7) =       2.378857 [THz] =      79.350141 [cm-1]
 (  0.152583  0.476149 -0.476149  0.152583  0.000000  0.000000 ) 
 ( -0.000000 -0.000000 -0.000000 -0.000000  0.000000  0.000000 ) 
 ( -0.488649 -0.105934 -0.105934  0.488649 -0.000000  0.000000 ) 
     freq (    8) =       2.542415 [THz] =      84.805845 [cm-1]
 ( -0.043091  0.024878  0.024878  0.043091  0.536545  0.171272 ) 
 ( -0.348927  0.433181  0.134987 -0.167561 -0.000000  0.000000 ) 
 ( -0.033486 -0.036805  0.036805 -0.033486  0.563195  0.000000 ) 
     freq (    9) =       2.542415 [THz] =      84.805845 [cm-1]
 ( -0.043092  0.024879  0.024879  0.043092 -0.536523 -0.171265 ) 
 ( -0.167575 -0.134969 -0.433176 -0.348934  0.000000  0.000000 ) 
 (  0.033484  0.036804 -0.036804  0.033484  0.563218  0.000000 ) 
 **************************************************************************
