Dynamical matrix file
                                                                           
  2    2  0  8.1473937  0.0000000  0.0000000  0.0000000  0.0000000  0.0000000
Basis vectors
      1.000000000    0.000000000    0.000000000
     -0.500000000    0.866025404    0.000000000
      0.000000000    0.000000000    5.013197440
           1  'Pb  '    188851.246969807     
           2  'Te  '    116300.285296078     
    1    2      0.0000000000      0.5773502692      2.7031875291
    2    1      0.0000000000      0.0000000000      2.3100099106

     Dynamical  Matrix in cartesian axes

     q = (    0.166666667   0.481125224   0.000000000 ) 

    1    1
  0.08757996  0.00000000    0.00329647  0.00042241    0.00228285  0.00241793
  0.00329647 -0.00042241    0.10775960  0.00000000   -0.00677660  0.00110132
  0.00228285 -0.00241793   -0.00677660 -0.00110132    0.10064815  0.00000000
    1    2
  0.04927977 -0.03075390    0.00764901  0.01070174   -0.01750119 -0.02931397
  0.01027432  0.01381977   -0.02494258 -0.01530283   -0.07436692  0.01840932
 -0.01850304 -0.03183446   -0.07687755  0.01918837    0.02175143 -0.03620015
    2    1
  0.04927977  0.03075390    0.01027432 -0.01381977   -0.01850304  0.03183446
  0.00764901 -0.01070174   -0.02494258  0.01530283   -0.07687755 -0.01918837
 -0.01750119  0.02931397   -0.07436692 -0.01840932    0.02175143  0.03620015
    2    2
  0.08075465  0.00000000    0.00302789 -0.00623537    0.00100695 -0.00004936
  0.00302789  0.00623537    0.09937514  0.00000000   -0.00368017 -0.00036765
  0.00100695  0.00004936   -0.00368017  0.00036765    0.11327442  0.00000000

     Dynamical  Matrix in cartesian axes

     q = (   -0.166666667  -0.481125224   0.000000000 ) 

    1    1
  0.08757996  0.00000000    0.00329647 -0.00042241    0.00228285 -0.00241793
  0.00329647  0.00042241    0.10775960 -0.00000000   -0.00677660 -0.00110132
  0.00228285  0.00241793   -0.00677660  0.00110132    0.10064815  0.00000000
    1    2
  0.04927977  0.03075390    0.00764901 -0.01070174   -0.01750119  0.02931397
  0.01027432 -0.01381977   -0.02494258  0.01530283   -0.07436692 -0.01840932
 -0.01850304  0.03183446   -0.07687755 -0.01918837    0.02175143  0.03620015
    2    1
  0.04927977 -0.03075390    0.01027432  0.01381977   -0.01850304 -0.03183446
  0.00764901  0.01070174   -0.02494258 -0.01530283   -0.07687755  0.01918837
 -0.01750119 -0.02931397   -0.07436692  0.01840932    0.02175143 -0.03620015
    2    2
  0.08075465  0.00000000    0.00302789  0.00623537    0.00100695  0.00004936
  0.00302789 -0.00623537    0.09937514 -0.00000000   -0.00368017  0.00036765
  0.00100695 -0.00004936   -0.00368017 -0.00036765    0.11327442  0.00000000

     Dynamical  Matrix in cartesian axes

     q = (   -0.500000000  -0.096225045   0.000000000 ) 

    1    1
  0.10556951  0.00000000    0.00708980  0.00042241    0.00472728 -0.00216273
  0.00708980 -0.00042241    0.08977004 -0.00000000    0.00536531  0.00154334
  0.00472728  0.00216273    0.00536531 -0.00154334    0.10064815  0.00000000
    1    2
 -0.00808935  0.00308379    0.01810130  0.03335013   -0.03769079 -0.06271045
  0.01948893  0.02951753   -0.04396555 -0.00113204   -0.04097044 -0.00178027
 -0.03852126 -0.06532002   -0.04339199 -0.00082986   -0.04222597 -0.00073721
    2    1
 -0.00808935 -0.00308379    0.01948893 -0.02951753   -0.03852126  0.06532002
  0.01810130 -0.03335013   -0.04396555  0.00113204   -0.04339199  0.00082986
 -0.03769079  0.06271045   -0.04097044  0.00178027   -0.04222597  0.00073721
    2    2
  0.09734225  0.00000000    0.00654896 -0.00623537    0.00268365  0.00034307
  0.00654896  0.00623537    0.08278754  0.00000000    0.00271213  0.00014108
  0.00268365 -0.00034307    0.00271213 -0.00014108    0.11327442  0.00000000

     Dynamical  Matrix in cartesian axes

     q = (    0.500000000   0.096225045   0.000000000 ) 

    1    1
  0.10556951 -0.00000000    0.00708980 -0.00042241    0.00472728  0.00216273
  0.00708980  0.00042241    0.08977004  0.00000000    0.00536531 -0.00154334
  0.00472728 -0.00216273    0.00536531  0.00154334    0.10064815  0.00000000
    1    2
 -0.00808935 -0.00308379    0.01810130 -0.03335013   -0.03769079  0.06271045
  0.01948893 -0.02951753   -0.04396555  0.00113204   -0.04097044  0.00178027
 -0.03852126  0.06532002   -0.04339199  0.00082986   -0.04222597  0.00073721
    2    1
 -0.00808935  0.00308379    0.01948893  0.02951753   -0.03852126 -0.06532002
  0.01810130  0.03335013   -0.04396555 -0.00113204   -0.04339199 -0.00082986
 -0.03769079 -0.06271045   -0.04097044 -0.00178027   -0.04222597 -0.00073721
    2    2
  0.09734225 -0.00000000    0.00654896  0.00623537    0.00268365 -0.00034307
  0.00654896 -0.00623537    0.08278754 -0.00000000    0.00271213 -0.00014108
  0.00268365  0.00034307    0.00271213  0.00014108    0.11327442  0.00000000

     Dynamical  Matrix in cartesian axes

     q = (    0.333333333  -0.384900179   0.000000000 ) 

    1    1
  0.09985986  0.00000000   -0.01038628  0.00042241   -0.00701013 -0.00025520
 -0.01038628 -0.00042241    0.09547970  0.00000000    0.00141129 -0.00264465
 -0.00701013  0.00025520    0.00141129  0.00264465    0.10064815  0.00000000
    1    2
  0.01414803  0.02978373   -0.02634573  0.01437990    0.05565304 -0.03059993
 -0.02897105  0.01126188   -0.03848521  0.01627301   -0.05233994 -0.01618198
  0.05732639 -0.03253485   -0.05446287 -0.01797527   -0.02175143  0.03620015
    2    1
  0.01414803 -0.02978373   -0.02897105 -0.01126188    0.05732639  0.03253485
 -0.02634573 -0.01437990   -0.03848521 -0.01627301   -0.05446287  0.01797527
  0.05565304  0.03059993   -0.05233994  0.01618198   -0.02175143 -0.03620015
    2    2
  0.09209778  0.00000000   -0.00957685 -0.00623537   -0.00369060 -0.00029371
 -0.00957685  0.00623537    0.08803200  0.00000000    0.00096804  0.00022657
 -0.00369060  0.00029371    0.00096804 -0.00022657    0.11327442  0.00000000

     Dynamical  Matrix in cartesian axes

     q = (   -0.333333333   0.384900179   0.000000000 ) 

    1    1
  0.09985986 -0.00000000   -0.01038628 -0.00042241   -0.00701013  0.00025520
 -0.01038628  0.00042241    0.09547970 -0.00000000    0.00141129  0.00264465
 -0.00701013 -0.00025520    0.00141129 -0.00264465    0.10064815  0.00000000
    1    2
  0.01414803 -0.02978373   -0.02634573 -0.01437990    0.05565304  0.03059993
 -0.02897105 -0.01126188   -0.03848521 -0.01627301   -0.05233994  0.01618198
  0.05732639  0.03253485   -0.05446287  0.01797527   -0.02175143 -0.03620015
    2    1
  0.01414803  0.02978373   -0.02897105  0.01126188    0.05732639 -0.03253485
 -0.02634573  0.01437990   -0.03848521  0.01627301   -0.05446287 -0.01797527
  0.05565304 -0.03059993   -0.05233994 -0.01618198   -0.02175143  0.03620015
    2    2
  0.09209778 -0.00000000   -0.00957685  0.00623537   -0.00369060  0.00029371
 -0.00957685 -0.00623537    0.08803200 -0.00000000    0.00096804 -0.00022657
 -0.00369060 -0.00029371    0.00096804  0.00022657    0.11327442  0.00000000

     Dynamical  Matrix in cartesian axes

     q = (   -0.166666667   0.481125224   0.000000000 ) 

    1    1
  0.08757996  0.00000000   -0.00329647 -0.00042241   -0.00228285 -0.00241793
 -0.00329647  0.00042241    0.10775960  0.00000000   -0.00677660  0.00110132
 -0.00228285  0.00241793   -0.00677660 -0.00110132    0.10064815  0.00000000
    1    2
  0.04927977 -0.03075390   -0.00764901 -0.01070174    0.01750119  0.02931397
 -0.01027432 -0.01381977   -0.02494258 -0.01530283   -0.07436692  0.01840932
  0.01850304  0.03183446   -0.07687755  0.01918837    0.02175143 -0.03620015
    2    1
  0.04927977  0.03075390   -0.01027432  0.01381977    0.01850304 -0.03183446
 -0.00764901  0.01070174   -0.02494258  0.01530283   -0.07687755 -0.01918837
  0.01750119 -0.02931397   -0.07436692 -0.01840932    0.02175143  0.03620015
    2    2
  0.08075465  0.00000000   -0.00302789  0.00623537   -0.00100695  0.00004936
 -0.00302789 -0.00623537    0.09937514 -0.00000000   -0.00368017 -0.00036765
 -0.00100695 -0.00004936   -0.00368017  0.00036765    0.11327442  0.00000000

     Dynamical  Matrix in cartesian axes

     q = (    0.166666667  -0.481125224   0.000000000 ) 

    1    1
  0.08757996  0.00000000   -0.00329647  0.00042241   -0.00228285  0.00241793
 -0.00329647 -0.00042241    0.10775960 -0.00000000   -0.00677660 -0.00110132
 -0.00228285 -0.00241793   -0.00677660  0.00110132    0.10064815  0.00000000
    1    2
  0.04927977  0.03075390   -0.00764901  0.01070174    0.01750119 -0.02931397
 -0.01027432  0.01381977   -0.02494258  0.01530283   -0.07436692 -0.01840932
  0.01850304 -0.03183446   -0.07687755 -0.01918837    0.02175143  0.03620015
    2    1
  0.04927977 -0.03075390   -0.01027432 -0.01381977    0.01850304  0.03183446
 -0.00764901 -0.01070174   -0.02494258 -0.01530283   -0.07687755  0.01918837
  0.01750119  0.02931397   -0.07436692  0.01840932    0.02175143 -0.03620015
    2    2
  0.08075465  0.00000000   -0.00302789 -0.00623537   -0.00100695 -0.00004936
 -0.00302789  0.00623537    0.09937514  0.00000000   -0.00368017  0.00036765
 -0.00100695  0.00004936   -0.00368017 -0.00036765    0.11327442  0.00000000

     Dynamical  Matrix in cartesian axes

     q = (    0.500000000  -0.096225045   0.000000000 ) 

    1    1
  0.10556951  0.00000000   -0.00708980 -0.00042241   -0.00472728  0.00216273
 -0.00708980  0.00042241    0.08977004  0.00000000    0.00536531  0.00154334
 -0.00472728 -0.00216273    0.00536531 -0.00154334    0.10064815  0.00000000
    1    2
 -0.00808935  0.00308379   -0.01810130 -0.03335013    0.03769079  0.06271045
 -0.01948893 -0.02951753   -0.04396555 -0.00113204   -0.04097044 -0.00178027
  0.03852126  0.06532002   -0.04339199 -0.00082986   -0.04222597 -0.00073721
    2    1
 -0.00808935 -0.00308379   -0.01948893  0.02951753    0.03852126 -0.06532002
 -0.01810130  0.03335013   -0.04396555  0.00113204   -0.04339199  0.00082986
  0.03769079 -0.06271045   -0.04097044  0.00178027   -0.04222597  0.00073721
    2    2
  0.09734225  0.00000000   -0.00654896  0.00623537   -0.00268365 -0.00034307
 -0.00654896 -0.00623537    0.08278754  0.00000000    0.00271213  0.00014108
 -0.00268365  0.00034307    0.00271213 -0.00014108    0.11327442  0.00000000

     Dynamical  Matrix in cartesian axes

     q = (   -0.500000000   0.096225045   0.000000000 ) 

    1    1
  0.10556951 -0.00000000   -0.00708980  0.00042241   -0.00472728 -0.00216273
 -0.00708980 -0.00042241    0.08977004 -0.00000000    0.00536531 -0.00154334
 -0.00472728  0.00216273    0.00536531  0.00154334    0.10064815  0.00000000
    1    2
 -0.00808935 -0.00308379   -0.01810130  0.03335013    0.03769079 -0.06271045
 -0.01948893  0.02951753   -0.04396555  0.00113204   -0.04097044  0.00178027
  0.03852126 -0.06532002   -0.04339199  0.00082986   -0.04222597  0.00073721
    2    1
 -0.00808935  0.00308379   -0.01948893 -0.02951753    0.03852126  0.06532002
 -0.01810130 -0.03335013   -0.04396555 -0.00113204   -0.04339199 -0.00082986
  0.03769079  0.06271045   -0.04097044 -0.00178027   -0.04222597 -0.00073721
    2    2
  0.09734225 -0.00000000   -0.00654896 -0.00623537   -0.00268365  0.00034307
 -0.00654896  0.00623537    0.08278754 -0.00000000    0.00271213 -0.00014108
 -0.00268365 -0.00034307    0.00271213  0.00014108    0.11327442  0.00000000

     Dynamical  Matrix in cartesian axes

     q = (   -0.333333333  -0.384900179   0.000000000 ) 

    1    1
  0.09985986  0.00000000    0.01038628 -0.00042241    0.00701013  0.00025520
  0.01038628  0.00042241    0.09547970  0.00000000    0.00141129 -0.00264465
  0.00701013 -0.00025520    0.00141129  0.00264465    0.10064815  0.00000000
    1    2
  0.01414803  0.02978373    0.02634573 -0.01437990   -0.05565304  0.03059993
  0.02897105 -0.01126188   -0.03848521  0.01627301   -0.05233994 -0.01618198
 -0.05732639  0.03253485   -0.05446287 -0.01797527   -0.02175143  0.03620015
    2    1
  0.01414803 -0.02978373    0.02897105  0.01126188   -0.05732639 -0.03253485
  0.02634573  0.01437990   -0.03848521 -0.01627301   -0.05446287  0.01797527
 -0.05565304 -0.03059993   -0.05233994  0.01618198   -0.02175143 -0.03620015
    2    2
  0.09209778  0.00000000    0.00957685  0.00623537    0.00369060  0.00029371
  0.00957685 -0.00623537    0.08803200  0.00000000    0.00096804  0.00022657
  0.00369060 -0.00029371    0.00096804 -0.00022657    0.11327442  0.00000000

     Dynamical  Matrix in cartesian axes

     q = (    0.333333333   0.384900179   0.000000000 ) 

    1    1
  0.09985986 -0.00000000    0.01038628  0.00042241    0.00701013 -0.00025520
  0.01038628 -0.00042241    0.09547970 -0.00000000    0.00141129  0.00264465
  0.00701013  0.00025520    0.00141129 -0.00264465    0.10064815  0.00000000
    1    2
  0.01414803 -0.02978373    0.02634573  0.01437990   -0.05565304 -0.03059993
  0.02897105  0.01126188   -0.03848521 -0.01627301   -0.05233994  0.01618198
 -0.05732639 -0.03253485   -0.05446287  0.01797527   -0.02175143 -0.03620015
    2    1
  0.01414803  0.02978373    0.02897105 -0.01126188   -0.05732639  0.03253485
  0.02634573 -0.01437990   -0.03848521  0.01627301   -0.05446287 -0.01797527
 -0.05565304  0.03059993   -0.05233994 -0.01618198   -0.02175143  0.03620015
    2    2
  0.09209778 -0.00000000    0.00957685 -0.00623537    0.00369060 -0.00029371
  0.00957685  0.00623537    0.08803200 -0.00000000    0.00096804 -0.00022657
  0.00369060  0.00029371    0.00096804  0.00022657    0.11327442  0.00000000

     Diagonalizing the dynamical matrix

     q = (    0.166666667   0.481125224   0.000000000 ) 

 **************************************************************************
     freq (    1) =       0.603351 [THz] =      20.125616 [cm-1]
 ( -0.032898  0.059587  0.121837 -0.012645 -0.256648  0.645759 ) 
 (  0.215755  0.226874 -0.296519  0.428188  0.358050  0.000000 ) 
     freq (    2) =       1.095390 [THz] =      36.538269 [cm-1]
 ( -0.414327 -0.489909 -0.236660  0.061847  0.062756  0.059763 ) 
 (  0.158777  0.542480  0.107992  0.095453 -0.425101  0.000000 ) 
     freq (    3) =       1.296994 [THz] =      43.263072 [cm-1]
 (  0.140625  0.122936 -0.599985  0.145629 -0.072415  0.091418 ) 
 (  0.047106 -0.377747 -0.379891  0.281363 -0.449363  0.000000 ) 
     freq (    4) =       3.367749 [THz] =     112.336023 [cm-1]
 ( -0.270136 -0.761907  0.321033  0.056228  0.100905  0.057924 ) 
 (  0.080401 -0.395271 -0.236045 -0.066323  0.062800  0.000000 ) 
     freq (    5) =       3.735590 [THz] =     124.605869 [cm-1]
 ( -0.175315 -0.244163 -0.583457 -0.099767 -0.537769  0.097384 ) 
 ( -0.002464 -0.195494  0.385478 -0.029877  0.269973  0.000000 ) 
     freq (    6) =       3.977125 [THz] =     132.662627 [cm-1]
 ( -0.057632 -0.090319 -0.503972  0.242753  0.491630 -0.404714 ) 
 (  0.009927  0.143032 -0.229855  0.046265  0.441113  0.000000 ) 
 **************************************************************************
