Dynamical matrix file
                                                                           
  2    2  0  8.1473937  0.0000000  0.0000000  0.0000000  0.0000000  0.0000000
Basis vectors
      1.000000000    0.000000000    0.000000000
     -0.500000000    0.866025404    0.000000000
      0.000000000    0.000000000    5.013197440
           1  'Pb  '    188851.246969807     
           2  'Te  '    116300.285296078     
    1    2      0.0000000000      0.5773502692      2.7031875291
    2    1      0.0000000000      0.0000000000      2.3100099106

     Dynamical  Matrix in cartesian axes

     q = (    0.000000000   0.192450090   0.000000000 ) 

    1    1
  0.07612017  0.00000000   -0.00000000  0.00000000    0.00000000  0.00000000
 -0.00000000  0.00000000    0.09768068  0.00000000   -0.00320842  0.00375551
  0.00000000  0.00000000   -0.00320842 -0.00375551    0.12535354  0.00000000
    1    2
 -0.04131471 -0.05738771    0.00000000  0.00000000    0.00000000  0.00000000
  0.00000000  0.00000000   -0.07062659 -0.03358108   -0.01830221  0.03369966
  0.00000000  0.00000000   -0.02099761  0.03786967   -0.08735299 -0.07624118
    2    1
 -0.04131471  0.05738771    0.00000000 -0.00000000    0.00000000  0.00000000
  0.00000000 -0.00000000   -0.07062659  0.03358108   -0.02099761 -0.03786967
  0.00000000  0.00000000   -0.01830221 -0.03369966   -0.08735299  0.07624118
    2    2
  0.07350507  0.00000000   -0.00000000  0.00000000    0.00000000  0.00000000
 -0.00000000  0.00000000    0.09525904  0.00000000   -0.00246456  0.00088925
  0.00000000  0.00000000   -0.00246456 -0.00088925    0.12705394  0.00000000

     Dynamical  Matrix in cartesian axes

     q = (    0.000000000  -0.192450090   0.000000000 ) 

    1    1
  0.07612017  0.00000000   -0.00000000  0.00000000    0.00000000  0.00000000
 -0.00000000  0.00000000    0.09768068  0.00000000   -0.00320842 -0.00375551
  0.00000000  0.00000000   -0.00320842  0.00375551    0.12535354  0.00000000
    1    2
 -0.04131471  0.05738771    0.00000000 -0.00000000    0.00000000  0.00000000
  0.00000000 -0.00000000   -0.07062659  0.03358108   -0.01830221 -0.03369966
  0.00000000  0.00000000   -0.02099761 -0.03786967   -0.08735299  0.07624118
    2    1
 -0.04131471 -0.05738771    0.00000000  0.00000000    0.00000000  0.00000000
  0.00000000  0.00000000   -0.07062659 -0.03358108   -0.02099761  0.03786967
  0.00000000  0.00000000   -0.01830221  0.03369966   -0.08735299 -0.07624118
    2    2
  0.07350507  0.00000000   -0.00000000  0.00000000    0.00000000  0.00000000
 -0.00000000  0.00000000    0.09525904  0.00000000   -0.00246456 -0.00088925
  0.00000000  0.00000000   -0.00246456  0.00088925    0.12705394  0.00000000

     Dynamical  Matrix in cartesian axes

     q = (    0.166666667  -0.096225045   0.000000000 ) 

    1    1
  0.09229055  0.00000000   -0.00933597  0.00000000   -0.00277857  0.00325237
 -0.00933597  0.00000000    0.08151030  0.00000000    0.00160421 -0.00187776
 -0.00277857 -0.00325237    0.00160421  0.00187776    0.12535354  0.00000000
    1    2
 -0.06588567  0.03505184   -0.00258128 -0.01614625    0.01734966  0.02831904
 -0.00258128 -0.01614625   -0.06886627  0.01640777   -0.01001683 -0.01635000
  0.01931002  0.03214626   -0.01114865 -0.01855965   -0.10970330  0.03752931
    2    1
 -0.06588567 -0.03505184   -0.00258128  0.01614625    0.01931002 -0.03214626
 -0.00258128  0.01614625   -0.06886627 -0.01640777   -0.01114865  0.01855965
  0.01734966 -0.02831904   -0.01001683  0.01635000   -0.10970330 -0.03752931
    2    2
  0.08982055  0.00000000   -0.00941974  0.00000000   -0.00213437  0.00077012
 -0.00941974  0.00000000    0.07894356  0.00000000    0.00123228 -0.00044463
 -0.00213437 -0.00077012    0.00123228  0.00044463    0.12705394  0.00000000

     Dynamical  Matrix in cartesian axes

     q = (   -0.166666667   0.096225045   0.000000000 ) 

    1    1
  0.09229055  0.00000000   -0.00933597  0.00000000   -0.00277857 -0.00325237
 -0.00933597  0.00000000    0.08151030  0.00000000    0.00160421  0.00187776
 -0.00277857  0.00325237    0.00160421 -0.00187776    0.12535354  0.00000000
    1    2
 -0.06588567 -0.03505184   -0.00258128  0.01614625    0.01734966 -0.02831904
 -0.00258128  0.01614625   -0.06886627 -0.01640777   -0.01001683  0.01635000
  0.01931002 -0.03214626   -0.01114865  0.01855965   -0.10970330 -0.03752931
    2    1
 -0.06588567  0.03505184   -0.00258128 -0.01614625    0.01931002  0.03214626
 -0.00258128 -0.01614625   -0.06886627  0.01640777   -0.01114865 -0.01855965
  0.01734966  0.02831904   -0.01001683 -0.01635000   -0.10970330  0.03752931
    2    2
  0.08982055  0.00000000   -0.00941974  0.00000000   -0.00213437 -0.00077012
 -0.00941974  0.00000000    0.07894356  0.00000000    0.00123228  0.00044463
 -0.00213437  0.00077012    0.00123228 -0.00044463    0.12705394  0.00000000

     Dynamical  Matrix in cartesian axes

     q = (   -0.166666667  -0.096225045   0.000000000 ) 

    1    1
  0.09229055  0.00000000    0.00933597  0.00000000    0.00277857 -0.00325237
  0.00933597  0.00000000    0.08151030  0.00000000    0.00160421 -0.00187776
  0.00277857  0.00325237    0.00160421  0.00187776    0.12535354  0.00000000
    1    2
 -0.06588567  0.03505184    0.00258128  0.01614625   -0.01734966 -0.02831904
  0.00258128  0.01614625   -0.06886627  0.01640777   -0.01001683 -0.01635000
 -0.01931002 -0.03214626   -0.01114865 -0.01855965   -0.10970330  0.03752931
    2    1
 -0.06588567 -0.03505184    0.00258128 -0.01614625   -0.01931002  0.03214626
  0.00258128 -0.01614625   -0.06886627 -0.01640777   -0.01114865  0.01855965
 -0.01734966  0.02831904   -0.01001683  0.01635000   -0.10970330 -0.03752931
    2    2
  0.08982055  0.00000000    0.00941974  0.00000000    0.00213437 -0.00077012
  0.00941974  0.00000000    0.07894356  0.00000000    0.00123228 -0.00044463
  0.00213437  0.00077012    0.00123228  0.00044463    0.12705394  0.00000000

     Dynamical  Matrix in cartesian axes

     q = (    0.166666667   0.096225045   0.000000000 ) 

    1    1
  0.09229055  0.00000000    0.00933597  0.00000000    0.00277857  0.00325237
  0.00933597  0.00000000    0.08151030  0.00000000    0.00160421  0.00187776
  0.00277857 -0.00325237    0.00160421 -0.00187776    0.12535354  0.00000000
    1    2
 -0.06588567 -0.03505184    0.00258128 -0.01614625   -0.01734966  0.02831904
  0.00258128 -0.01614625   -0.06886627 -0.01640777   -0.01001683  0.01635000
 -0.01931002  0.03214626   -0.01114865  0.01855965   -0.10970330 -0.03752931
    2    1
 -0.06588567  0.03505184    0.00258128  0.01614625   -0.01931002 -0.03214626
  0.00258128  0.01614625   -0.06886627  0.01640777   -0.01114865 -0.01855965
 -0.01734966 -0.02831904   -0.01001683 -0.01635000   -0.10970330  0.03752931
    2    2
  0.08982055  0.00000000    0.00941974  0.00000000    0.00213437  0.00077012
  0.00941974  0.00000000    0.07894356  0.00000000    0.00123228  0.00044463
  0.00213437 -0.00077012    0.00123228 -0.00044463    0.12705394  0.00000000

     Diagonalizing the dynamical matrix

     q = (    0.000000000   0.192450090   0.000000000 ) 

 **************************************************************************
     freq (    1) =       0.115217 [THz] =       3.843215 [cm-1]
 ( -0.000000  0.000000 -0.066839  0.092893 -0.532923 -0.453074 ) 
 (  0.000000 -0.000000  0.028528 -0.213544 -0.671718  0.000000 ) 
     freq (    2) =       0.536893 [THz] =      17.908816 [cm-1]
 ( -0.612917  0.329035 -0.000000  0.000000 -0.000000 -0.000000 ) 
 ( -0.094048  0.712196 -0.000000  0.000000 -0.000000  0.000000 ) 
     freq (    3) =       0.899597 [THz] =      30.007328 [cm-1]
 ( -0.000000  0.000000  0.359459 -0.589533 -0.042455 -0.033480 ) 
 (  0.000000  0.000000  0.079184 -0.692447  0.185913  0.000000 ) 
     freq (    4) =       3.317855 [THz] =     110.671744 [cm-1]
 (  0.641410 -0.571190  0.000000 -0.000000 -0.000000 -0.000000 ) 
 (  0.052958  0.509442 -0.000000  0.000000 -0.000000  0.000000 ) 
     freq (    5) =       3.728312 [THz] =     124.363106 [cm-1]
 (  0.000000 -0.000000 -0.633207  0.567661 -0.014707  0.122535 ) 
 ( -0.000000  0.000000  0.204655 -0.429122  0.188546  0.000000 ) 
     freq (    6) =       4.332869 [THz] =     144.528950 [cm-1]
 ( -0.000000 -0.000000  0.041852  0.089524 -0.618296 -0.577616 ) 
 (  0.000000 -0.000000 -0.069256  0.133744  0.501617  0.000000 ) 
 **************************************************************************
