Dynamical matrix file
                                                                           
  2    2  0  8.1473937  0.0000000  0.0000000  0.0000000  0.0000000  0.0000000
Basis vectors
      1.000000000    0.000000000    0.000000000
     -0.500000000    0.866025404    0.000000000
      0.000000000    0.000000000    5.013197440
           1  'Pb  '    188851.246969807     
           2  'Te  '    116300.285296078     
    1    2      0.0000000000      0.5773502692      2.7031875291
    2    1      0.0000000000      0.0000000000      2.3100099106

     Dynamical  Matrix in cartesian axes

     q = (    0.000000000   0.384900179   0.000000000 ) 

    1    1
  0.07664010  0.00000000   -0.00000000  0.00000000    0.00000000  0.00000000
 -0.00000000  0.00000000    0.10835852  0.00000000   -0.00874342  0.00186704
  0.00000000  0.00000000   -0.00874342 -0.00186704    0.10953310  0.00000000
    1    2
  0.02885474 -0.05997680   -0.00000000  0.00000000    0.00000000  0.00000000
 -0.00000000  0.00000000   -0.03428879 -0.03141423   -0.06295092  0.03763394
  0.00000000  0.00000000   -0.06636449  0.03927950    0.00149839 -0.07416592
    2    1
  0.02885474  0.05997680   -0.00000000 -0.00000000    0.00000000  0.00000000
 -0.00000000 -0.00000000   -0.03428879  0.03141423   -0.06636449 -0.03927950
  0.00000000  0.00000000   -0.06295092 -0.03763394    0.00149839  0.07416592
    2    2
  0.07423034  0.00000000   -0.00000000  0.00000000    0.00000000  0.00000000
 -0.00000000  0.00000000    0.10369352  0.00000000   -0.00568346 -0.00014250
  0.00000000  0.00000000   -0.00568346  0.00014250    0.11784148  0.00000000

     Dynamical  Matrix in cartesian axes

     q = (    0.000000000  -0.384900179   0.000000000 ) 

    1    1
  0.07664010  0.00000000   -0.00000000  0.00000000    0.00000000  0.00000000
 -0.00000000  0.00000000    0.10835852  0.00000000   -0.00874342 -0.00186704
  0.00000000  0.00000000   -0.00874342  0.00186704    0.10953310  0.00000000
    1    2
  0.02885474  0.05997680   -0.00000000 -0.00000000    0.00000000  0.00000000
 -0.00000000 -0.00000000   -0.03428879  0.03141423   -0.06295092 -0.03763394
  0.00000000  0.00000000   -0.06636449 -0.03927950    0.00149839  0.07416592
    2    1
  0.02885474 -0.05997680   -0.00000000  0.00000000    0.00000000  0.00000000
 -0.00000000  0.00000000   -0.03428879 -0.03141423   -0.06636449  0.03927950
  0.00000000  0.00000000   -0.06295092  0.03763394    0.00149839 -0.07416592
    2    2
  0.07423034  0.00000000   -0.00000000  0.00000000    0.00000000  0.00000000
 -0.00000000  0.00000000    0.10369352  0.00000000   -0.00568346  0.00014250
  0.00000000  0.00000000   -0.00568346 -0.00014250    0.11784148  0.00000000

     Dynamical  Matrix in cartesian axes

     q = (    0.333333333  -0.192450090   0.000000000 ) 

    1    1
  0.10042891  0.00000000   -0.01373448  0.00000000   -0.00757203  0.00161691
 -0.01373448  0.00000000    0.08456970  0.00000000    0.00437171 -0.00093352
 -0.00757203 -0.00161691    0.00437171  0.00093352    0.10953310  0.00000000
    1    2
 -0.02413804  0.03530142   -0.02438194 -0.01749484    0.05548401  0.03091722
 -0.02438194 -0.01749484   -0.05229188  0.01510012   -0.03203371 -0.01785006
  0.05819629  0.03276485   -0.03359964 -0.01891679   -0.06497877  0.03578531
    2    1
 -0.02413804 -0.03530142   -0.02438194  0.01749484    0.05819629 -0.03276485
 -0.02438194  0.01749484   -0.05229188 -0.01510012   -0.03359964  0.01891679
  0.05548401 -0.03091722   -0.03203371  0.01785006   -0.06497877 -0.03578531
    2    2
  0.09632772  0.00000000   -0.01275793  0.00000000   -0.00492202 -0.00012341
 -0.01275793  0.00000000    0.08159613  0.00000000    0.00284173  0.00007125
 -0.00492202  0.00012341    0.00284173 -0.00007125    0.11784148  0.00000000

     Dynamical  Matrix in cartesian axes

     q = (   -0.333333333   0.192450090   0.000000000 ) 

    1    1
  0.10042891  0.00000000   -0.01373448  0.00000000   -0.00757203 -0.00161691
 -0.01373448  0.00000000    0.08456970  0.00000000    0.00437171  0.00093352
 -0.00757203  0.00161691    0.00437171 -0.00093352    0.10953310  0.00000000
    1    2
 -0.02413804 -0.03530142   -0.02438194  0.01749484    0.05548401 -0.03091722
 -0.02438194  0.01749484   -0.05229188 -0.01510012   -0.03203371  0.01785006
  0.05819629 -0.03276485   -0.03359964  0.01891679   -0.06497877 -0.03578531
    2    1
 -0.02413804  0.03530142   -0.02438194 -0.01749484    0.05819629  0.03276485
 -0.02438194 -0.01749484   -0.05229188  0.01510012   -0.03359964 -0.01891679
  0.05548401  0.03091722   -0.03203371 -0.01785006   -0.06497877  0.03578531
    2    2
  0.09632772  0.00000000   -0.01275793  0.00000000   -0.00492202  0.00012341
 -0.01275793  0.00000000    0.08159613  0.00000000    0.00284173 -0.00007125
 -0.00492202 -0.00012341    0.00284173  0.00007125    0.11784148  0.00000000

     Dynamical  Matrix in cartesian axes

     q = (   -0.333333333  -0.192450090   0.000000000 ) 

    1    1
  0.10042891  0.00000000    0.01373448  0.00000000    0.00757203 -0.00161691
  0.01373448  0.00000000    0.08456970  0.00000000    0.00437171 -0.00093352
  0.00757203  0.00161691    0.00437171  0.00093352    0.10953310  0.00000000
    1    2
 -0.02413804  0.03530142    0.02438194  0.01749484   -0.05548401 -0.03091722
  0.02438194  0.01749484   -0.05229188  0.01510012   -0.03203371 -0.01785006
 -0.05819629 -0.03276485   -0.03359964 -0.01891679   -0.06497877  0.03578531
    2    1
 -0.02413804 -0.03530142    0.02438194 -0.01749484   -0.05819629  0.03276485
  0.02438194 -0.01749484   -0.05229188 -0.01510012   -0.03359964  0.01891679
 -0.05548401  0.03091722   -0.03203371  0.01785006   -0.06497877 -0.03578531
    2    2
  0.09632772  0.00000000    0.01275793  0.00000000    0.00492202  0.00012341
  0.01275793  0.00000000    0.08159613  0.00000000    0.00284173  0.00007125
  0.00492202 -0.00012341    0.00284173 -0.00007125    0.11784148  0.00000000

     Dynamical  Matrix in cartesian axes

     q = (    0.333333333   0.192450090   0.000000000 ) 

    1    1
  0.10042891  0.00000000    0.01373448  0.00000000    0.00757203  0.00161691
  0.01373448  0.00000000    0.08456970  0.00000000    0.00437171  0.00093352
  0.00757203 -0.00161691    0.00437171 -0.00093352    0.10953310  0.00000000
    1    2
 -0.02413804 -0.03530142    0.02438194 -0.01749484   -0.05548401  0.03091722
  0.02438194 -0.01749484   -0.05229188 -0.01510012   -0.03203371  0.01785006
 -0.05819629  0.03276485   -0.03359964  0.01891679   -0.06497877 -0.03578531
    2    1
 -0.02413804  0.03530142    0.02438194  0.01749484   -0.05819629 -0.03276485
  0.02438194  0.01749484   -0.05229188  0.01510012   -0.03359964 -0.01891679
 -0.05548401 -0.03091722   -0.03203371 -0.01785006   -0.06497877  0.03578531
    2    2
  0.09632772  0.00000000    0.01275793  0.00000000    0.00492202 -0.00012341
  0.01275793  0.00000000    0.08159613  0.00000000    0.00284173 -0.00007125
  0.00492202  0.00012341    0.00284173  0.00007125    0.11784148  0.00000000

     Diagonalizing the dynamical matrix

     q = (    0.000000000   0.384900179   0.000000000 ) 

 **************************************************************************
     freq (    1) =       0.446392 [THz] =      14.890025 [cm-1]
 ( -0.000000  0.000000 -0.171815  0.055314 -0.057737 -0.686946 ) 
 (  0.000000 -0.000000  0.158365 -0.405531 -0.550143  0.000000 ) 
     freq (    2) =       0.789941 [THz] =      26.349593 [cm-1]
 ( -0.481253 -0.493622 -0.000000  0.000000 -0.000000 -0.000000 ) 
 ( -0.248167  0.680548 -0.000000 -0.000000 -0.000000  0.000000 ) 
     freq (    3) =       1.306979 [THz] =      43.596112 [cm-1]
 (  0.000000  0.000000 -0.571203  0.338132  0.036621  0.144377 ) 
 ( -0.000000 -0.000000 -0.199326  0.548061 -0.443967  0.000000 ) 
     freq (    4) =       3.280604 [THz] =     109.429168 [cm-1]
 (  0.834549 -0.218756  0.000000 -0.000000 -0.000000 -0.000000 ) 
 (  0.327584  0.385177 -0.000000  0.000000 -0.000000  0.000000 ) 
     freq (    5) =       3.731347 [THz] =     124.464343 [cm-1]
 (  0.000000  0.000000 -0.744066 -0.036354 -0.419443  0.125075 ) 
 ( -0.000000  0.000000  0.415770 -0.100473  0.265533  0.000000 ) 
     freq (    6) =       4.140415 [THz] =     138.109394 [cm-1]
 (  0.000000 -0.000000 -0.236575  0.371806  0.216920 -0.696368 ) 
 (  0.000000 -0.000000 -0.245069  0.089280  0.453629  0.000000 ) 
 **************************************************************************
