Dynamical matrix file
                                                                           
  2    2  0  8.1473937  0.0000000  0.0000000  0.0000000  0.0000000  0.0000000
Basis vectors
      1.000000000    0.000000000    0.000000000
     -0.500000000    0.866025404    0.000000000
      0.000000000    0.000000000    5.013197440
           1  'Pb  '    188851.246969807     
           2  'Te  '    116300.285296078     
    1    2      0.0000000000      0.5773502692      2.7031875291
    2    1      0.0000000000      0.0000000000      2.3100099106

     Dynamical  Matrix in cartesian axes

     q = (    0.000000000   0.000000000   0.000000000 ) 

    1    1
  0.07450400  0.00000000   -0.00000000  0.00000000   -0.00000000  0.00000000
 -0.00000000  0.00000000    0.07450400  0.00000000   -0.00000000  0.00000000
 -0.00000000  0.00000000   -0.00000000  0.00000000    0.13584057  0.00000000
    1    2
 -0.07449293  0.00000000    0.00000000  0.00000000    0.00000000  0.00000000
  0.00000000  0.00000000   -0.07449293  0.00000000    0.00000000  0.00000000
  0.00000000  0.00000000    0.00000000  0.00000000   -0.13581124  0.00000000
    2    1
 -0.07449293  0.00000000    0.00000000  0.00000000    0.00000000  0.00000000
  0.00000000  0.00000000   -0.07449293  0.00000000    0.00000000  0.00000000
  0.00000000  0.00000000    0.00000000  0.00000000   -0.13581124  0.00000000
    2    2
  0.07443888  0.00000000   -0.00000000  0.00000000    0.00000000  0.00000000
 -0.00000000  0.00000000    0.07443888  0.00000000    0.00000000  0.00000000
  0.00000000  0.00000000    0.00000000  0.00000000    0.13580258  0.00000000

     Dielectric Tensor:

          3.432338423574         -0.000000000033          0.000000000000
         -0.000000000033          3.432338423622         -0.000000000000
          0.000000000000          0.000000000000          1.208801587933

     Effective Charges E-U: Z_{alpha}{s,beta}

     atom #    1
         -2.591963652991          0.000000000115          0.000000000000
          0.000000000115         -2.591963653161          0.000000000000
          0.000000000000          0.000000000000         -0.111957481570
     atom #    2
          2.107934601454          0.000000000159          0.000000000000
          0.000000000159          2.107934601219          0.000000000000
          0.000000000000          0.000000000000          0.079721715536

     Diagonalizing the dynamical matrix

     q = (    0.000000000   0.000000000   0.000000000 ) 

 **************************************************************************
     freq (    1) =      -0.039049 [THz] =      -1.302529 [cm-1]
 (  0.294238  0.000000 -0.642837  0.000000  0.000000  0.000000 ) 
 (  0.294347  0.000000 -0.643074  0.000000  0.000000  0.000000 ) 
     freq (    2) =      -0.039049 [THz] =      -1.302529 [cm-1]
 ( -0.642837  0.000000 -0.294238  0.000000  0.000000  0.000000 ) 
 ( -0.643074  0.000000 -0.294347  0.000000  0.000000  0.000000 ) 
     freq (    3) =       0.027070 [THz] =       0.902963 [cm-1]
 ( -0.000000  0.000000 -0.000000  0.000000 -0.707051  0.000000 ) 
 ( -0.000000  0.000000 -0.000000  0.000000 -0.707163  0.000000 ) 
     freq (    4) =       3.346798 [THz] =     111.637166 [cm-1]
 (  0.760315  0.000000  0.383539  0.000000 -0.000000  0.000000 ) 
 ( -0.468052  0.000000 -0.236108  0.000000 -0.000000  0.000000 ) 
     freq (    5) =       3.346798 [THz] =     111.637166 [cm-1]
 (  0.383539  0.000000 -0.760315  0.000000  0.000000  0.000000 ) 
 ( -0.236108  0.000000  0.468052  0.000000  0.000000  0.000000 ) 
     freq (    6) =       4.519249 [THz] =     150.745933 [cm-1]
 ( -0.000000  0.000000  0.000000  0.000000 -0.851526  0.000000 ) 
 (  0.000000  0.000000 -0.000000  0.000000  0.524312  0.000000 ) 
 **************************************************************************
