Dynamical matrix file
                                                                           
  2    2  0  8.1473937  0.0000000  0.0000000  0.0000000  0.0000000  0.0000000
Basis vectors
      1.000000000    0.000000000    0.000000000
     -0.500000000    0.866025404    0.000000000
      0.000000000    0.000000000    5.013197440
           1  'Pb  '    188851.246969807     
           2  'Te  '    116300.285296078     
    1    2      0.0000000000      0.5773502692      2.7031875291
    2    1      0.0000000000      0.0000000000      2.3100099106

     Dynamical  Matrix in cartesian axes

     q = (    0.166666667   0.288675135   0.000000000 ) 

    1    1
  0.08803707  0.00000000    0.00915112 -0.00035140    0.00525341  0.00174803
  0.00915112  0.00035140    0.09860387 -0.00000000   -0.00303306  0.00302767
  0.00525341 -0.00174803   -0.00303306 -0.00302767    0.11207340  0.00000000
    1    2
 -0.00513709 -0.06197653    0.01307914 -0.00338086   -0.03499762  0.00034061
  0.01707194 -0.00568611   -0.04901952 -0.03182546   -0.04075237  0.03499762
 -0.03753691 -0.00061245   -0.04273143  0.03753691   -0.04253041 -0.07366483
    2    1
 -0.00513709  0.06197653    0.01707194  0.00568611   -0.03753691  0.00061245
  0.01307914  0.00338086   -0.04901952  0.03182546   -0.04273143 -0.03753691
 -0.03499762 -0.00034061   -0.04075237 -0.03499762   -0.04253041  0.07366483
    2    2
  0.08207946  0.00000000    0.00855892 -0.00573908    0.00274108 -0.00009196
  0.00855892  0.00573908    0.09196244 -0.00000000   -0.00158257 -0.00015928
  0.00274108  0.00009196   -0.00158257  0.00015928    0.11882496  0.00000000

     Dynamical  Matrix in cartesian axes

     q = (   -0.333333333   0.000000000   0.000000000 ) 

    1    1
  0.10388727 -0.00000000   -0.00000000 -0.00035140    0.00000000 -0.00349606
 -0.00000000  0.00035140    0.08275366 -0.00000000    0.00606612  0.00000000
  0.00000000  0.00349606    0.00606612 -0.00000000    0.11207340  0.00000000
    1    2
 -0.04998622 -0.00000000    0.00000000  0.03295033    0.00000000 -0.06095826
  0.00000000  0.02833984   -0.05832699 -0.00000000   -0.01986527  0.00000000
  0.00000000 -0.06440338   -0.02228439  0.00000000   -0.08506082 -0.00000000
    2    1
 -0.04998622  0.00000000    0.00000000 -0.02833984    0.00000000  0.06440338
  0.00000000 -0.03295033   -0.05832699  0.00000000   -0.02228439 -0.00000000
  0.00000000  0.06095826   -0.01986527 -0.00000000   -0.08506082  0.00000000
    2    2
  0.09690394 -0.00000000   -0.00000000 -0.00573908    0.00000000  0.00018393
 -0.00000000  0.00573908    0.07713796 -0.00000000    0.00316513 -0.00000000
  0.00000000 -0.00018393    0.00316513  0.00000000    0.11882496  0.00000000

     Dynamical  Matrix in cartesian axes

     q = (    0.166666667  -0.288675135   0.000000000 ) 

    1    1
  0.08803707 -0.00000000   -0.00915112 -0.00035140   -0.00525341  0.00174803
 -0.00915112  0.00035140    0.09860387 -0.00000000   -0.00303306 -0.00302767
 -0.00525341 -0.00174803   -0.00303306  0.00302767    0.11207340  0.00000000
    1    2
 -0.00513709  0.06197653   -0.01307914 -0.00338086    0.03499762  0.00034061
 -0.01707194 -0.00568611   -0.04901952  0.03182546   -0.04075237 -0.03499762
  0.03753691 -0.00061245   -0.04273143 -0.03753691   -0.04253041  0.07366483
    2    1
 -0.00513709 -0.06197653   -0.01707194  0.00568611    0.03753691  0.00061245
 -0.01307914  0.00338086   -0.04901952 -0.03182546   -0.04273143  0.03753691
  0.03499762 -0.00034061   -0.04075237  0.03499762   -0.04253041 -0.07366483
    2    2
  0.08207946 -0.00000000   -0.00855892 -0.00573908   -0.00274108 -0.00009196
 -0.00855892  0.00573908    0.09196244 -0.00000000   -0.00158257  0.00015928
 -0.00274108  0.00009196   -0.00158257 -0.00015928    0.11882496  0.00000000

     Dynamical  Matrix in cartesian axes

     q = (   -0.166666667   0.288675135   0.000000000 ) 

    1    1
  0.08803707  0.00000000   -0.00915112  0.00035140   -0.00525341 -0.00174803
 -0.00915112 -0.00035140    0.09860387  0.00000000   -0.00303306  0.00302767
 -0.00525341  0.00174803   -0.00303306 -0.00302767    0.11207340  0.00000000
    1    2
 -0.00513709 -0.06197653   -0.01307914  0.00338086    0.03499762 -0.00034061
 -0.01707194  0.00568611   -0.04901952 -0.03182546   -0.04075237  0.03499762
  0.03753691  0.00061245   -0.04273143  0.03753691   -0.04253041 -0.07366483
    2    1
 -0.00513709  0.06197653   -0.01707194 -0.00568611    0.03753691 -0.00061245
 -0.01307914 -0.00338086   -0.04901952  0.03182546   -0.04273143 -0.03753691
  0.03499762  0.00034061   -0.04075237 -0.03499762   -0.04253041  0.07366483
    2    2
  0.08207946  0.00000000   -0.00855892  0.00573908   -0.00274108  0.00009196
 -0.00855892 -0.00573908    0.09196244  0.00000000   -0.00158257 -0.00015928
 -0.00274108 -0.00009196   -0.00158257  0.00015928    0.11882496  0.00000000

     Dynamical  Matrix in cartesian axes

     q = (    0.333333333  -0.000000000   0.000000000 ) 

    1    1
  0.10388727 -0.00000000   -0.00000000  0.00035140    0.00000000  0.00349606
 -0.00000000 -0.00035140    0.08275366  0.00000000    0.00606612 -0.00000000
  0.00000000 -0.00349606    0.00606612  0.00000000    0.11207340  0.00000000
    1    2
 -0.04998622  0.00000000    0.00000000 -0.03295033    0.00000000  0.06095826
  0.00000000 -0.02833984   -0.05832699  0.00000000   -0.01986527 -0.00000000
  0.00000000  0.06440338   -0.02228439 -0.00000000   -0.08506082  0.00000000
    2    1
 -0.04998622 -0.00000000    0.00000000  0.02833984    0.00000000 -0.06440338
  0.00000000  0.03295033   -0.05832699 -0.00000000   -0.02228439  0.00000000
  0.00000000 -0.06095826   -0.01986527  0.00000000   -0.08506082 -0.00000000
    2    2
  0.09690394 -0.00000000   -0.00000000  0.00573908    0.00000000 -0.00018393
 -0.00000000 -0.00573908    0.07713796  0.00000000    0.00316513  0.00000000
  0.00000000  0.00018393    0.00316513 -0.00000000    0.11882496  0.00000000

     Dynamical  Matrix in cartesian axes

     q = (   -0.166666667  -0.288675135   0.000000000 ) 

    1    1
  0.08803707 -0.00000000    0.00915112  0.00035140    0.00525341 -0.00174803
  0.00915112 -0.00035140    0.09860387  0.00000000   -0.00303306 -0.00302767
  0.00525341  0.00174803   -0.00303306  0.00302767    0.11207340  0.00000000
    1    2
 -0.00513709  0.06197653    0.01307914  0.00338086   -0.03499762 -0.00034061
  0.01707194  0.00568611   -0.04901952  0.03182546   -0.04075237 -0.03499762
 -0.03753691  0.00061245   -0.04273143 -0.03753691   -0.04253041  0.07366483
    2    1
 -0.00513709 -0.06197653    0.01707194 -0.00568611   -0.03753691 -0.00061245
  0.01307914 -0.00338086   -0.04901952 -0.03182546   -0.04273143  0.03753691
 -0.03499762  0.00034061   -0.04075237  0.03499762   -0.04253041 -0.07366483
    2    2
  0.08207946 -0.00000000    0.00855892  0.00573908    0.00274108  0.00009196
  0.00855892 -0.00573908    0.09196244  0.00000000   -0.00158257  0.00015928
  0.00274108 -0.00009196   -0.00158257 -0.00015928    0.11882496  0.00000000

     Diagonalizing the dynamical matrix

     q = (    0.166666667   0.288675135   0.000000000 ) 

 **************************************************************************
     freq (    1) =       0.325104 [THz] =      10.844288 [cm-1]
 ( -0.095494 -0.007541 -0.102726  0.095494 -0.344795 -0.597203 ) 
 ( -0.113764 -0.179360  0.065682 -0.310660 -0.591339  0.000000 ) 
     freq (    2) =       0.962744 [THz] =      32.113691 [cm-1]
 ( -0.240912 -0.522424  0.244242  0.240912  0.022865  0.039603 ) 
 ( -0.603217  0.126548  0.348267  0.219187 -0.005751  0.000000 ) 
     freq (    3) =       1.159153 [THz] =      38.665197 [cm-1]
 (  0.350981 -0.051998  0.457276 -0.350981 -0.053351 -0.092407 ) 
 ( -0.212237 -0.290327  0.122535 -0.502861  0.364987  0.000000 ) 
     freq (    4) =       3.329725 [THz] =     111.067671 [cm-1]
 (  0.313927  0.670808 -0.308316 -0.313927 -0.063755 -0.110428 ) 
 ( -0.369516  0.121994  0.213340  0.211300  0.003624  0.000000 ) 
     freq (    5) =       3.778691 [THz] =     126.043578 [cm-1]
 ( -0.390800  0.164333 -0.615590  0.390800  0.102827  0.178101 ) 
 ( -0.151434 -0.190761  0.087430 -0.330408  0.264890  0.000000 ) 
     freq (    6) =       4.103799 [THz] =     136.887995 [cm-1]
 ( -0.129223 -0.078094 -0.071120  0.129223 -0.411153 -0.712138 ) 
 (  0.100449  0.106436 -0.057994  0.184353  0.469564  0.000000 ) 
 **************************************************************************
