Dynamical matrix file
                                                                           
  2    2  0  8.1473937  0.0000000  0.0000000  0.0000000  0.0000000  0.0000000
Basis vectors
      1.000000000    0.000000000    0.000000000
     -0.500000000    0.866025404    0.000000000
      0.000000000    0.000000000    5.013197440
           1  'Pb  '    188851.246969807     
           2  'Te  '    116300.285296078     
    1    2      0.0000000000      0.5773502692      2.7031875291
    2    1      0.0000000000      0.0000000000      2.3100099106

     Dynamical  Matrix in cartesian axes

     q = (   -0.000000000  -0.577350269   0.000000000 ) 

    1    1
  0.07625772  0.00000000   -0.00000000  0.00000000    0.00000000  0.00000000
 -0.00000000  0.00000000    0.11280469  0.00000000   -0.01119513  0.00000000
  0.00000000  0.00000000   -0.01119513  0.00000000    0.10314455  0.00000000
    1    2
  0.06566054  0.00000000   -0.00000000 -0.00000000    0.00000000  0.00000000
 -0.00000000 -0.00000000   -0.01791202 -0.00000000   -0.08703440 -0.00000000
  0.00000000  0.00000000   -0.09092246 -0.00000000    0.04430597  0.00000000
    2    1
  0.06566054 -0.00000000   -0.00000000  0.00000000    0.00000000 -0.00000000
 -0.00000000  0.00000000   -0.01791202  0.00000000   -0.09092246  0.00000000
  0.00000000 -0.00000000   -0.08703440  0.00000000    0.04430597 -0.00000000
    2    2
  0.07542123  0.00000000   -0.00000000  0.00000000    0.00000000  0.00000000
 -0.00000000  0.00000000    0.10763946  0.00000000   -0.00689275  0.00000000
  0.00000000  0.00000000   -0.00689275  0.00000000    0.11510904  0.00000000

     Dynamical  Matrix in cartesian axes

     q = (   -0.500000000   0.288675135   0.000000000 ) 

    1    1
  0.10366795  0.00000000   -0.01582530  0.00000000   -0.00969527  0.00000000
 -0.01582530  0.00000000    0.08539446  0.00000000    0.00559757  0.00000000
 -0.00969527  0.00000000    0.00559757  0.00000000    0.10314455  0.00000000
    1    2
 -0.00298112 -0.00000000   -0.03618798 -0.00000000    0.07537400  0.00000000
 -0.03618798 -0.00000000   -0.04476740 -0.00000000   -0.04351720 -0.00000000
  0.07874116  0.00000000   -0.04546123 -0.00000000   -0.04430597 -0.00000000
    2    1
 -0.00298112  0.00000000   -0.03618798  0.00000000    0.07874116 -0.00000000
 -0.03618798  0.00000000   -0.04476740  0.00000000   -0.04546123  0.00000000
  0.07537400 -0.00000000   -0.04351720  0.00000000   -0.04430597  0.00000000
    2    2
  0.09958490  0.00000000   -0.01395090  0.00000000   -0.00596929  0.00000000
 -0.01395090  0.00000000    0.08347579  0.00000000    0.00344637  0.00000000
 -0.00596929  0.00000000    0.00344637  0.00000000    0.11510904  0.00000000

     Dynamical  Matrix in cartesian axes

     q = (    0.500000000   0.288675135   0.000000000 ) 

    1    1
  0.10366795  0.00000000    0.01582530  0.00000000    0.00969527  0.00000000
  0.01582530  0.00000000    0.08539446  0.00000000    0.00559757  0.00000000
  0.00969527  0.00000000    0.00559757  0.00000000    0.10314455  0.00000000
    1    2
 -0.00298112 -0.00000000    0.03618798  0.00000000   -0.07537400 -0.00000000
  0.03618798  0.00000000   -0.04476740 -0.00000000   -0.04351720 -0.00000000
 -0.07874116 -0.00000000   -0.04546123 -0.00000000   -0.04430597 -0.00000000
    2    1
 -0.00298112  0.00000000    0.03618798 -0.00000000   -0.07874116  0.00000000
  0.03618798 -0.00000000   -0.04476740  0.00000000   -0.04546123  0.00000000
 -0.07537400  0.00000000   -0.04351720  0.00000000   -0.04430597  0.00000000
    2    2
  0.09958490  0.00000000    0.01395090  0.00000000    0.00596929  0.00000000
  0.01395090  0.00000000    0.08347579  0.00000000    0.00344637  0.00000000
  0.00596929  0.00000000    0.00344637  0.00000000    0.11510904  0.00000000

     Diagonalizing the dynamical matrix

     q = (   -0.000000000  -0.577350269   0.000000000 ) 

 **************************************************************************
     freq (    1) =       0.708672 [THz] =      23.638737 [cm-1]
 ( -0.000000  0.000000 -0.092947  0.000000  0.710472  0.000000 ) 
 (  0.000000  0.000000  0.613316  0.000000 -0.332315  0.000000 ) 
     freq (    2) =       0.847198 [THz] =      28.259474 [cm-1]
 (  0.691749  0.000000 -0.000000  0.000000  0.000000  0.000000 ) 
 ( -0.722138  0.000000  0.000000  0.000000 -0.000000  0.000000 ) 
     freq (    3) =       1.289014 [THz] =      42.996870 [cm-1]
 (  0.000000  0.000000  0.672310  0.000000  0.109588  0.000000 ) 
 (  0.000000  0.000000  0.336785  0.000000  0.650050  0.000000 ) 
     freq (    4) =       3.271283 [THz] =     109.118243 [cm-1]
 (  0.861302  0.000000  0.000000  0.000000 -0.000000  0.000000 ) 
 (  0.508094  0.000000 -0.000000  0.000000 -0.000000  0.000000 ) 
     freq (    5) =       3.699591 [THz] =     123.405066 [cm-1]
 (  0.000000  0.000000 -0.650283  0.000000 -0.556320  0.000000 ) 
 (  0.000000  0.000000  0.462154  0.000000  0.232496  0.000000 ) 
     freq (    6) =       4.124499 [THz] =     137.578479 [cm-1]
 (  0.000000  0.000000 -0.583582  0.000000  0.628101  0.000000 ) 
 (  0.000000  0.000000 -0.262726  0.000000  0.442601  0.000000 ) 
 **************************************************************************
