Dynamical matrix file
                                                                           
  2    2  0  8.1473937  0.0000000  0.0000000  0.0000000  0.0000000  0.0000000
Basis vectors
      1.000000000    0.000000000    0.000000000
     -0.500000000    0.866025404    0.000000000
      0.000000000    0.000000000    5.013197440
           1  'Pb  '    188851.246969807     
           2  'Te  '    116300.285296078     
    1    2      0.0000000000      0.5773502692      2.7031875291
    2    1      0.0000000000      0.0000000000      2.3100099106

     Dynamical  Matrix in cartesian axes

     q = (    0.333333333   0.577350269   0.000000000 ) 

    1    1
  0.10015790  0.00000000   -0.00000000  0.00159875    0.00000000  0.00000000
 -0.00000000 -0.00159875    0.10015790  0.00000000    0.00000000  0.00000000
  0.00000000  0.00000000    0.00000000  0.00000000    0.09560838  0.00000000
    1    2
  0.03021571  0.00000000   -0.00000000  0.03021571    0.00000000 -0.06214523
 -0.00000000  0.03021571   -0.03021571 -0.00000000   -0.06214523 -0.00000000
  0.00000000 -0.06434482   -0.06434482 -0.00000000    0.00000000 -0.00000000
    2    1
  0.03021571 -0.00000000   -0.00000000 -0.03021571    0.00000000  0.06434482
 -0.00000000 -0.03021571   -0.03021571  0.00000000   -0.06434482  0.00000000
  0.00000000  0.06214523   -0.06214523  0.00000000    0.00000000  0.00000000
    2    2
  0.09050027  0.00000000   -0.00000000 -0.00770882    0.00000000  0.00000000
 -0.00000000  0.00770882    0.09050027 -0.00000000    0.00000000  0.00000000
  0.00000000  0.00000000    0.00000000  0.00000000    0.11052973  0.00000000

     Dynamical  Matrix in cartesian axes

     q = (   -0.333333333   0.577350269   0.000000000 ) 

    1    1
  0.10015790  0.00000000   -0.00000000 -0.00159875    0.00000000  0.00000000
 -0.00000000  0.00159875    0.10015790 -0.00000000    0.00000000  0.00000000
  0.00000000  0.00000000    0.00000000  0.00000000    0.09560838  0.00000000
    1    2
  0.03021571  0.00000000    0.00000000 -0.03021571   -0.00000000  0.06214523
  0.00000000 -0.03021571   -0.03021571 -0.00000000   -0.06214523 -0.00000000
 -0.00000000  0.06434482   -0.06434482 -0.00000000    0.00000000 -0.00000000
    2    1
  0.03021571 -0.00000000    0.00000000  0.03021571   -0.00000000 -0.06434482
  0.00000000  0.03021571   -0.03021571  0.00000000   -0.06434482  0.00000000
 -0.00000000 -0.06214523   -0.06214523  0.00000000    0.00000000  0.00000000
    2    2
  0.09050027  0.00000000   -0.00000000  0.00770882    0.00000000  0.00000000
 -0.00000000 -0.00770882    0.09050027  0.00000000    0.00000000  0.00000000
  0.00000000  0.00000000    0.00000000  0.00000000    0.11052973  0.00000000

     Diagonalizing the dynamical matrix

     q = (    0.333333333   0.577350269   0.000000000 ) 

 **************************************************************************
     freq (    1) =       0.647554 [THz] =      21.600073 [cm-1]
 (  0.000000  0.000000 -0.000000  0.000000 -0.706698 -0.000000 ) 
 ( -0.000000  0.500289 -0.500289 -0.000000 -0.000000  0.000000 ) 
     freq (    2) =       1.137998 [THz] =      37.959537 [cm-1]
 (  0.000000  0.500131  0.500131 -0.000000 -0.000000 -0.000000 ) 
 ( -0.000000  0.000000 -0.000000  0.000000  0.706922  0.000000 ) 
     freq (    3) =       1.421644 [THz] =      47.420944 [cm-1]
 ( -0.107824  0.423609 -0.423609 -0.107824  0.000000  0.000000 ) 
 (  0.137103 -0.538639 -0.538639 -0.137103  0.000000  0.000000 ) 
     freq (    4) =       3.449022 [THz] =     115.046977 [cm-1]
 (  0.428409  0.470604 -0.470604  0.428409  0.000000 -0.000000 ) 
 (  0.207485  0.227921  0.227921 -0.207485 -0.000000  0.000000 ) 
     freq (    5) =       3.755859 [THz] =     125.281978 [cm-1]
 (  0.000000 -0.000000 -0.000000  0.000000  0.851759  0.000000 ) 
 ( -0.000000  0.370477 -0.370477 -0.000000  0.000000  0.000000 ) 
     freq (    6) =       3.809071 [THz] =     127.056947 [cm-1]
 (  0.000000 -0.602007 -0.602007  0.000000 -0.000000 -0.000000 ) 
 (  0.000000 -0.000000  0.000000 -0.000000  0.524571  0.000000 ) 
 **************************************************************************
