Dynamical matrix file
AiiDA calculation                                                          
  1    2   0   4.6600075   0.0000000   0.0000000   0.0000000   0.0000000   0.0000000
Basis vectors
      1.000000000    0.000000000    0.000000000
     -0.500000000    0.866025404    0.000000000
      0.000000000    0.000000000    8.110399659
           1  'C   '    10947.3568039781     
    1    1      0.0000000000      0.5773502692      4.0551998718
    2    1      0.0000000000      0.0000000000      4.0551997876

     Dynamical  Matrix in cartesian axes

     q = (    0.200000000   0.461880215   0.000000000 ) 

    1    1
  1.16324827   0.00000000     0.08703013   0.02579546     0.00000000   0.00000000
  0.08703013  -0.02579546     1.45058075   0.00000000     0.00000000   0.00000000
  0.00000000   0.00000000     0.00000000   0.00000000     0.27740934   0.00000000
    1    2
  0.35911250  -0.37575244     0.09041386   0.05843015     0.00000000   0.00000000
  0.09041386   0.05843015    -0.16459674  -0.29274739     0.00000000   0.00000000
  0.00000000   0.00000000     0.00000000   0.00000000     0.02458619  -0.13487582
    2    1
  0.35911250   0.37575244     0.09041386  -0.05843015     0.00000000   0.00000000
  0.09041386  -0.05843015    -0.16459674   0.29274739     0.00000000   0.00000000
  0.00000000   0.00000000     0.00000000   0.00000000     0.02458619   0.13487582
    2    2
  1.16324827   0.00000000     0.08703013  -0.02579546     0.00000000   0.00000000
  0.08703013   0.02579546     1.45058075   0.00000000     0.00000000   0.00000000
  0.00000000   0.00000000     0.00000000   0.00000000     0.27740934   0.00000000

     Dynamical  Matrix in cartesian axes

     q = (    0.300000000   0.404145188   0.000000000 ) 

    1    1
  1.30337732   0.00000000     0.16793368   0.02579546     0.00000000   0.00000000
  0.16793368  -0.02579546     1.31045169   0.00000000     0.00000000   0.00000000
  0.00000000   0.00000000     0.00000000   0.00000000     0.27740934   0.00000000
    1    2
  0.11197013  -0.36410065     0.18156582   0.06515732     0.00000000   0.00000000
  0.18156582   0.06515732    -0.30648589  -0.30439919     0.00000000   0.00000000
  0.00000000   0.00000000     0.00000000   0.00000000    -0.02458619  -0.13487582
    2    1
  0.11197013   0.36410065     0.18156582  -0.06515732     0.00000000   0.00000000
  0.18156582  -0.06515732    -0.30648589   0.30439919     0.00000000   0.00000000
  0.00000000   0.00000000     0.00000000   0.00000000    -0.02458619   0.13487582
    2    2
  1.30337732   0.00000000     0.16793368  -0.02579546     0.00000000   0.00000000
  0.16793368   0.02579546     1.31045169   0.00000000     0.00000000   0.00000000
  0.00000000   0.00000000     0.00000000   0.00000000     0.27740934   0.00000000

     Dynamical  Matrix in cartesian axes

     q = (   -0.200000000  -0.461880215   0.000000000 ) 

    1    1
  1.16324827   0.00000000     0.08703013  -0.02579546     0.00000000   0.00000000
  0.08703013   0.02579546     1.45058075   0.00000000     0.00000000   0.00000000
  0.00000000   0.00000000     0.00000000   0.00000000     0.27740934   0.00000000
    1    2
  0.35911250   0.37575244     0.09041386  -0.05843015     0.00000000   0.00000000
  0.09041386  -0.05843015    -0.16459674   0.29274739     0.00000000   0.00000000
  0.00000000   0.00000000     0.00000000   0.00000000     0.02458619   0.13487582
    2    1
  0.35911250  -0.37575244     0.09041386   0.05843015     0.00000000   0.00000000
  0.09041386   0.05843015    -0.16459674  -0.29274739     0.00000000   0.00000000
  0.00000000   0.00000000     0.00000000   0.00000000     0.02458619  -0.13487582
    2    2
  1.16324827   0.00000000     0.08703013   0.02579546     0.00000000   0.00000000
  0.08703013  -0.02579546     1.45058075   0.00000000     0.00000000   0.00000000
  0.00000000   0.00000000     0.00000000   0.00000000     0.27740934   0.00000000

     Dynamical  Matrix in cartesian axes

     q = (    0.200000000  -0.461880215   0.000000000 ) 

    1    1
  1.16324827   0.00000000    -0.08703013   0.02579546     0.00000000   0.00000000
 -0.08703013  -0.02579546     1.45058075   0.00000000     0.00000000   0.00000000
  0.00000000   0.00000000     0.00000000   0.00000000     0.27740934   0.00000000
    1    2
  0.35911250   0.37575244    -0.09041386   0.05843015     0.00000000   0.00000000
 -0.09041386   0.05843015    -0.16459674   0.29274739     0.00000000   0.00000000
  0.00000000   0.00000000     0.00000000   0.00000000     0.02458619   0.13487582
    2    1
  0.35911250  -0.37575244    -0.09041386  -0.05843015     0.00000000   0.00000000
 -0.09041386  -0.05843015    -0.16459674  -0.29274739     0.00000000   0.00000000
  0.00000000   0.00000000     0.00000000   0.00000000     0.02458619  -0.13487582
    2    2
  1.16324827   0.00000000    -0.08703013  -0.02579546     0.00000000   0.00000000
 -0.08703013   0.02579546     1.45058075   0.00000000     0.00000000   0.00000000
  0.00000000   0.00000000     0.00000000   0.00000000     0.27740934   0.00000000

     Dynamical  Matrix in cartesian axes

     q = (   -0.300000000  -0.404145188   0.000000000 ) 

    1    1
  1.30337732   0.00000000     0.16793368  -0.02579546     0.00000000   0.00000000
  0.16793368   0.02579546     1.31045169   0.00000000     0.00000000   0.00000000
  0.00000000   0.00000000     0.00000000   0.00000000     0.27740934   0.00000000
    1    2
  0.11197013   0.36410065     0.18156582  -0.06515732     0.00000000   0.00000000
  0.18156582  -0.06515732    -0.30648589   0.30439919     0.00000000   0.00000000
  0.00000000   0.00000000     0.00000000   0.00000000    -0.02458619   0.13487582
    2    1
  0.11197013  -0.36410065     0.18156582   0.06515732     0.00000000   0.00000000
  0.18156582   0.06515732    -0.30648589  -0.30439919     0.00000000   0.00000000
  0.00000000   0.00000000     0.00000000   0.00000000    -0.02458619  -0.13487582
    2    2
  1.30337732   0.00000000     0.16793368   0.02579546     0.00000000   0.00000000
  0.16793368  -0.02579546     1.31045169   0.00000000     0.00000000   0.00000000
  0.00000000   0.00000000     0.00000000   0.00000000     0.27740934   0.00000000

     Dynamical  Matrix in cartesian axes

     q = (    0.500000000  -0.057735027   0.000000000 ) 

    1    1
  1.45411793   0.00000000    -0.08090355  -0.02579546     0.00000000   0.00000000
 -0.08090355   0.02579546     1.15971108   0.00000000     0.00000000   0.00000000
  0.00000000   0.00000000     0.00000000   0.00000000     0.27740934   0.00000000
    1    2
 -0.26382140   0.03879268    -0.09044426  -0.25658924     0.00000000   0.00000000
 -0.09044426  -0.25658924    -0.43206840  -0.01721035     0.00000000   0.00000000
  0.00000000   0.00000000     0.00000000   0.00000000    -0.13587208   0.01829606
    2    1
 -0.26382140  -0.03879268    -0.09044426   0.25658924     0.00000000   0.00000000
 -0.09044426   0.25658924    -0.43206840   0.01721035     0.00000000   0.00000000
  0.00000000   0.00000000     0.00000000   0.00000000    -0.13587208  -0.01829606
    2    2
  1.45411793   0.00000000    -0.08090355   0.02579546     0.00000000   0.00000000
 -0.08090355  -0.02579546     1.15971108   0.00000000     0.00000000   0.00000000
  0.00000000   0.00000000     0.00000000   0.00000000     0.27740934   0.00000000

     Dynamical  Matrix in cartesian axes

     q = (   -0.500000000   0.057735027   0.000000000 ) 

    1    1
  1.45411793   0.00000000    -0.08090355   0.02579546     0.00000000   0.00000000
 -0.08090355  -0.02579546     1.15971108   0.00000000     0.00000000   0.00000000
  0.00000000   0.00000000     0.00000000   0.00000000     0.27740934   0.00000000
    1    2
 -0.26382140  -0.03879268    -0.09044426   0.25658924     0.00000000   0.00000000
 -0.09044426   0.25658924    -0.43206840   0.01721035     0.00000000   0.00000000
  0.00000000   0.00000000     0.00000000   0.00000000    -0.13587208  -0.01829606
    2    1
 -0.26382140   0.03879268    -0.09044426  -0.25658924     0.00000000   0.00000000
 -0.09044426  -0.25658924    -0.43206840  -0.01721035     0.00000000   0.00000000
  0.00000000   0.00000000     0.00000000   0.00000000    -0.13587208   0.01829606
    2    2
  1.45411793   0.00000000    -0.08090355  -0.02579546     0.00000000   0.00000000
 -0.08090355   0.02579546     1.15971108   0.00000000     0.00000000   0.00000000
  0.00000000   0.00000000     0.00000000   0.00000000     0.27740934   0.00000000

     Dynamical  Matrix in cartesian axes

     q = (   -0.200000000   0.461880215   0.000000000 ) 

    1    1
  1.16324827   0.00000000    -0.08703013  -0.02579546     0.00000000   0.00000000
 -0.08703013   0.02579546     1.45058075   0.00000000     0.00000000   0.00000000
  0.00000000   0.00000000     0.00000000   0.00000000     0.27740934   0.00000000
    1    2
  0.35911250  -0.37575244    -0.09041386  -0.05843015     0.00000000   0.00000000
 -0.09041386  -0.05843015    -0.16459674  -0.29274739     0.00000000   0.00000000
  0.00000000   0.00000000     0.00000000   0.00000000     0.02458619  -0.13487582
    2    1
  0.35911250   0.37575244    -0.09041386   0.05843015     0.00000000   0.00000000
 -0.09041386   0.05843015    -0.16459674   0.29274739     0.00000000   0.00000000
  0.00000000   0.00000000     0.00000000   0.00000000     0.02458619   0.13487582
    2    2
  1.16324827   0.00000000    -0.08703013   0.02579546     0.00000000   0.00000000
 -0.08703013  -0.02579546     1.45058075   0.00000000     0.00000000   0.00000000
  0.00000000   0.00000000     0.00000000   0.00000000     0.27740934   0.00000000

     Dynamical  Matrix in cartesian axes

     q = (   -0.300000000   0.404145188   0.000000000 ) 

    1    1
  1.30337732   0.00000000    -0.16793368  -0.02579546     0.00000000   0.00000000
 -0.16793368   0.02579546     1.31045169   0.00000000     0.00000000   0.00000000
  0.00000000   0.00000000     0.00000000   0.00000000     0.27740934   0.00000000
    1    2
  0.11197013  -0.36410065    -0.18156582  -0.06515732     0.00000000   0.00000000
 -0.18156582  -0.06515732    -0.30648589  -0.30439919     0.00000000   0.00000000
  0.00000000   0.00000000     0.00000000   0.00000000    -0.02458619  -0.13487582
    2    1
  0.11197013   0.36410065    -0.18156582   0.06515732     0.00000000   0.00000000
 -0.18156582   0.06515732    -0.30648589   0.30439919     0.00000000   0.00000000
  0.00000000   0.00000000     0.00000000   0.00000000    -0.02458619   0.13487582
    2    2
  1.30337732   0.00000000    -0.16793368   0.02579546     0.00000000   0.00000000
 -0.16793368  -0.02579546     1.31045169   0.00000000     0.00000000   0.00000000
  0.00000000   0.00000000     0.00000000   0.00000000     0.27740934   0.00000000

     Dynamical  Matrix in cartesian axes

     q = (    0.500000000   0.057735027   0.000000000 ) 

    1    1
  1.45411793   0.00000000     0.08090355  -0.02579546     0.00000000   0.00000000
  0.08090355   0.02579546     1.15971108   0.00000000     0.00000000   0.00000000
  0.00000000   0.00000000     0.00000000   0.00000000     0.27740934   0.00000000
    1    2
 -0.26382140  -0.03879268     0.09044426  -0.25658924     0.00000000   0.00000000
  0.09044426  -0.25658924    -0.43206840   0.01721035     0.00000000   0.00000000
  0.00000000   0.00000000     0.00000000   0.00000000    -0.13587208  -0.01829606
    2    1
 -0.26382140   0.03879268     0.09044426   0.25658924     0.00000000   0.00000000
  0.09044426   0.25658924    -0.43206840  -0.01721035     0.00000000   0.00000000
  0.00000000   0.00000000     0.00000000   0.00000000    -0.13587208   0.01829606
    2    2
  1.45411793   0.00000000     0.08090355   0.02579546     0.00000000   0.00000000
  0.08090355  -0.02579546     1.15971108   0.00000000     0.00000000   0.00000000
  0.00000000   0.00000000     0.00000000   0.00000000     0.27740934   0.00000000

     Dynamical  Matrix in cartesian axes

     q = (   -0.500000000  -0.057735027   0.000000000 ) 

    1    1
  1.45411793   0.00000000     0.08090355   0.02579546     0.00000000   0.00000000
  0.08090355  -0.02579546     1.15971108   0.00000000     0.00000000   0.00000000
  0.00000000   0.00000000     0.00000000   0.00000000     0.27740934   0.00000000
    1    2
 -0.26382140   0.03879268     0.09044426   0.25658924     0.00000000   0.00000000
  0.09044426   0.25658924    -0.43206840  -0.01721035     0.00000000   0.00000000
  0.00000000   0.00000000     0.00000000   0.00000000    -0.13587208   0.01829606
    2    1
 -0.26382140  -0.03879268     0.09044426  -0.25658924     0.00000000   0.00000000
  0.09044426  -0.25658924    -0.43206840   0.01721035     0.00000000   0.00000000
  0.00000000   0.00000000     0.00000000   0.00000000    -0.13587208  -0.01829606
    2    2
  1.45411793   0.00000000     0.08090355  -0.02579546     0.00000000   0.00000000
  0.08090355   0.02579546     1.15971108   0.00000000     0.00000000   0.00000000
  0.00000000   0.00000000     0.00000000   0.00000000     0.27740934   0.00000000

     Dynamical  Matrix in cartesian axes

     q = (    0.300000000  -0.404145188   0.000000000 ) 

    1    1
  1.30337732   0.00000000    -0.16793368   0.02579546     0.00000000   0.00000000
 -0.16793368  -0.02579546     1.31045169   0.00000000     0.00000000   0.00000000
  0.00000000   0.00000000     0.00000000   0.00000000     0.27740934   0.00000000
    1    2
  0.11197013   0.36410065    -0.18156582   0.06515732     0.00000000   0.00000000
 -0.18156582   0.06515732    -0.30648589   0.30439919     0.00000000   0.00000000
  0.00000000   0.00000000     0.00000000   0.00000000    -0.02458619   0.13487582
    2    1
  0.11197013  -0.36410065    -0.18156582  -0.06515732     0.00000000   0.00000000
 -0.18156582  -0.06515732    -0.30648589  -0.30439919     0.00000000   0.00000000
  0.00000000   0.00000000     0.00000000   0.00000000    -0.02458619  -0.13487582
    2    2
  1.30337732   0.00000000    -0.16793368  -0.02579546     0.00000000   0.00000000
 -0.16793368   0.02579546     1.31045169   0.00000000     0.00000000   0.00000000
  0.00000000   0.00000000     0.00000000   0.00000000     0.27740934   0.00000000

     Diagonalizing the dynamical matrix

     q = (    0.200000000   0.461880215   0.000000000 ) 

 **************************************************************************
     freq (    1) =      11.777855 [THz] =     392.866939 [cm-1]
 (  0.000000  0.000000 -0.000000 -0.000000 -0.126807  0.695644 ) 
 (  0.000000 -0.000000 -0.000000  0.000000  0.707107  0.000000 ) 
     freq (    2) =      20.243552 [THz] =     675.252201 [cm-1]
 ( -0.000000 -0.000000  0.000000  0.000000  0.126807 -0.695644 ) 
 ( -0.000000  0.000000  0.000000 -0.000000  0.707107  0.000000 ) 
     freq (    3) =      24.446357 [THz] =     815.442681 [cm-1]
 (  0.090782  0.676087 -0.151129 -0.108745  0.000000 -0.000000 ) 
 (  0.460998 -0.502807 -0.186165  0.002822  0.000000  0.000000 ) 
     freq (    4) =      33.302376 [THz] =    1110.847695 [cm-1]
 ( -0.172794  0.162358  0.319030  0.584809 -0.000000  0.000000 ) 
 (  0.056293 -0.230324  0.666093 -0.010098 -0.000000  0.000000 ) 
     freq (    5) =      40.935689 [THz] =    1365.467597 [cm-1]
 (  0.230770  0.594942 -0.303621 -0.024571  0.000000  0.000000 ) 
 ( -0.269269  0.578537  0.304578 -0.004618 -0.000000  0.000000 ) 
     freq (    6) =      42.259908 [THz] =    1409.638787 [cm-1]
 ( -0.094253  0.249706  0.226297  0.614454 -0.000000 -0.000000 ) 
 ( -0.199074  0.177781 -0.654725  0.009926  0.000000  0.000000 ) 
 **************************************************************************
