Dynamical matrix file
                                                                           
  1    2  0  4.6600075  0.0000000  0.0000000  0.0000000  0.0000000  0.0000000
Basis vectors
      1.000000000    0.000000000    0.000000000
     -0.500000000    0.866025404    0.000000000
      0.000000000    0.000000000    8.110399659
           1  'C   '    10947.3567922507     
    1    1      0.0000000000      0.5773502692      4.0551998718
    2    1      0.0000000000      0.0000000000      4.0551997876

     Dynamical  Matrix in cartesian axes

     q = (    0.000000000  -0.577350269   0.000000000 ) 

    1    1
  1.06428128  0.00000000    0.00000000  0.00000000    0.00000000  0.00000000
  0.00000000  0.00000000    1.62476138  0.00000000    0.00000000  0.00000000
  0.00000000  0.00000000    0.00000000  0.00000000    0.28179865  0.00000000
    1    2
  0.71077650  0.00000000    0.00000000  0.00000000    0.00000000  0.00000000
  0.00000000  0.00000000   -0.01962009  0.00000000    0.00000000  0.00000000
  0.00000000  0.00000000    0.00000000  0.00000000    0.08142550  0.00000000
    2    1
  0.71077650  0.00000000    0.00000000  0.00000000    0.00000000  0.00000000
  0.00000000  0.00000000   -0.01962009  0.00000000    0.00000000  0.00000000
  0.00000000  0.00000000    0.00000000  0.00000000    0.08142550  0.00000000
    2    2
  1.06428128  0.00000000    0.00000000  0.00000000    0.00000000  0.00000000
  0.00000000  0.00000000    1.62476138  0.00000000    0.00000000  0.00000000
  0.00000000  0.00000000    0.00000000  0.00000000    0.28179865  0.00000000

     Dynamical  Matrix in cartesian axes

     q = (    0.500000000   0.288675135   0.000000000 ) 

    1    1
  1.48464136  0.00000000    0.24269501  0.00000000    0.00000000  0.00000000
  0.24269501  0.00000000    1.20440130  0.00000000    0.00000000  0.00000000
  0.00000000  0.00000000    0.00000000  0.00000000    0.28179865  0.00000000
    1    2
 -0.16297905  0.00000000    0.31627100 -0.00000000    0.00000000  0.00000000
  0.31627100 -0.00000000   -0.52817735  0.00000000    0.00000000  0.00000000
  0.00000000  0.00000000    0.00000000  0.00000000   -0.08142550  0.00000000
    2    1
 -0.16297905 -0.00000000    0.31627100  0.00000000    0.00000000  0.00000000
  0.31627100  0.00000000   -0.52817735 -0.00000000    0.00000000  0.00000000
  0.00000000  0.00000000    0.00000000  0.00000000   -0.08142550 -0.00000000
    2    2
  1.48464136  0.00000000    0.24269501  0.00000000    0.00000000  0.00000000
  0.24269501  0.00000000    1.20440130  0.00000000    0.00000000  0.00000000
  0.00000000  0.00000000    0.00000000  0.00000000    0.28179865  0.00000000

     Dynamical  Matrix in cartesian axes

     q = (   -0.500000000   0.288675135   0.000000000 ) 

    1    1
  1.48464136  0.00000000   -0.24269501  0.00000000    0.00000000  0.00000000
 -0.24269501  0.00000000    1.20440130  0.00000000    0.00000000  0.00000000
  0.00000000  0.00000000    0.00000000  0.00000000    0.28179865  0.00000000
    1    2
 -0.16297905  0.00000000   -0.31627100  0.00000000    0.00000000  0.00000000
 -0.31627100  0.00000000   -0.52817735  0.00000000    0.00000000  0.00000000
  0.00000000  0.00000000    0.00000000  0.00000000   -0.08142550  0.00000000
    2    1
 -0.16297905 -0.00000000   -0.31627100 -0.00000000    0.00000000  0.00000000
 -0.31627100 -0.00000000   -0.52817735 -0.00000000    0.00000000  0.00000000
  0.00000000  0.00000000    0.00000000  0.00000000   -0.08142550 -0.00000000
    2    2
  1.48464136  0.00000000   -0.24269501  0.00000000    0.00000000  0.00000000
 -0.24269501  0.00000000    1.20440130  0.00000000    0.00000000  0.00000000
  0.00000000  0.00000000    0.00000000  0.00000000    0.28179865  0.00000000

     Diagonalizing the dynamical matrix

     q = (    0.000000000  -0.577350269   0.000000000 ) 

 **************************************************************************
     freq (    1) =      14.074733 [THz] =     469.482556 [cm-1]
 (  0.000000  0.000000  0.000000  0.000000  0.707107  0.000000 ) 
 ( -0.000000  0.000000  0.000000  0.000000 -0.707107  0.000000 ) 
     freq (    2) =      18.694680 [THz] =     623.587415 [cm-1]
 ( -0.707107  0.000000  0.000000  0.000000  0.000000  0.000000 ) 
 (  0.707107  0.000000 -0.000000  0.000000  0.000000  0.000000 ) 
     freq (    3) =      18.949937 [THz] =     632.101844 [cm-1]
 (  0.000000  0.000000  0.000000  0.000000  0.707107  0.000000 ) 
 ( -0.000000  0.000000  0.000000  0.000000  0.707107  0.000000 ) 
     freq (    4) =      39.836120 [THz] =    1328.789934 [cm-1]
 ( -0.000000  0.000000 -0.707107  0.000000  0.000000  0.000000 ) 
 ( -0.000000  0.000000 -0.707107  0.000000  0.000000  0.000000 ) 
     freq (    5) =      40.320108 [THz] =    1344.934036 [cm-1]
 (  0.000000  0.000000  0.707107  0.000000  0.000000  0.000000 ) 
 (  0.000000  0.000000 -0.707107  0.000000  0.000000  0.000000 ) 
     freq (    6) =      41.891571 [THz] =    1397.352392 [cm-1]
 ( -0.707107  0.000000  0.000000  0.000000  0.000000  0.000000 ) 
 ( -0.707107  0.000000 -0.000000  0.000000  0.000000  0.000000 ) 
 **************************************************************************
