Dynamical matrix file
AiiDA calculation                                                          
  1    2   0   4.6600075   0.0000000   0.0000000   0.0000000   0.0000000   0.0000000
Basis vectors
      1.000000000    0.000000000    0.000000000
     -0.500000000    0.866025404    0.000000000
      0.000000000    0.000000000    8.110399659
           1  'C   '    10947.3568039781     
    1    1      0.0000000000      0.5773502692      4.0551998718
    2    1      0.0000000000      0.0000000000      4.0551997876

     Dynamical  Matrix in cartesian axes

     q = (    0.100000000   0.173205081   0.000000000 ) 

    1    1
  1.14250198   0.00000000     0.09204364   0.01373976     0.00000000   0.00000000
  0.09204364  -0.01373976     1.24878482   0.00000000     0.00000000   0.00000000
  0.00000000   0.00000000     0.00000000   0.00000000     0.33300589   0.00000000
    1    2
 -0.70856341  -0.66938817     0.01996663  -0.07474408     0.00000000   0.00000000
  0.01996663  -0.07474408    -0.88153555  -0.48588634     0.00000000   0.00000000
  0.00000000   0.00000000     0.00000000   0.00000000    -0.26359598  -0.19151369
    2    1
 -0.70856341   0.66938817     0.01996663   0.07474408     0.00000000   0.00000000
  0.01996663   0.07474408    -0.88153555   0.48588634     0.00000000   0.00000000
  0.00000000   0.00000000     0.00000000   0.00000000    -0.26359598   0.19151369
    2    2
  1.14250198   0.00000000     0.09204364  -0.01373976     0.00000000   0.00000000
  0.09204364   0.01373976     1.24878482   0.00000000     0.00000000   0.00000000
  0.00000000   0.00000000     0.00000000   0.00000000     0.33300589   0.00000000

     Dynamical  Matrix in cartesian axes

     q = (   -0.100000000  -0.173205081   0.000000000 ) 

    1    1
  1.14250198   0.00000000     0.09204364  -0.01373976     0.00000000   0.00000000
  0.09204364   0.01373976     1.24878482   0.00000000     0.00000000   0.00000000
  0.00000000   0.00000000     0.00000000   0.00000000     0.33300589   0.00000000
    1    2
 -0.70856341   0.66938817     0.01996663   0.07474408     0.00000000   0.00000000
  0.01996663   0.07474408    -0.88153555   0.48588634     0.00000000   0.00000000
  0.00000000   0.00000000     0.00000000   0.00000000    -0.26359598   0.19151369
    2    1
 -0.70856341  -0.66938817     0.01996663  -0.07474408     0.00000000   0.00000000
  0.01996663  -0.07474408    -0.88153555  -0.48588634     0.00000000   0.00000000
  0.00000000   0.00000000     0.00000000   0.00000000    -0.26359598  -0.19151369
    2    2
  1.14250198   0.00000000     0.09204364   0.01373976     0.00000000   0.00000000
  0.09204364  -0.01373976     1.24878482   0.00000000     0.00000000   0.00000000
  0.00000000   0.00000000     0.00000000   0.00000000     0.33300589   0.00000000

     Dynamical  Matrix in cartesian axes

     q = (    0.100000000  -0.173205081   0.000000000 ) 

    1    1
  1.14250198   0.00000000    -0.09204364   0.01373976     0.00000000   0.00000000
 -0.09204364  -0.01373976     1.24878482   0.00000000     0.00000000   0.00000000
  0.00000000   0.00000000     0.00000000   0.00000000     0.33300589   0.00000000
    1    2
 -0.70856341   0.66938817    -0.01996663  -0.07474408     0.00000000   0.00000000
 -0.01996663  -0.07474408    -0.88153555   0.48588634     0.00000000   0.00000000
  0.00000000   0.00000000     0.00000000   0.00000000    -0.26359598   0.19151369
    2    1
 -0.70856341  -0.66938817    -0.01996663   0.07474408     0.00000000   0.00000000
 -0.01996663   0.07474408    -0.88153555  -0.48588634     0.00000000   0.00000000
  0.00000000   0.00000000     0.00000000   0.00000000    -0.26359598  -0.19151369
    2    2
  1.14250198   0.00000000    -0.09204364  -0.01373976     0.00000000   0.00000000
 -0.09204364   0.01373976     1.24878482   0.00000000     0.00000000   0.00000000
  0.00000000   0.00000000     0.00000000   0.00000000     0.33300589   0.00000000

     Dynamical  Matrix in cartesian axes

     q = (    0.200000000   0.000000000   0.000000000 ) 

    1    1
  1.30192624   0.00000000     0.00000000  -0.01373976     0.00000000   0.00000000
  0.00000000   0.01373976     1.08936056   0.00000000     0.00000000   0.00000000
  0.00000000   0.00000000     0.00000000   0.00000000     0.33300589   0.00000000
    1    2
 -1.01481293  -0.00000000     0.00000000  -0.14441065     0.00000000   0.00000000
  0.00000000  -0.14441065    -0.95065747  -0.00000000     0.00000000   0.00000000
  0.00000000   0.00000000     0.00000000   0.00000000    -0.32582255  -0.00000000
    2    1
 -1.01481293   0.00000000     0.00000000   0.14441065     0.00000000   0.00000000
  0.00000000   0.14441065    -0.95065747   0.00000000     0.00000000   0.00000000
  0.00000000   0.00000000     0.00000000   0.00000000    -0.32582255   0.00000000
    2    2
  1.30192624   0.00000000     0.00000000   0.01373976     0.00000000   0.00000000
  0.00000000  -0.01373976     1.08936056   0.00000000     0.00000000   0.00000000
  0.00000000   0.00000000     0.00000000   0.00000000     0.33300589   0.00000000

     Dynamical  Matrix in cartesian axes

     q = (   -0.200000000  -0.000000000   0.000000000 ) 

    1    1
  1.30192624   0.00000000     0.00000000   0.01373976     0.00000000   0.00000000
  0.00000000  -0.01373976     1.08936056   0.00000000     0.00000000   0.00000000
  0.00000000   0.00000000     0.00000000   0.00000000     0.33300589   0.00000000
    1    2
 -1.01481293   0.00000000     0.00000000   0.14441065     0.00000000   0.00000000
  0.00000000   0.14441065    -0.95065747   0.00000000     0.00000000   0.00000000
  0.00000000   0.00000000     0.00000000   0.00000000    -0.32582255   0.00000000
    2    1
 -1.01481293  -0.00000000     0.00000000  -0.14441065     0.00000000   0.00000000
  0.00000000  -0.14441065    -0.95065747  -0.00000000     0.00000000   0.00000000
  0.00000000   0.00000000     0.00000000   0.00000000    -0.32582255  -0.00000000
    2    2
  1.30192624   0.00000000     0.00000000  -0.01373976     0.00000000   0.00000000
  0.00000000   0.01373976     1.08936056   0.00000000     0.00000000   0.00000000
  0.00000000   0.00000000     0.00000000   0.00000000     0.33300589   0.00000000

     Dynamical  Matrix in cartesian axes

     q = (   -0.100000000   0.173205081   0.000000000 ) 

    1    1
  1.14250198   0.00000000    -0.09204364  -0.01373976     0.00000000   0.00000000
 -0.09204364   0.01373976     1.24878482   0.00000000     0.00000000   0.00000000
  0.00000000   0.00000000     0.00000000   0.00000000     0.33300589   0.00000000
    1    2
 -0.70856341  -0.66938817    -0.01996663   0.07474408     0.00000000   0.00000000
 -0.01996663   0.07474408    -0.88153555  -0.48588634     0.00000000   0.00000000
  0.00000000   0.00000000     0.00000000   0.00000000    -0.26359598  -0.19151369
    2    1
 -0.70856341   0.66938817    -0.01996663  -0.07474408     0.00000000   0.00000000
 -0.01996663  -0.07474408    -0.88153555   0.48588634     0.00000000   0.00000000
  0.00000000   0.00000000     0.00000000   0.00000000    -0.26359598   0.19151369
    2    2
  1.14250198   0.00000000    -0.09204364   0.01373976     0.00000000   0.00000000
 -0.09204364  -0.01373976     1.24878482   0.00000000     0.00000000   0.00000000
  0.00000000   0.00000000     0.00000000   0.00000000     0.33300589   0.00000000

     Diagonalizing the dynamical matrix

     q = (    0.100000000   0.173205081   0.000000000 ) 

 **************************************************************************
     freq (    1) =       2.664916 [THz] =      88.892027 [cm-1]
 (  0.000000  0.000000  0.000000  0.000000 -0.572061 -0.415627 ) 
 (  0.000000  0.000000  0.000000  0.000000 -0.707107  0.000000 ) 
     freq (    2) =      11.217590 [THz] =     374.178540 [cm-1]
 ( -0.462927 -0.399251  0.303800  0.184400  0.000000 -0.000000 ) 
 ( -0.611312  0.000000  0.350490  0.058773  0.000000  0.000000 ) 
     freq (    3) =      16.561281 [THz] =     552.424879 [cm-1]
 ( -0.225470 -0.274827 -0.462256 -0.399942 -0.000000  0.000000 ) 
 ( -0.355481  0.000000 -0.602394 -0.103705  0.000000  0.000000 ) 
     freq (    4) =      25.521522 [THz] =     851.306334 [cm-1]
 (  0.000000  0.000000  0.000000  0.000000 -0.572061 -0.415627 ) 
 (  0.000000  0.000000  0.000000  0.000000  0.707107  0.000000 ) 
     freq (    5) =      45.015919 [THz] =    1501.569430 [cm-1]
 ( -0.462007 -0.400228  0.304278  0.183797  0.000000  0.000000 ) 
 (  0.611256  0.000000 -0.350327 -0.060311  0.000000  0.000000 ) 
     freq (    6) =      47.976335 [THz] =    1600.318287 [cm-1]
 ( -0.227187 -0.273284 -0.463156 -0.398985 -0.000000 -0.000000 ) 
 (  0.355384  0.000000  0.602894  0.101099  0.000000  0.000000 ) 
 **************************************************************************
