Dynamical matrix file
                                                                           
  1    2  0  4.6600075  0.0000000  0.0000000  0.0000000  0.0000000  0.0000000
Basis vectors
      1.000000000    0.000000000    0.000000000
     -0.500000000    0.866025404    0.000000000
      0.000000000    0.000000000    8.110399659
           1  'C   '    10947.3567922507     
    1    1      0.0000000000      0.5773502692      4.0551998718
    2    1      0.0000000000      0.0000000000      4.0551997876

     Dynamical  Matrix in cartesian axes

     q = (    0.000000000   0.461880215   0.000000000 ) 

    1    1
  1.06701286  0.00000000   -0.00000000  0.00000000    0.00000000  0.00000000
  0.00000000  0.00000000    1.58786453  0.00000000    0.00000000  0.00000000
  0.00000000  0.00000000    0.00000000  0.00000000    0.28739285  0.00000000
    1    2
  0.53573543 -0.51235978    0.00000000  0.00000000    0.00000000  0.00000000
  0.00000000  0.00000000   -0.12865833 -0.35980022    0.00000000  0.00000000
  0.00000000  0.00000000    0.00000000  0.00000000    0.03600848 -0.16303863
    2    1
  0.53573543  0.51235978    0.00000000 -0.00000000    0.00000000  0.00000000
  0.00000000  0.00000000   -0.12865833  0.35980022    0.00000000  0.00000000
  0.00000000  0.00000000    0.00000000  0.00000000    0.03600848  0.16303863
    2    2
  1.06701286  0.00000000   -0.00000000  0.00000000    0.00000000  0.00000000
  0.00000000  0.00000000    1.58786453  0.00000000    0.00000000  0.00000000
  0.00000000  0.00000000    0.00000000  0.00000000    0.28739285  0.00000000

     Dynamical  Matrix in cartesian axes

     q = (   -0.400000000   0.230940108   0.000000000 ) 

    1    1
  1.45765161  0.00000000   -0.22553539  0.00000000    0.00000000  0.00000000
 -0.22553539  0.00000000    1.19722578  0.00000000    0.00000000  0.00000000
  0.00000000  0.00000000    0.00000000  0.00000000    0.28739285  0.00000000
    1    2
 -0.26419301 -0.29993357   -0.27157608  0.11565664    0.00000000  0.00000000
 -0.27157608  0.11565664   -0.57778206 -0.16638478    0.00000000  0.00000000
  0.00000000  0.00000000    0.00000000  0.00000000   -0.12496317 -0.11073577
    2    1
 -0.26419301  0.29993357   -0.27157608 -0.11565664    0.00000000  0.00000000
 -0.27157608 -0.11565664   -0.57778206  0.16638478    0.00000000  0.00000000
  0.00000000  0.00000000    0.00000000  0.00000000   -0.12496317  0.11073577
    2    2
  1.45765161  0.00000000   -0.22553539  0.00000000    0.00000000  0.00000000
 -0.22553539  0.00000000    1.19722578  0.00000000    0.00000000  0.00000000
  0.00000000  0.00000000    0.00000000  0.00000000    0.28739285  0.00000000

     Dynamical  Matrix in cartesian axes

     q = (    0.400000000   0.230940108   0.000000000 ) 

    1    1
  1.45765161  0.00000000    0.22553539  0.00000000    0.00000000  0.00000000
  0.22553539  0.00000000    1.19722578  0.00000000    0.00000000  0.00000000
  0.00000000  0.00000000    0.00000000  0.00000000    0.28739285  0.00000000
    1    2
 -0.26419301 -0.29993357    0.27157608 -0.11565664    0.00000000  0.00000000
  0.27157608 -0.11565664   -0.57778206 -0.16638478    0.00000000  0.00000000
  0.00000000  0.00000000    0.00000000  0.00000000   -0.12496317 -0.11073577
    2    1
 -0.26419301  0.29993357    0.27157608  0.11565664    0.00000000  0.00000000
  0.27157608  0.11565664   -0.57778206  0.16638478    0.00000000  0.00000000
  0.00000000  0.00000000    0.00000000  0.00000000   -0.12496317  0.11073577
    2    2
  1.45765161  0.00000000    0.22553539  0.00000000    0.00000000  0.00000000
  0.22553539  0.00000000    1.19722578  0.00000000    0.00000000  0.00000000
  0.00000000  0.00000000    0.00000000  0.00000000    0.28739285  0.00000000

     Dynamical  Matrix in cartesian axes

     q = (   -0.400000000  -0.230940108   0.000000000 ) 

    1    1
  1.45765161  0.00000000    0.22553539  0.00000000    0.00000000  0.00000000
  0.22553539  0.00000000    1.19722578  0.00000000    0.00000000  0.00000000
  0.00000000  0.00000000    0.00000000  0.00000000    0.28739285  0.00000000
    1    2
 -0.26419301  0.29993357    0.27157608  0.11565664    0.00000000  0.00000000
  0.27157608  0.11565664   -0.57778206  0.16638478    0.00000000  0.00000000
  0.00000000  0.00000000    0.00000000  0.00000000   -0.12496317  0.11073577
    2    1
 -0.26419301 -0.29993357    0.27157608 -0.11565664    0.00000000  0.00000000
  0.27157608 -0.11565664   -0.57778206 -0.16638478    0.00000000  0.00000000
  0.00000000  0.00000000    0.00000000  0.00000000   -0.12496317 -0.11073577
    2    2
  1.45765161  0.00000000    0.22553539  0.00000000    0.00000000  0.00000000
  0.22553539  0.00000000    1.19722578  0.00000000    0.00000000  0.00000000
  0.00000000  0.00000000    0.00000000  0.00000000    0.28739285  0.00000000

     Dynamical  Matrix in cartesian axes

     q = (    0.400000000  -0.230940108   0.000000000 ) 

    1    1
  1.45765161  0.00000000   -0.22553539  0.00000000    0.00000000  0.00000000
 -0.22553539  0.00000000    1.19722578  0.00000000    0.00000000  0.00000000
  0.00000000  0.00000000    0.00000000  0.00000000    0.28739285  0.00000000
    1    2
 -0.26419301  0.29993357   -0.27157608 -0.11565664    0.00000000  0.00000000
 -0.27157608 -0.11565664   -0.57778206  0.16638478    0.00000000  0.00000000
  0.00000000  0.00000000    0.00000000  0.00000000   -0.12496317  0.11073577
    2    1
 -0.26419301 -0.29993357   -0.27157608  0.11565664    0.00000000  0.00000000
 -0.27157608  0.11565664   -0.57778206 -0.16638478    0.00000000  0.00000000
  0.00000000  0.00000000    0.00000000  0.00000000   -0.12496317 -0.11073577
    2    2
  1.45765161  0.00000000   -0.22553539  0.00000000    0.00000000  0.00000000
 -0.22553539  0.00000000    1.19722578  0.00000000    0.00000000  0.00000000
  0.00000000  0.00000000    0.00000000  0.00000000    0.28739285  0.00000000

     Dynamical  Matrix in cartesian axes

     q = (    0.000000000  -0.461880215   0.000000000 ) 

    1    1
  1.06701286  0.00000000   -0.00000000  0.00000000    0.00000000  0.00000000
  0.00000000  0.00000000    1.58786453  0.00000000    0.00000000  0.00000000
  0.00000000  0.00000000    0.00000000  0.00000000    0.28739285  0.00000000
    1    2
  0.53573543  0.51235978    0.00000000 -0.00000000    0.00000000  0.00000000
  0.00000000  0.00000000   -0.12865833  0.35980022    0.00000000  0.00000000
  0.00000000  0.00000000    0.00000000  0.00000000    0.03600848  0.16303863
    2    1
  0.53573543 -0.51235978    0.00000000  0.00000000    0.00000000  0.00000000
  0.00000000  0.00000000   -0.12865833 -0.35980022    0.00000000  0.00000000
  0.00000000  0.00000000    0.00000000  0.00000000    0.03600848 -0.16303863
    2    2
  1.06701286  0.00000000   -0.00000000  0.00000000    0.00000000  0.00000000
  0.00000000  0.00000000    1.58786453  0.00000000    0.00000000  0.00000000
  0.00000000  0.00000000    0.00000000  0.00000000    0.28739285  0.00000000

     Diagonalizing the dynamical matrix

     q = (    0.000000000   0.461880215   0.000000000 ) 

 **************************************************************************
     freq (    1) =      10.911364 [THz] =     363.963917 [cm-1]
 (  0.000000  0.000000 -0.000000 -0.000000 -0.152496  0.690467 ) 
 (  0.000000 -0.000000 -0.000000  0.000000  0.707107  0.000000 ) 
     freq (    2) =      17.944781 [THz] =     598.573472 [cm-1]
 (  0.603025 -0.369271  0.000000  0.000000  0.000000  0.000000 ) 
 ( -0.691032 -0.149918  0.000000 -0.000000  0.000000  0.000000 ) 
     freq (    3) =      21.194379 [THz] =     706.968381 [cm-1]
 (  0.000000  0.000000  0.000000  0.000000  0.152496 -0.690467 ) 
 ( -0.000000  0.000000  0.000000 -0.000000  0.707107  0.000000 ) 
     freq (    4) =      34.526264 [THz] =    1151.672206 [cm-1]
 (  0.000000  0.000000  0.285830  0.646762 -0.000000  0.000000 ) 
 ( -0.000000  0.000000  0.705238 -0.051374 -0.000000  0.000000 ) 
     freq (    5) =      42.282156 [THz] =    1410.380922 [cm-1]
 ( -0.603025  0.369271  0.000000  0.000000  0.000000  0.000000 ) 
 ( -0.691032 -0.149918  0.000000 -0.000000  0.000000  0.000000 ) 
     freq (    6) =      44.131721 [THz] =    1472.075762 [cm-1]
 (  0.000000  0.000000 -0.285830 -0.646762 -0.000000  0.000000 ) 
 (  0.000000 -0.000000  0.705238 -0.051374 -0.000000  0.000000 ) 
 **************************************************************************
