Dynamical matrix file
AiiDA calculation                                                          
  1    2   0   4.6600075   0.0000000   0.0000000   0.0000000   0.0000000   0.0000000
Basis vectors
      1.000000000    0.000000000    0.000000000
     -0.500000000    0.866025404    0.000000000
      0.000000000    0.000000000    8.110399659
           1  'C   '    10947.3568039781     
    1    1      0.0000000000      0.5773502692      4.0551998718
    2    1      0.0000000000      0.0000000000      4.0551997876

     Dynamical  Matrix in cartesian axes

     q = (    0.300000000   0.519615242   0.000000000 ) 

    1    1
  1.25015315   0.00000000     0.06515309   0.05674820     0.00000000   0.00000000
  0.06515309  -0.05674820     1.32538546   0.00000000     0.00000000   0.00000000
  0.00000000   0.00000000     0.00000000   0.00000000     0.26094082   0.00000000
    1    2
  0.22762644  -0.12006017     0.06668249   0.12992537     0.00000000   0.00000000
  0.06668249   0.12992537    -0.15032259  -0.11785664     0.00000000   0.00000000
  0.00000000   0.00000000     0.00000000   0.00000000     0.01582821  -0.04871421
    2    1
  0.22762644   0.12006017     0.06668249  -0.12992537     0.00000000   0.00000000
  0.06668249  -0.12992537    -0.15032259   0.11785664     0.00000000   0.00000000
  0.00000000   0.00000000     0.00000000   0.00000000     0.01582821   0.04871421
    2    2
  1.25015315   0.00000000     0.06515309  -0.05674820     0.00000000   0.00000000
  0.06515309   0.05674820     1.32538546   0.00000000     0.00000000   0.00000000
  0.00000000   0.00000000     0.00000000   0.00000000     0.26094082   0.00000000

     Dynamical  Matrix in cartesian axes

     q = (   -0.300000000  -0.519615242   0.000000000 ) 

    1    1
  1.25015315   0.00000000     0.06515309  -0.05674820     0.00000000   0.00000000
  0.06515309   0.05674820     1.32538546   0.00000000     0.00000000   0.00000000
  0.00000000   0.00000000     0.00000000   0.00000000     0.26094082   0.00000000
    1    2
  0.22762644   0.12006017     0.06668249  -0.12992537     0.00000000   0.00000000
  0.06668249  -0.12992537    -0.15032259   0.11785664     0.00000000   0.00000000
  0.00000000   0.00000000     0.00000000   0.00000000     0.01582821   0.04871421
    2    1
  0.22762644  -0.12006017     0.06668249   0.12992537     0.00000000   0.00000000
  0.06668249   0.12992537    -0.15032259  -0.11785664     0.00000000   0.00000000
  0.00000000   0.00000000     0.00000000   0.00000000     0.01582821  -0.04871421
    2    2
  1.25015315   0.00000000     0.06515309   0.05674820     0.00000000   0.00000000
  0.06515309  -0.05674820     1.32538546   0.00000000     0.00000000   0.00000000
  0.00000000   0.00000000     0.00000000   0.00000000     0.26094082   0.00000000

     Dynamical  Matrix in cartesian axes

     q = (    0.300000000  -0.519615242   0.000000000 ) 

    1    1
  1.25015315   0.00000000    -0.06515309   0.05674820     0.00000000   0.00000000
 -0.06515309  -0.05674820     1.32538546   0.00000000     0.00000000   0.00000000
  0.00000000   0.00000000     0.00000000   0.00000000     0.26094082   0.00000000
    1    2
  0.22762644   0.12006017    -0.06668249   0.12992537     0.00000000   0.00000000
 -0.06668249   0.12992537    -0.15032259   0.11785664     0.00000000   0.00000000
  0.00000000   0.00000000     0.00000000   0.00000000     0.01582821   0.04871421
    2    1
  0.22762644  -0.12006017    -0.06668249  -0.12992537     0.00000000   0.00000000
 -0.06668249  -0.12992537    -0.15032259  -0.11785664     0.00000000   0.00000000
  0.00000000   0.00000000     0.00000000   0.00000000     0.01582821  -0.04871421
    2    2
  1.25015315   0.00000000    -0.06515309  -0.05674820     0.00000000   0.00000000
 -0.06515309   0.05674820     1.32538546   0.00000000     0.00000000   0.00000000
  0.00000000   0.00000000     0.00000000   0.00000000     0.26094082   0.00000000

     Dynamical  Matrix in cartesian axes

     q = (    0.600000000   0.000000000   0.000000000 ) 

    1    1
  1.36300161   0.00000000     0.00000000  -0.05674820     0.00000000   0.00000000
  0.00000000   0.05674820     1.21253700   0.00000000     0.00000000   0.00000000
  0.00000000   0.00000000     0.00000000   0.00000000     0.26094082   0.00000000
    1    2
 -0.00619191   0.00000000     0.00000000  -0.20713593     0.00000000   0.00000000
 -0.00000000  -0.20713593    -0.24396863  -0.00000000     0.00000000   0.00000000
  0.00000000   0.00000000     0.00000000   0.00000000    -0.05122115   0.00000000
    2    1
 -0.00619191   0.00000000     0.00000000   0.20713593     0.00000000   0.00000000
 -0.00000000   0.20713593    -0.24396863   0.00000000     0.00000000   0.00000000
  0.00000000   0.00000000     0.00000000   0.00000000    -0.05122115   0.00000000
    2    2
  1.36300161   0.00000000     0.00000000   0.05674820     0.00000000   0.00000000
  0.00000000  -0.05674820     1.21253700   0.00000000     0.00000000   0.00000000
  0.00000000   0.00000000     0.00000000   0.00000000     0.26094082   0.00000000

     Dynamical  Matrix in cartesian axes

     q = (   -0.600000000   0.000000000   0.000000000 ) 

    1    1
  1.36300161   0.00000000     0.00000000   0.05674820     0.00000000   0.00000000
  0.00000000  -0.05674820     1.21253700   0.00000000     0.00000000   0.00000000
  0.00000000   0.00000000     0.00000000   0.00000000     0.26094082   0.00000000
    1    2
 -0.00619191   0.00000000     0.00000000   0.20713593     0.00000000   0.00000000
 -0.00000000   0.20713593    -0.24396863   0.00000000     0.00000000   0.00000000
  0.00000000   0.00000000     0.00000000   0.00000000    -0.05122115   0.00000000
    2    1
 -0.00619191   0.00000000     0.00000000  -0.20713593     0.00000000   0.00000000
 -0.00000000  -0.20713593    -0.24396863  -0.00000000     0.00000000   0.00000000
  0.00000000   0.00000000     0.00000000   0.00000000    -0.05122115   0.00000000
    2    2
  1.36300161   0.00000000     0.00000000  -0.05674820     0.00000000   0.00000000
  0.00000000   0.05674820     1.21253700   0.00000000     0.00000000   0.00000000
  0.00000000   0.00000000     0.00000000   0.00000000     0.26094082   0.00000000

     Dynamical  Matrix in cartesian axes

     q = (   -0.300000000   0.519615242   0.000000000 ) 

    1    1
  1.25015315   0.00000000    -0.06515309  -0.05674820     0.00000000   0.00000000
 -0.06515309   0.05674820     1.32538546   0.00000000     0.00000000   0.00000000
  0.00000000   0.00000000     0.00000000   0.00000000     0.26094082   0.00000000
    1    2
  0.22762644  -0.12006017    -0.06668249  -0.12992537     0.00000000   0.00000000
 -0.06668249  -0.12992537    -0.15032259  -0.11785664     0.00000000   0.00000000
  0.00000000   0.00000000     0.00000000   0.00000000     0.01582821  -0.04871421
    2    1
  0.22762644   0.12006017    -0.06668249   0.12992537     0.00000000   0.00000000
 -0.06668249   0.12992537    -0.15032259   0.11785664     0.00000000   0.00000000
  0.00000000   0.00000000     0.00000000   0.00000000     0.01582821   0.04871421
    2    2
  1.25015315   0.00000000    -0.06515309   0.05674820     0.00000000   0.00000000
 -0.06515309  -0.05674820     1.32538546   0.00000000     0.00000000   0.00000000
  0.00000000   0.00000000     0.00000000   0.00000000     0.26094082   0.00000000

     Diagonalizing the dynamical matrix

     q = (    0.300000000   0.519615242   0.000000000 ) 

 **************************************************************************
     freq (    1) =      14.399254 [THz] =     480.307401 [cm-1]
 (  0.000000  0.000000 -0.000000 -0.000000  0.218508 -0.672499 ) 
 (  0.000000 -0.000000 -0.000000  0.000000 -0.707107  0.000000 ) 
     freq (    2) =      17.567517 [THz] =     585.989306 [cm-1]
 (  0.000000  0.000000 -0.000000 -0.000000  0.218508 -0.672499 ) 
 (  0.000000 -0.000000 -0.000000  0.000000  0.707107  0.000000 ) 
     freq (    3) =      28.776216 [THz] =     959.871249 [cm-1]
 (  0.105547  0.560748 -0.385397 -0.160906 -0.000000  0.000000 ) 
 (  0.279733 -0.497320 -0.416639  0.028869  0.000000  0.000000 ) 
     freq (    4) =      35.129068 [THz] =    1171.779583 [cm-1]
 ( -0.311623  0.336990  0.278830  0.459981  0.000000 -0.000000 ) 
 (  0.095842 -0.448872  0.536606 -0.037182  0.000000  0.000000 ) 
     freq (    5) =      38.511664 [THz] =    1284.610827 [cm-1]
 ( -0.261309  0.325790  0.175822  0.542830 -0.000000  0.000000 ) 
 ( -0.204747  0.364006 -0.569230  0.039443  0.000000  0.000000 ) 
     freq (    6) =      39.336007 [THz] =    1312.107950 [cm-1]
 ( -0.136384 -0.520315  0.458866  0.010642 -0.000000  0.000000 ) 
 (  0.112318 -0.526036 -0.457892  0.031728  0.000000  0.000000 ) 
 **************************************************************************
