Dynamical matrix file
AiiDA calculation                                                          
  1    2   0   4.6600075   0.0000000   0.0000000   0.0000000   0.0000000   0.0000000
Basis vectors
      1.000000000    0.000000000    0.000000000
     -0.500000000    0.866025404    0.000000000
      0.000000000    0.000000000    8.110399659
           1  'C   '    10947.3568039781     
    1    1      0.0000000000      0.5773502692      4.0551998718
    2    1      0.0000000000      0.0000000000      4.0551997876

     Dynamical  Matrix in cartesian axes

     q = (    0.200000000   0.577350269   0.000000000 ) 

    1    1
  1.15428753   0.00000000     0.00000000   0.02268401     0.00000000   0.00000000
  0.00000000  -0.02268401     1.48084066   0.00000000     0.00000000   0.00000000
  0.00000000   0.00000000     0.00000000   0.00000000     0.26632103   0.00000000
    1    2
  0.48037575   0.00000000     0.00000000   0.09623696     0.00000000   0.00000000
  0.00000000   0.09623696    -0.08063366   0.00000000     0.00000000   0.00000000
  0.00000000   0.00000000     0.00000000   0.00000000     0.06080142   0.00000000
    2    1
  0.48037575   0.00000000     0.00000000  -0.09623696     0.00000000   0.00000000
  0.00000000  -0.09623696    -0.08063366   0.00000000     0.00000000   0.00000000
  0.00000000   0.00000000     0.00000000   0.00000000     0.06080142   0.00000000
    2    2
  1.15428753   0.00000000     0.00000000  -0.02268401     0.00000000   0.00000000
  0.00000000   0.02268401     1.48084066   0.00000000     0.00000000   0.00000000
  0.00000000   0.00000000     0.00000000   0.00000000     0.26632103   0.00000000

     Dynamical  Matrix in cartesian axes

     q = (   -0.200000000  -0.577350269   0.000000000 ) 

    1    1
  1.15428753   0.00000000     0.00000000  -0.02268401     0.00000000   0.00000000
  0.00000000   0.02268401     1.48084066   0.00000000     0.00000000   0.00000000
  0.00000000   0.00000000     0.00000000   0.00000000     0.26632103   0.00000000
    1    2
  0.48037575   0.00000000     0.00000000  -0.09623696     0.00000000   0.00000000
  0.00000000  -0.09623696    -0.08063366   0.00000000     0.00000000   0.00000000
  0.00000000   0.00000000     0.00000000   0.00000000     0.06080142   0.00000000
    2    1
  0.48037575   0.00000000     0.00000000   0.09623696     0.00000000   0.00000000
  0.00000000   0.09623696    -0.08063366   0.00000000     0.00000000   0.00000000
  0.00000000   0.00000000     0.00000000   0.00000000     0.06080142   0.00000000
    2    2
  1.15428753   0.00000000     0.00000000   0.02268401     0.00000000   0.00000000
  0.00000000  -0.02268401     1.48084066   0.00000000     0.00000000   0.00000000
  0.00000000   0.00000000     0.00000000   0.00000000     0.26632103   0.00000000

     Dynamical  Matrix in cartesian axes

     q = (    0.400000000   0.461880215   0.000000000 ) 

    1    1
  1.39920238   0.00000000     0.14140165   0.02268401     0.00000000   0.00000000
  0.14140165  -0.02268401     1.23592581   0.00000000     0.00000000   0.00000000
  0.00000000   0.00000000     0.00000000   0.00000000     0.26632103   0.00000000
    1    2
  0.00075563  -0.10246942     0.16824648   0.18171593     0.00000000   0.00000000
  0.16824648   0.18171593    -0.32415378  -0.13249309     0.00000000   0.00000000
  0.00000000   0.00000000     0.00000000   0.00000000    -0.04918939  -0.03573818
    2    1
  0.00075563   0.10246942     0.16824648  -0.18171593     0.00000000   0.00000000
  0.16824648  -0.18171593    -0.32415378   0.13249309     0.00000000   0.00000000
  0.00000000   0.00000000     0.00000000   0.00000000    -0.04918939   0.03573818
    2    2
  1.39920238   0.00000000     0.14140165  -0.02268401     0.00000000   0.00000000
  0.14140165   0.02268401     1.23592581   0.00000000     0.00000000   0.00000000
  0.00000000   0.00000000     0.00000000   0.00000000     0.26632103   0.00000000

     Dynamical  Matrix in cartesian axes

     q = (   -0.400000000  -0.461880215   0.000000000 ) 

    1    1
  1.39920238   0.00000000     0.14140165  -0.02268401     0.00000000   0.00000000
  0.14140165   0.02268401     1.23592581   0.00000000     0.00000000   0.00000000
  0.00000000   0.00000000     0.00000000   0.00000000     0.26632103   0.00000000
    1    2
  0.00075563   0.10246942     0.16824648  -0.18171593     0.00000000   0.00000000
  0.16824648  -0.18171593    -0.32415378   0.13249309     0.00000000   0.00000000
  0.00000000   0.00000000     0.00000000   0.00000000    -0.04918939   0.03573818
    2    1
  0.00075563  -0.10246942     0.16824648   0.18171593     0.00000000   0.00000000
  0.16824648   0.18171593    -0.32415378  -0.13249309     0.00000000   0.00000000
  0.00000000   0.00000000     0.00000000   0.00000000    -0.04918939  -0.03573818
    2    2
  1.39920238   0.00000000     0.14140165   0.02268401     0.00000000   0.00000000
  0.14140165  -0.02268401     1.23592581   0.00000000     0.00000000   0.00000000
  0.00000000   0.00000000     0.00000000   0.00000000     0.26632103   0.00000000

     Dynamical  Matrix in cartesian axes

     q = (    0.600000000  -0.115470054   0.000000000 ) 

    1    1
  1.39920238   0.00000000    -0.14140165  -0.02268401     0.00000000   0.00000000
 -0.14140165   0.02268401     1.23592581   0.00000000     0.00000000   0.00000000
  0.00000000   0.00000000     0.00000000   0.00000000     0.26632103   0.00000000
    1    2
  0.00075563  -0.10246942    -0.16824648  -0.18171593     0.00000000   0.00000000
 -0.16824648  -0.18171593    -0.32415378  -0.13249309     0.00000000   0.00000000
  0.00000000   0.00000000     0.00000000   0.00000000    -0.04918939  -0.03573818
    2    1
  0.00075563   0.10246942    -0.16824648   0.18171593     0.00000000   0.00000000
 -0.16824648   0.18171593    -0.32415378   0.13249309     0.00000000   0.00000000
  0.00000000   0.00000000     0.00000000   0.00000000    -0.04918939   0.03573818
    2    2
  1.39920238   0.00000000    -0.14140165   0.02268401     0.00000000   0.00000000
 -0.14140165  -0.02268401     1.23592581   0.00000000     0.00000000   0.00000000
  0.00000000   0.00000000     0.00000000   0.00000000     0.26632103   0.00000000

     Dynamical  Matrix in cartesian axes

     q = (   -0.600000000   0.115470054   0.000000000 ) 

    1    1
  1.39920238   0.00000000    -0.14140165   0.02268401     0.00000000   0.00000000
 -0.14140165  -0.02268401     1.23592581   0.00000000     0.00000000   0.00000000
  0.00000000   0.00000000     0.00000000   0.00000000     0.26632103   0.00000000
    1    2
  0.00075563   0.10246942    -0.16824648   0.18171593     0.00000000   0.00000000
 -0.16824648   0.18171593    -0.32415378   0.13249309     0.00000000   0.00000000
  0.00000000   0.00000000     0.00000000   0.00000000    -0.04918939   0.03573818
    2    1
  0.00075563  -0.10246942    -0.16824648  -0.18171593     0.00000000   0.00000000
 -0.16824648  -0.18171593    -0.32415378  -0.13249309     0.00000000   0.00000000
  0.00000000   0.00000000     0.00000000   0.00000000    -0.04918939  -0.03573818
    2    2
  1.39920238   0.00000000    -0.14140165  -0.02268401     0.00000000   0.00000000
 -0.14140165   0.02268401     1.23592581   0.00000000     0.00000000   0.00000000
  0.00000000   0.00000000     0.00000000   0.00000000     0.26632103   0.00000000

     Diagonalizing the dynamical matrix

     q = (    0.200000000   0.577350269   0.000000000 ) 

 **************************************************************************
     freq (    1) =      14.254337 [THz] =     475.473504 [cm-1]
 (  0.000000 -0.000000  0.000000 -0.000000  0.707107 -0.000000 ) 
 (  0.000000  0.000000  0.000000  0.000000 -0.707107  0.000000 ) 
     freq (    2) =      17.983556 [THz] =     599.866862 [cm-1]
 (  0.000000 -0.000000  0.000000 -0.000000  0.707107 -0.000000 ) 
 (  0.000000  0.000000  0.000000  0.000000  0.707107  0.000000 ) 
     freq (    3) =      25.446015 [THz] =     848.787713 [cm-1]
 (  0.000000 -0.698273  0.111422  0.000000 -0.000000 -0.000000 ) 
 ( -0.000000  0.698273  0.111422  0.000000  0.000000  0.000000 ) 
     freq (    4) =      37.457569 [THz] =    1249.449999 [cm-1]
 (  0.000000 -0.111422 -0.698273 -0.000001  0.000000  0.000000 ) 
 ( -0.000000  0.111422 -0.698273 -0.000001  0.000000  0.000000 ) 
     freq (    5) =      38.713093 [THz] =    1291.329787 [cm-1]
 (  0.000000 -0.372344 -0.601132 -0.000000 -0.000000  0.000000 ) 
 (  0.000000 -0.372344  0.601132  0.000000  0.000000  0.000000 ) 
     freq (    6) =      40.757146 [THz] =    1359.512060 [cm-1]
 (  0.000000 -0.601132  0.372344  0.000000  0.000000 -0.000000 ) 
 (  0.000000 -0.601132 -0.372344 -0.000000  0.000000  0.000000 ) 
 **************************************************************************
