Dynamical matrix file
AiiDA calculation                                                          
  1    2   0   4.6600075   0.0000000   0.0000000   0.0000000   0.0000000   0.0000000
Basis vectors
      1.000000000    0.000000000    0.000000000
     -0.500000000    0.866025404    0.000000000
      0.000000000    0.000000000    8.110399659
           1  'C   '    10947.3568039781     
    1    1      0.0000000000      0.5773502692      4.0551998718
    2    1      0.0000000000      0.0000000000      4.0551997876

     Dynamical  Matrix in cartesian axes

     q = (    0.000000000   0.346410162   0.000000000 ) 

    1    1
  1.07156629   0.00000000     0.00000000   0.00000000     0.00000000   0.00000000
  0.00000000   0.00000000     1.49190758   0.00000000     0.00000000   0.00000000
  0.00000000   0.00000000     0.00000000   0.00000000     0.30935974   0.00000000
    1    2
  0.07595303  -0.81849087     0.00000000   0.00000000     0.00000000   0.00000000
  0.00000000   0.00000000    -0.40845508  -0.58878081     0.00000000   0.00000000
  0.00000000   0.00000000     0.00000000   0.00000000    -0.08179708  -0.24918590
    2    1
  0.07595303   0.81849087     0.00000000  -0.00000000     0.00000000   0.00000000
  0.00000000  -0.00000000    -0.40845508   0.58878081     0.00000000   0.00000000
  0.00000000   0.00000000     0.00000000   0.00000000    -0.08179708   0.24918590
    2    2
  1.07156629   0.00000000     0.00000000   0.00000000     0.00000000   0.00000000
  0.00000000   0.00000000     1.49190758   0.00000000     0.00000000   0.00000000
  0.00000000   0.00000000     0.00000000   0.00000000     0.30935974   0.00000000

     Dynamical  Matrix in cartesian axes

     q = (    0.000000000  -0.346410162   0.000000000 ) 

    1    1
  1.07156629   0.00000000     0.00000000   0.00000000     0.00000000   0.00000000
  0.00000000   0.00000000     1.49190758   0.00000000     0.00000000   0.00000000
  0.00000000   0.00000000     0.00000000   0.00000000     0.30935974   0.00000000
    1    2
  0.07595303   0.81849087     0.00000000  -0.00000000     0.00000000   0.00000000
  0.00000000  -0.00000000    -0.40845508   0.58878081     0.00000000   0.00000000
  0.00000000   0.00000000     0.00000000   0.00000000    -0.08179708   0.24918590
    2    1
  0.07595303  -0.81849087     0.00000000   0.00000000     0.00000000   0.00000000
  0.00000000   0.00000000    -0.40845508  -0.58878081     0.00000000   0.00000000
  0.00000000   0.00000000     0.00000000   0.00000000    -0.08179708  -0.24918590
    2    2
  1.07156629   0.00000000     0.00000000   0.00000000     0.00000000   0.00000000
  0.00000000   0.00000000     1.49190758   0.00000000     0.00000000   0.00000000
  0.00000000   0.00000000     0.00000000   0.00000000     0.30935974   0.00000000

     Dynamical  Matrix in cartesian axes

     q = (   -0.300000000  -0.173205081   0.000000000 ) 

    1    1
  1.38682226   0.00000000     0.18201312   0.00000000     0.00000000   0.00000000
  0.18201312   0.00000000     1.17665161   0.00000000     0.00000000   0.00000000
  0.00000000   0.00000000     0.00000000   0.00000000     0.30935974   0.00000000
    1    2
 -0.52578366   0.47297835     0.15941691   0.16875162     0.00000000   0.00000000
  0.15941691   0.16875162    -0.70986246   0.27812076     0.00000000   0.00000000
  0.00000000   0.00000000     0.00000000   0.00000000    -0.21171318   0.15479632
    2    1
 -0.52578366  -0.47297835     0.15941691  -0.16875162     0.00000000   0.00000000
  0.15941691  -0.16875162    -0.70986246  -0.27812076     0.00000000   0.00000000
  0.00000000   0.00000000     0.00000000   0.00000000    -0.21171318  -0.15479632
    2    2
  1.38682226   0.00000000     0.18201312   0.00000000     0.00000000   0.00000000
  0.18201312   0.00000000     1.17665161   0.00000000     0.00000000   0.00000000
  0.00000000   0.00000000     0.00000000   0.00000000     0.30935974   0.00000000

     Dynamical  Matrix in cartesian axes

     q = (    0.300000000  -0.173205081   0.000000000 ) 

    1    1
  1.38682226   0.00000000    -0.18201312   0.00000000     0.00000000   0.00000000
 -0.18201312   0.00000000     1.17665161   0.00000000     0.00000000   0.00000000
  0.00000000   0.00000000     0.00000000   0.00000000     0.30935974   0.00000000
    1    2
 -0.52578366   0.47297835    -0.15941691  -0.16875162     0.00000000   0.00000000
 -0.15941691  -0.16875162    -0.70986246   0.27812076     0.00000000   0.00000000
  0.00000000   0.00000000     0.00000000   0.00000000    -0.21171318   0.15479632
    2    1
 -0.52578366  -0.47297835    -0.15941691   0.16875162     0.00000000   0.00000000
 -0.15941691   0.16875162    -0.70986246  -0.27812076     0.00000000   0.00000000
  0.00000000   0.00000000     0.00000000   0.00000000    -0.21171318  -0.15479632
    2    2
  1.38682226   0.00000000    -0.18201312   0.00000000     0.00000000   0.00000000
 -0.18201312   0.00000000     1.17665161   0.00000000     0.00000000   0.00000000
  0.00000000   0.00000000     0.00000000   0.00000000     0.30935974   0.00000000

     Dynamical  Matrix in cartesian axes

     q = (   -0.300000000   0.173205081   0.000000000 ) 

    1    1
  1.38682226   0.00000000    -0.18201312   0.00000000     0.00000000   0.00000000
 -0.18201312   0.00000000     1.17665161   0.00000000     0.00000000   0.00000000
  0.00000000   0.00000000     0.00000000   0.00000000     0.30935974   0.00000000
    1    2
 -0.52578366  -0.47297835    -0.15941691   0.16875162     0.00000000   0.00000000
 -0.15941691   0.16875162    -0.70986246  -0.27812076     0.00000000   0.00000000
  0.00000000   0.00000000     0.00000000   0.00000000    -0.21171318  -0.15479632
    2    1
 -0.52578366   0.47297835    -0.15941691  -0.16875162     0.00000000   0.00000000
 -0.15941691  -0.16875162    -0.70986246   0.27812076     0.00000000   0.00000000
  0.00000000   0.00000000     0.00000000   0.00000000    -0.21171318   0.15479632
    2    2
  1.38682226   0.00000000    -0.18201312   0.00000000     0.00000000   0.00000000
 -0.18201312   0.00000000     1.17665161   0.00000000     0.00000000   0.00000000
  0.00000000   0.00000000     0.00000000   0.00000000     0.30935974   0.00000000

     Dynamical  Matrix in cartesian axes

     q = (    0.300000000   0.173205081   0.000000000 ) 

    1    1
  1.38682226   0.00000000     0.18201312   0.00000000     0.00000000   0.00000000
  0.18201312   0.00000000     1.17665161   0.00000000     0.00000000   0.00000000
  0.00000000   0.00000000     0.00000000   0.00000000     0.30935974   0.00000000
    1    2
 -0.52578366  -0.47297835     0.15941691  -0.16875162     0.00000000   0.00000000
  0.15941691  -0.16875162    -0.70986246  -0.27812076     0.00000000   0.00000000
  0.00000000   0.00000000     0.00000000   0.00000000    -0.21171318  -0.15479632
    2    1
 -0.52578366   0.47297835     0.15941691   0.16875162     0.00000000   0.00000000
  0.15941691   0.16875162    -0.70986246   0.27812076     0.00000000   0.00000000
  0.00000000   0.00000000     0.00000000   0.00000000    -0.21171318   0.15479632
    2    2
  1.38682226   0.00000000     0.18201312   0.00000000     0.00000000   0.00000000
  0.18201312   0.00000000     1.17665161   0.00000000     0.00000000   0.00000000
  0.00000000   0.00000000     0.00000000   0.00000000     0.30935974   0.00000000

     Diagonalizing the dynamical matrix

     q = (    0.000000000   0.346410162   0.000000000 ) 

 **************************************************************************
     freq (    1) =       6.823291 [THz] =     227.600498 [cm-1]
 ( -0.000000 -0.000000 -0.000000 -0.000000 -0.220535 -0.671836 ) 
 ( -0.000000  0.000000 -0.000000 -0.000000 -0.707107  0.000000 ) 
     freq (    2) =      15.707494 [THz] =     523.945619 [cm-1]
 (  0.357719  0.609948  0.000000  0.000000 -0.000000 -0.000000 ) 
 (  0.574286 -0.412548  0.000000  0.000000 -0.000000  0.000000 ) 
     freq (    3) =      23.772615 [THz] =     792.969070 [cm-1]
 (  0.000000  0.000000 -0.000000 -0.000000 -0.220535 -0.671836 ) 
 (  0.000000 -0.000000 -0.000000 -0.000000  0.707107  0.000000 ) 
     freq (    4) =      27.686035 [THz] =     923.506732 [cm-1]
 (  0.000000  0.000000 -0.360092 -0.608551  0.000000  0.000000 ) 
 (  0.000000 -0.000000 -0.705265 -0.051006 -0.000000  0.000000 ) 
     freq (    5) =      43.267470 [THz] =    1443.247458 [cm-1]
 (  0.540904  0.455437 -0.000000 -0.000000 -0.000000 -0.000000 ) 
 ( -0.403509  0.580672  0.000000  0.000000  0.000000  0.000000 ) 
     freq (    6) =      46.727083 [THz] =    1558.647708 [cm-1]
 ( -0.000000 -0.000000 -0.360092 -0.608551 -0.000000 -0.000000 ) 
 (  0.000000 -0.000000  0.705265  0.051006  0.000000  0.000000 ) 
 **************************************************************************
