Dynamical matrix file
                                                                           
  1    2  0  4.6600075  0.0000000  0.0000000  0.0000000  0.0000000  0.0000000
Basis vectors
      1.000000000    0.000000000    0.000000000
     -0.500000000    0.866025404    0.000000000
      0.000000000    0.000000000    8.110399659
           1  'C   '    10947.3567922507     
    1    1      0.0000000000      0.5773502692      4.0551998718
    2    1      0.0000000000      0.0000000000      4.0551997876

     Dynamical  Matrix in cartesian axes

     q = (    0.200000000   0.346410162   0.000000000 ) 

    1    1
  1.20029837  0.00000000    0.14874757  0.01812562    0.00000000  0.00000000
  0.14874757 -0.01812562    1.37205727 -0.00000000    0.00000000  0.00000000
 -0.00000000  0.00000000   -0.00000000  0.00000000    0.29291496  0.00000000
    1    2
  0.03809888 -0.64406946    0.13532583 -0.02306155    0.00000000  0.00000000
  0.13532583 -0.02306155   -0.40230172 -0.47683161    0.00000000  0.00000000
  0.00000000  0.00000000    0.00000000 -0.00000000   -0.07053674 -0.21708977
    2    1
  0.03809888  0.64406946    0.13532583  0.02306155   -0.00000000  0.00000000
  0.13532583  0.02306155   -0.40230172  0.47683161   -0.00000000  0.00000000
  0.00000000  0.00000000    0.00000000  0.00000000   -0.07053674  0.21708977
    2    2
  1.20029837 -0.00000000    0.14874757 -0.01812562    0.00000000  0.00000000
  0.14874757  0.01812562    1.37205727  0.00000000    0.00000000  0.00000000
  0.00000000  0.00000000    0.00000000  0.00000000    0.29291496  0.00000000

     Dynamical  Matrix in cartesian axes

     q = (   -0.200000000   0.346410162   0.000000000 ) 

    1    1
  1.20029837  0.00000000   -0.14874757 -0.01812562    0.00000000  0.00000000
 -0.14874757  0.01812562    1.37205727  0.00000000    0.00000000  0.00000000
 -0.00000000  0.00000000    0.00000000  0.00000000    0.29291496  0.00000000
    1    2
  0.03809888 -0.64406946   -0.13532583  0.02306155    0.00000000  0.00000000
 -0.13532583  0.02306155   -0.40230172 -0.47683161   -0.00000000 -0.00000000
  0.00000000  0.00000000    0.00000000  0.00000000   -0.07053674 -0.21708977
    2    1
  0.03809888  0.64406946   -0.13532583 -0.02306155   -0.00000000  0.00000000
 -0.13532583 -0.02306155   -0.40230172  0.47683161   -0.00000000  0.00000000
  0.00000000  0.00000000    0.00000000  0.00000000   -0.07053674  0.21708977
    2    2
  1.20029837 -0.00000000   -0.14874757  0.01812562    0.00000000  0.00000000
 -0.14874757 -0.01812562    1.37205727 -0.00000000    0.00000000  0.00000000
  0.00000000  0.00000000   -0.00000000  0.00000000    0.29291496  0.00000000

     Dynamical  Matrix in cartesian axes

     q = (    0.400000000  -0.000000000   0.000000000 ) 

    1    1
  1.45793672  0.00000000   -0.00000000 -0.01812562    0.00000000  0.00000000
  0.00000000  0.01812562    1.11441892  0.00000000    0.00000000  0.00000000
  0.00000000  0.00000000   -0.00000000  0.00000000    0.29291496  0.00000000
    1    2
 -0.56633118  0.00000000   -0.00000000 -0.27165785   -0.00000000  0.00000000
 -0.00000000 -0.27165785   -0.61225395  0.00000000   -0.00000000  0.00000000
  0.00000000  0.00000000   -0.00000000  0.00000000   -0.22826170  0.00000000
    2    1
 -0.56633118 -0.00000000   -0.00000000  0.27165785    0.00000000  0.00000000
 -0.00000000  0.27165785   -0.61225395 -0.00000000   -0.00000000 -0.00000000
  0.00000000  0.00000000    0.00000000  0.00000000   -0.22826170 -0.00000000
    2    2
  1.45793672  0.00000000    0.00000000  0.01812562    0.00000000  0.00000000
  0.00000000 -0.01812562    1.11441892 -0.00000000    0.00000000  0.00000000
 -0.00000000  0.00000000    0.00000000  0.00000000    0.29291496  0.00000000

     Dynamical  Matrix in cartesian axes

     q = (   -0.400000000   0.000000000   0.000000000 ) 

    1    1
  1.45793672  0.00000000    0.00000000  0.01812562    0.00000000  0.00000000
  0.00000000 -0.01812562    1.11441892 -0.00000000    0.00000000  0.00000000
  0.00000000  0.00000000   -0.00000000  0.00000000    0.29291496  0.00000000
    1    2
 -0.56633118 -0.00000000   -0.00000000  0.27165785   -0.00000000  0.00000000
 -0.00000000  0.27165785   -0.61225395 -0.00000000    0.00000000  0.00000000
  0.00000000  0.00000000    0.00000000  0.00000000   -0.22826170 -0.00000000
    2    1
 -0.56633118  0.00000000   -0.00000000 -0.27165785    0.00000000  0.00000000
 -0.00000000 -0.27165785   -0.61225395  0.00000000    0.00000000  0.00000000
  0.00000000  0.00000000    0.00000000  0.00000000   -0.22826170  0.00000000
    2    2
  1.45793672  0.00000000   -0.00000000 -0.01812562    0.00000000  0.00000000
  0.00000000  0.01812562    1.11441892  0.00000000    0.00000000  0.00000000
 -0.00000000  0.00000000    0.00000000  0.00000000    0.29291496  0.00000000

     Dynamical  Matrix in cartesian axes

     q = (    0.200000000  -0.346410162   0.000000000 ) 

    1    1
  1.20029837 -0.00000000   -0.14874757  0.01812562    0.00000000  0.00000000
 -0.14874757 -0.01812562    1.37205727 -0.00000000    0.00000000  0.00000000
  0.00000000  0.00000000    0.00000000  0.00000000    0.29291496  0.00000000
    1    2
  0.03809888  0.64406946   -0.13532583 -0.02306155    0.00000000  0.00000000
 -0.13532583 -0.02306155   -0.40230172  0.47683161    0.00000000  0.00000000
  0.00000000  0.00000000    0.00000000  0.00000000   -0.07053674  0.21708977
    2    1
  0.03809888 -0.64406946   -0.13532583  0.02306155    0.00000000  0.00000000
 -0.13532583  0.02306155   -0.40230172 -0.47683161    0.00000000  0.00000000
  0.00000000  0.00000000    0.00000000  0.00000000   -0.07053674 -0.21708977
    2    2
  1.20029837  0.00000000   -0.14874757 -0.01812562    0.00000000  0.00000000
 -0.14874757  0.01812562    1.37205727  0.00000000    0.00000000  0.00000000
  0.00000000  0.00000000    0.00000000  0.00000000    0.29291496  0.00000000

     Dynamical  Matrix in cartesian axes

     q = (   -0.200000000  -0.346410162   0.000000000 ) 

    1    1
  1.20029837 -0.00000000    0.14874757 -0.01812562    0.00000000  0.00000000
  0.14874757  0.01812562    1.37205727  0.00000000    0.00000000  0.00000000
 -0.00000000  0.00000000   -0.00000000  0.00000000    0.29291496  0.00000000
    1    2
  0.03809888  0.64406946    0.13532583  0.02306155    0.00000000 -0.00000000
  0.13532583  0.02306155   -0.40230172  0.47683161    0.00000000 -0.00000000
 -0.00000000  0.00000000   -0.00000000  0.00000000   -0.07053674  0.21708977
    2    1
  0.03809888 -0.64406946    0.13532583 -0.02306155    0.00000000 -0.00000000
  0.13532583 -0.02306155   -0.40230172 -0.47683161    0.00000000 -0.00000000
  0.00000000 -0.00000000    0.00000000  0.00000000   -0.07053674 -0.21708977
    2    2
  1.20029837  0.00000000    0.14874757  0.01812562    0.00000000  0.00000000
  0.14874757 -0.01812562    1.37205727 -0.00000000    0.00000000  0.00000000
  0.00000000  0.00000000    0.00000000  0.00000000    0.29291496  0.00000000

     Diagonalizing the dynamical matrix

     q = (    0.200000000   0.346410162   0.000000000 ) 

 **************************************************************************
     freq (    1) =       7.994948 [THz] =     266.682751 [cm-1]
 (  0.000000  0.000000  0.000000  0.000000  0.218508  0.672499 ) 
 (  0.000000  0.000000  0.000000  0.000000  0.707107  0.000000 ) 
     freq (    2) =      21.065735 [THz] =     702.677298 [cm-1]
 ( -0.593264  0.121884  0.297682 -0.211110  0.000000  0.000000 ) 
 (  0.060508  0.602625  0.112773 -0.347079  0.000000  0.000000 ) 
     freq (    3) =      22.699322 [THz] =     757.167867 [cm-1]
 ( -0.000000 -0.000000 -0.000000 -0.000000 -0.218508 -0.672499 ) 
 ( -0.000000  0.000000  0.000000  0.000000  0.707107  0.000000 ) 
     freq (    4) =      28.484051 [THz] =     950.125669 [cm-1]
 (  0.362436  0.108606  0.566973 -0.188113  0.000000 -0.000000 ) 
 ( -0.110850 -0.361756  0.184596 -0.568128  0.000000  0.000000 ) 
     freq (    5) =      42.156959 [THz] =    1406.204797 [cm-1]
 ( -0.572226  0.171472  0.234408 -0.296998 -0.000000  0.000000 ) 
 ( -0.175014 -0.571153 -0.116919  0.359840  0.000000  0.000000 ) 
     freq (    6) =      45.320883 [THz] =    1511.741939 [cm-1]
 (  0.357475  0.073442  0.592146 -0.127205 -0.000000 -0.000000 ) 
 (  0.036459  0.363115 -0.187158  0.576012  0.000000  0.000000 ) 
 **************************************************************************
