Dynamical matrix file
                                                                           
  1    2  0  4.6600075  0.0000000  0.0000000  0.0000000  0.0000000  0.0000000
Basis vectors
      1.000000000    0.000000000    0.000000000
     -0.500000000    0.866025404    0.000000000
      0.000000000    0.000000000    8.110399659
           1  'C   '    10947.3567922507     
    1    1      0.0000000000      0.5773502692      4.0551998718
    2    1      0.0000000000      0.0000000000      4.0551997876

     Dynamical  Matrix in cartesian axes

     q = (    0.100000000   0.288675135   0.000000000 ) 

    1    1
  1.11504023  0.00000000    0.08902964  0.01199091    0.00000000  0.00000000
  0.08902964 -0.01199091    1.39195177  0.00000000    0.00000000  0.00000000
  0.00000000  0.00000000    0.00000000  0.00000000    0.31249414  0.00000000
    1    2
 -0.19723225 -0.81485533    0.05767527 -0.04525965    0.00000000  0.00000000
  0.05767527 -0.04525965   -0.57493371 -0.59374019    0.00000000  0.00000000
  0.00000000  0.00000000    0.00000000  0.00000000   -0.14563729 -0.24879319
    2    1
 -0.19723225  0.81485533    0.05767527  0.04525965    0.00000000  0.00000000
  0.05767527  0.04525965   -0.57493371  0.59374019    0.00000000  0.00000000
  0.00000000  0.00000000    0.00000000  0.00000000   -0.14563729  0.24879319
    2    2
  1.11504023  0.00000000    0.08902964 -0.01199091    0.00000000  0.00000000
  0.08902964  0.01199091    1.39195177 -0.00000000    0.00000000  0.00000000
  0.00000000  0.00000000    0.00000000  0.00000000    0.31249414  0.00000000

     Dynamical  Matrix in cartesian axes

     q = (   -0.100000000   0.288675135   0.000000000 ) 

    1    1
  1.11504023  0.00000000   -0.08902964 -0.01199091    0.00000000  0.00000000
 -0.08902964  0.01199091    1.39195177  0.00000000    0.00000000  0.00000000
  0.00000000  0.00000000    0.00000000  0.00000000    0.31249414  0.00000000
    1    2
 -0.19723225 -0.81485533   -0.05767527  0.04525965    0.00000000  0.00000000
 -0.05767527  0.04525965   -0.57493371 -0.59374019    0.00000000  0.00000000
  0.00000000  0.00000000    0.00000000  0.00000000   -0.14563729 -0.24879319
    2    1
 -0.19723225  0.81485533   -0.05767527 -0.04525965    0.00000000  0.00000000
 -0.05767527 -0.04525965   -0.57493371  0.59374019    0.00000000  0.00000000
  0.00000000  0.00000000    0.00000000  0.00000000   -0.14563729  0.24879319
    2    2
  1.11504023  0.00000000   -0.08902964  0.01199091    0.00000000  0.00000000
 -0.08902964 -0.01199091    1.39195177 -0.00000000    0.00000000  0.00000000
  0.00000000  0.00000000    0.00000000  0.00000000    0.31249414  0.00000000

     Dynamical  Matrix in cartesian axes

     q = (    0.100000000  -0.288675135   0.000000000 ) 

    1    1
  1.11504023  0.00000000   -0.08902964  0.01199091    0.00000000  0.00000000
 -0.08902964 -0.01199091    1.39195177 -0.00000000    0.00000000  0.00000000
  0.00000000  0.00000000    0.00000000  0.00000000    0.31249414  0.00000000
    1    2
 -0.19723225  0.81485533   -0.05767527 -0.04525965    0.00000000  0.00000000
 -0.05767527 -0.04525965   -0.57493371  0.59374019    0.00000000  0.00000000
  0.00000000  0.00000000    0.00000000  0.00000000   -0.14563729  0.24879319
    2    1
 -0.19723225 -0.81485533   -0.05767527  0.04525965    0.00000000  0.00000000
 -0.05767527  0.04525965   -0.57493371 -0.59374019    0.00000000  0.00000000
  0.00000000  0.00000000    0.00000000  0.00000000   -0.14563729 -0.24879319
    2    2
  1.11504023  0.00000000   -0.08902964 -0.01199091    0.00000000  0.00000000
 -0.08902964  0.01199091    1.39195177  0.00000000    0.00000000  0.00000000
  0.00000000  0.00000000    0.00000000  0.00000000    0.31249414  0.00000000

     Dynamical  Matrix in cartesian axes

     q = (   -0.200000000   0.230940108   0.000000000 ) 

    1    1
  1.24562196 -0.00000000   -0.16442103 -0.01199091    0.00000000  0.00000000
 -0.16442103  0.01199091    1.26137005 -0.00000000    0.00000000  0.00000000
  0.00000000  0.00000000    0.00000000  0.00000000    0.31249414  0.00000000
    1    2
 -0.41605600 -0.69293986   -0.11116556  0.10552459    0.00000000  0.00000000
 -0.11116556  0.10552459   -0.68498554 -0.47671356    0.00000000  0.00000000
  0.00000000  0.00000000    0.00000000  0.00000000   -0.19161199 -0.21539061
    2    1
 -0.41605600  0.69293986   -0.11116556 -0.10552459    0.00000000  0.00000000
 -0.11116556 -0.10552459   -0.68498554  0.47671356    0.00000000  0.00000000
  0.00000000  0.00000000    0.00000000  0.00000000   -0.19161199  0.21539061
    2    2
  1.24562196  0.00000000   -0.16442103  0.01199091    0.00000000  0.00000000
 -0.16442103 -0.01199091    1.26137005  0.00000000    0.00000000  0.00000000
  0.00000000  0.00000000    0.00000000  0.00000000    0.31249414  0.00000000

     Dynamical  Matrix in cartesian axes

     q = (    0.300000000   0.057735027   0.000000000 ) 

    1    1
  1.39982582 -0.00000000    0.07539140 -0.01199091    0.00000000  0.00000000
  0.07539140  0.01199091    1.10716619  0.00000000    0.00000000  0.00000000
  0.00000000  0.00000000    0.00000000  0.00000000    0.31249414  0.00000000
    1    2
 -0.78758173 -0.19681686    0.05313088 -0.21955111    0.00000000  0.00000000
  0.05313088 -0.21955111   -0.79068462 -0.10227666    0.00000000  0.00000000
  0.00000000  0.00000000    0.00000000  0.00000000   -0.28162078 -0.06162797
    2    1
 -0.78758173  0.19681686    0.05313088  0.21955111    0.00000000  0.00000000
  0.05313088  0.21955111   -0.79068462  0.10227666    0.00000000  0.00000000
  0.00000000  0.00000000    0.00000000  0.00000000   -0.28162078  0.06162797
    2    2
  1.39982582  0.00000000    0.07539140  0.01199091    0.00000000  0.00000000
  0.07539140 -0.01199091    1.10716619 -0.00000000    0.00000000  0.00000000
  0.00000000  0.00000000    0.00000000  0.00000000    0.31249414  0.00000000

     Dynamical  Matrix in cartesian axes

     q = (   -0.300000000  -0.057735027   0.000000000 ) 

    1    1
  1.39982582  0.00000000    0.07539140  0.01199091    0.00000000  0.00000000
  0.07539140 -0.01199091    1.10716619 -0.00000000    0.00000000  0.00000000
  0.00000000  0.00000000    0.00000000  0.00000000    0.31249414  0.00000000
    1    2
 -0.78758173  0.19681686    0.05313088  0.21955111    0.00000000  0.00000000
  0.05313088  0.21955111   -0.79068462  0.10227666    0.00000000  0.00000000
  0.00000000  0.00000000    0.00000000  0.00000000   -0.28162078  0.06162797
    2    1
 -0.78758173 -0.19681686    0.05313088 -0.21955111    0.00000000  0.00000000
  0.05313088 -0.21955111   -0.79068462 -0.10227666    0.00000000  0.00000000
  0.00000000  0.00000000    0.00000000  0.00000000   -0.28162078 -0.06162797
    2    2
  1.39982582 -0.00000000    0.07539140 -0.01199091    0.00000000  0.00000000
  0.07539140  0.01199091    1.10716619  0.00000000    0.00000000  0.00000000
  0.00000000  0.00000000    0.00000000  0.00000000    0.31249414  0.00000000

     Dynamical  Matrix in cartesian axes

     q = (    0.200000000  -0.230940108   0.000000000 ) 

    1    1
  1.24562196  0.00000000   -0.16442103  0.01199091    0.00000000  0.00000000
 -0.16442103 -0.01199091    1.26137005  0.00000000    0.00000000  0.00000000
  0.00000000  0.00000000    0.00000000  0.00000000    0.31249414  0.00000000
    1    2
 -0.41605600  0.69293986   -0.11116556 -0.10552459    0.00000000  0.00000000
 -0.11116556 -0.10552459   -0.68498554  0.47671356    0.00000000  0.00000000
  0.00000000  0.00000000    0.00000000  0.00000000   -0.19161199  0.21539061
    2    1
 -0.41605600 -0.69293986   -0.11116556  0.10552459    0.00000000  0.00000000
 -0.11116556  0.10552459   -0.68498554 -0.47671356    0.00000000  0.00000000
  0.00000000  0.00000000    0.00000000  0.00000000   -0.19161199 -0.21539061
    2    2
  1.24562196 -0.00000000   -0.16442103 -0.01199091    0.00000000  0.00000000
 -0.16442103  0.01199091    1.26137005 -0.00000000    0.00000000  0.00000000
  0.00000000  0.00000000    0.00000000  0.00000000    0.31249414  0.00000000

     Dynamical  Matrix in cartesian axes

     q = (   -0.200000000  -0.230940108   0.000000000 ) 

    1    1
  1.24562196  0.00000000    0.16442103 -0.01199091    0.00000000  0.00000000
  0.16442103  0.01199091    1.26137005  0.00000000    0.00000000  0.00000000
  0.00000000  0.00000000    0.00000000  0.00000000    0.31249414  0.00000000
    1    2
 -0.41605600  0.69293986    0.11116556  0.10552459    0.00000000  0.00000000
  0.11116556  0.10552459   -0.68498554  0.47671356    0.00000000  0.00000000
  0.00000000  0.00000000    0.00000000  0.00000000   -0.19161199  0.21539061
    2    1
 -0.41605600 -0.69293986    0.11116556 -0.10552459    0.00000000  0.00000000
  0.11116556 -0.10552459   -0.68498554 -0.47671356    0.00000000  0.00000000
  0.00000000  0.00000000    0.00000000  0.00000000   -0.19161199 -0.21539061
    2    2
  1.24562196 -0.00000000    0.16442103  0.01199091    0.00000000  0.00000000
  0.16442103 -0.01199091    1.26137005 -0.00000000    0.00000000  0.00000000
  0.00000000  0.00000000    0.00000000  0.00000000    0.31249414  0.00000000

     Dynamical  Matrix in cartesian axes

     q = (    0.300000000  -0.057735027   0.000000000 ) 

    1    1
  1.39982582  0.00000000   -0.07539140 -0.01199091    0.00000000  0.00000000
 -0.07539140  0.01199091    1.10716619  0.00000000    0.00000000  0.00000000
  0.00000000  0.00000000    0.00000000  0.00000000    0.31249414  0.00000000
    1    2
 -0.78758173  0.19681686   -0.05313088 -0.21955111    0.00000000  0.00000000
 -0.05313088 -0.21955111   -0.79068462  0.10227666    0.00000000  0.00000000
  0.00000000  0.00000000    0.00000000  0.00000000   -0.28162078  0.06162797
    2    1
 -0.78758173 -0.19681686   -0.05313088  0.21955111    0.00000000  0.00000000
 -0.05313088  0.21955111   -0.79068462 -0.10227666    0.00000000  0.00000000
  0.00000000  0.00000000    0.00000000  0.00000000   -0.28162078 -0.06162797
    2    2
  1.39982582 -0.00000000   -0.07539140  0.01199091    0.00000000  0.00000000
 -0.07539140 -0.01199091    1.10716619 -0.00000000    0.00000000  0.00000000
  0.00000000  0.00000000    0.00000000  0.00000000    0.31249414  0.00000000

     Dynamical  Matrix in cartesian axes

     q = (   -0.300000000   0.057735027   0.000000000 ) 

    1    1
  1.39982582 -0.00000000   -0.07539140  0.01199091    0.00000000  0.00000000
 -0.07539140 -0.01199091    1.10716619 -0.00000000    0.00000000  0.00000000
  0.00000000  0.00000000    0.00000000  0.00000000    0.31249414  0.00000000
    1    2
 -0.78758173 -0.19681686   -0.05313088  0.21955111    0.00000000  0.00000000
 -0.05313088  0.21955111   -0.79068462 -0.10227666    0.00000000  0.00000000
  0.00000000  0.00000000    0.00000000  0.00000000   -0.28162078 -0.06162797
    2    1
 -0.78758173  0.19681686   -0.05313088 -0.21955111    0.00000000  0.00000000
 -0.05313088 -0.21955111   -0.79068462  0.10227666    0.00000000  0.00000000
  0.00000000  0.00000000    0.00000000  0.00000000   -0.28162078  0.06162797
    2    2
  1.39982582  0.00000000   -0.07539140 -0.01199091    0.00000000  0.00000000
 -0.07539140  0.01199091    1.10716619  0.00000000    0.00000000  0.00000000
  0.00000000  0.00000000    0.00000000  0.00000000    0.31249414  0.00000000

     Dynamical  Matrix in cartesian axes

     q = (    0.200000000   0.230940108   0.000000000 ) 

    1    1
  1.24562196 -0.00000000    0.16442103  0.01199091    0.00000000  0.00000000
  0.16442103 -0.01199091    1.26137005 -0.00000000    0.00000000  0.00000000
  0.00000000  0.00000000    0.00000000  0.00000000    0.31249414  0.00000000
    1    2
 -0.41605600 -0.69293986    0.11116556 -0.10552459    0.00000000  0.00000000
  0.11116556 -0.10552459   -0.68498554 -0.47671356    0.00000000  0.00000000
  0.00000000  0.00000000    0.00000000  0.00000000   -0.19161199 -0.21539061
    2    1
 -0.41605600  0.69293986    0.11116556  0.10552459    0.00000000  0.00000000
  0.11116556  0.10552459   -0.68498554  0.47671356    0.00000000  0.00000000
  0.00000000  0.00000000    0.00000000  0.00000000   -0.19161199  0.21539061
    2    2
  1.24562196  0.00000000    0.16442103 -0.01199091    0.00000000  0.00000000
  0.16442103  0.01199091    1.26137005  0.00000000    0.00000000  0.00000000
  0.00000000  0.00000000    0.00000000  0.00000000    0.31249414  0.00000000

     Dynamical  Matrix in cartesian axes

     q = (   -0.100000000  -0.288675135   0.000000000 ) 

    1    1
  1.11504023  0.00000000    0.08902964 -0.01199091    0.00000000  0.00000000
  0.08902964  0.01199091    1.39195177 -0.00000000    0.00000000  0.00000000
  0.00000000  0.00000000    0.00000000  0.00000000    0.31249414  0.00000000
    1    2
 -0.19723225  0.81485533    0.05767527  0.04525965    0.00000000  0.00000000
  0.05767527  0.04525965   -0.57493371  0.59374019    0.00000000  0.00000000
  0.00000000  0.00000000    0.00000000  0.00000000   -0.14563729  0.24879319
    2    1
 -0.19723225 -0.81485533    0.05767527 -0.04525965    0.00000000  0.00000000
  0.05767527 -0.04525965   -0.57493371 -0.59374019    0.00000000  0.00000000
  0.00000000  0.00000000    0.00000000  0.00000000   -0.14563729 -0.24879319
    2    2
  1.11504023  0.00000000    0.08902964  0.01199091    0.00000000  0.00000000
  0.08902964 -0.01199091    1.39195177  0.00000000    0.00000000  0.00000000
  0.00000000  0.00000000    0.00000000  0.00000000    0.31249414  0.00000000

     Diagonalizing the dynamical matrix

     q = (    0.100000000   0.288675135   0.000000000 ) 

 **************************************************************************
     freq (    1) =       4.892261 [THz] =     163.188262 [cm-1]
 (  0.000000  0.000000  0.000000  0.000000 -0.357220 -0.610241 ) 
 (  0.000000  0.000000  0.000000  0.000000 -0.707107  0.000000 ) 
     freq (    2) =      15.884591 [THz] =     529.852909 [cm-1]
 ( -0.680892  0.076876  0.154183 -0.081876  0.000000  0.000000 ) 
 ( -0.105015  0.677123  0.088192 -0.150659  0.000000  0.000000 ) 
     freq (    3) =      23.944491 [THz] =     798.702234 [cm-1]
 (  0.172060  0.047151  0.666450 -0.154974  0.000000  0.000000 ) 
 (  0.006002 -0.178303  0.345663 -0.590499  0.000000  0.000000 ) 
     freq (    4) =      24.371252 [THz] =     812.937459 [cm-1]
 (  0.000000  0.000000  0.000000  0.000000 -0.357220 -0.610241 ) 
 (  0.000000  0.000000  0.000000  0.000000  0.707107  0.000000 ) 
     freq (    5) =      43.616085 [THz] =    1454.876003 [cm-1]
 (  0.659455 -0.107559 -0.191487  0.129935  0.000000  0.000000 ) 
 ( -0.063438  0.665151  0.116905 -0.199709  0.000000  0.000000 ) 
     freq (    6) =      47.212639 [THz] =    1574.844137 [cm-1]
 (  0.226347  0.031072  0.655444 -0.134886  0.000000  0.000000 ) 
 ( -0.043197  0.224349 -0.338060  0.577510  0.000000  0.000000 ) 
 **************************************************************************
