Dynamical matrix file
                                                                           
  1    2  0  4.6600075  0.0000000  0.0000000  0.0000000  0.0000000  0.0000000
Basis vectors
      1.000000000    0.000000000    0.000000000
     -0.500000000    0.866025404    0.000000000
      0.000000000    0.000000000    8.110399659
           1  'C   '    10947.3567922507     
    1    1      0.0000000000      0.5773502692      4.0551998718
    2    1      0.0000000000      0.0000000000      4.0551997876

     Dynamical  Matrix in cartesian axes

     q = (    0.100000000   0.519615242   0.000000000 ) 

    1    1
  1.08931356  0.00000000    0.02124276  0.00121240    0.00000000  0.00000000
  0.02124276 -0.00121240    1.57551741 -0.00000000    0.00000000  0.00000000
  0.00000000  0.00000000    0.00000000  0.00000000    0.27709175  0.00000000
    1    2
  0.60812782 -0.25048807    0.02526895  0.04358556    0.00000000  0.00000000
  0.02526895  0.04358556   -0.06371738 -0.17971853    0.00000000  0.00000000
  0.00000000  0.00000000    0.00000000  0.00000000    0.06512692 -0.08332186
    2    1
  0.60812782  0.25048807    0.02526895 -0.04358556    0.00000000  0.00000000
  0.02526895 -0.04358556   -0.06371738  0.17971853    0.00000000  0.00000000
  0.00000000  0.00000000    0.00000000  0.00000000    0.06512692  0.08332186
    2    2
  1.08931356  0.00000000    0.02124276 -0.00121240    0.00000000  0.00000000
  0.02124276  0.00121240    1.57551741  0.00000000    0.00000000  0.00000000
  0.00000000  0.00000000    0.00000000  0.00000000    0.27709175  0.00000000

     Dynamical  Matrix in cartesian axes

     q = (   -0.100000000   0.519615242   0.000000000 ) 

    1    1
  1.08931356  0.00000000   -0.02124276 -0.00121240    0.00000000  0.00000000
 -0.02124276  0.00121240    1.57551741  0.00000000    0.00000000  0.00000000
  0.00000000  0.00000000    0.00000000  0.00000000    0.27709175  0.00000000
    1    2
  0.60812782 -0.25048807   -0.02526895 -0.04358556    0.00000000  0.00000000
 -0.02526895 -0.04358556   -0.06371738 -0.17971853    0.00000000  0.00000000
  0.00000000  0.00000000    0.00000000  0.00000000    0.06512692 -0.08332186
    2    1
  0.60812782  0.25048807   -0.02526895  0.04358556    0.00000000  0.00000000
 -0.02526895  0.04358556   -0.06371738  0.17971853    0.00000000  0.00000000
  0.00000000  0.00000000    0.00000000  0.00000000    0.06512692  0.08332186
    2    2
  1.08931356  0.00000000   -0.02124276  0.00121240    0.00000000  0.00000000
 -0.02124276 -0.00121240    1.57551741 -0.00000000    0.00000000  0.00000000
  0.00000000  0.00000000    0.00000000  0.00000000    0.27709175  0.00000000

     Dynamical  Matrix in cartesian axes

     q = (    0.100000000  -0.519615242   0.000000000 ) 

    1    1
  1.08931356  0.00000000   -0.02124276  0.00121240    0.00000000  0.00000000
 -0.02124276 -0.00121240    1.57551741 -0.00000000    0.00000000  0.00000000
  0.00000000  0.00000000    0.00000000  0.00000000    0.27709175  0.00000000
    1    2
  0.60812782  0.25048807   -0.02526895  0.04358556    0.00000000  0.00000000
 -0.02526895  0.04358556   -0.06371738  0.17971853    0.00000000  0.00000000
  0.00000000  0.00000000    0.00000000  0.00000000    0.06512692  0.08332186
    2    1
  0.60812782 -0.25048807   -0.02526895 -0.04358556    0.00000000  0.00000000
 -0.02526895 -0.04358556   -0.06371738 -0.17971853    0.00000000  0.00000000
  0.00000000  0.00000000    0.00000000  0.00000000    0.06512692 -0.08332186
    2    2
  1.08931356  0.00000000   -0.02124276 -0.00121240    0.00000000  0.00000000
 -0.02124276  0.00121240    1.57551741  0.00000000    0.00000000  0.00000000
  0.00000000  0.00000000    0.00000000  0.00000000    0.27709175  0.00000000

     Dynamical  Matrix in cartesian axes

     q = (   -0.400000000   0.346410162   0.000000000 ) 

    1    1
  1.43556968 -0.00000000   -0.22115382 -0.00121240    0.00000000  0.00000000
 -0.22115382  0.00121240    1.22926129  0.00000000    0.00000000  0.00000000
  0.00000000  0.00000000    0.00000000  0.00000000    0.27709175  0.00000000
    1    2
 -0.08236037 -0.23515712   -0.27828303 -0.05243689    0.00000000  0.00000000
 -0.27828303 -0.05243689   -0.46205007 -0.19504948    0.00000000  0.00000000
  0.00000000  0.00000000    0.00000000  0.00000000   -0.06512692 -0.08332186
    2    1
 -0.08236037  0.23515712   -0.27828303  0.05243689    0.00000000  0.00000000
 -0.27828303  0.05243689   -0.46205007  0.19504948    0.00000000  0.00000000
  0.00000000  0.00000000    0.00000000  0.00000000   -0.06512692  0.08332186
    2    2
  1.43556968  0.00000000   -0.22115382  0.00121240    0.00000000  0.00000000
 -0.22115382 -0.00121240    1.22926129 -0.00000000    0.00000000  0.00000000
  0.00000000  0.00000000    0.00000000  0.00000000    0.27709175  0.00000000

     Dynamical  Matrix in cartesian axes

     q = (    0.500000000   0.173205081   0.000000000 ) 

    1    1
  1.47236321 -0.00000000    0.19991106 -0.00121240    0.00000000  0.00000000
  0.19991106  0.00121240    1.19246776  0.00000000    0.00000000  0.00000000
  0.00000000  0.00000000    0.00000000  0.00000000    0.27709175  0.00000000
    1    2
 -0.19588783 -0.05503560    0.25078139 -0.17126250    0.00000000  0.00000000
  0.25078139 -0.17126250   -0.49741856  0.02698758    0.00000000  0.00000000
  0.00000000  0.00000000    0.00000000  0.00000000   -0.10166415 -0.02912816
    2    1
 -0.19588783  0.05503560    0.25078139  0.17126250    0.00000000  0.00000000
  0.25078139  0.17126250   -0.49741856 -0.02698758    0.00000000  0.00000000
  0.00000000  0.00000000    0.00000000  0.00000000   -0.10166415  0.02912816
    2    2
  1.47236321  0.00000000    0.19991106  0.00121240    0.00000000  0.00000000
  0.19991106 -0.00121240    1.19246776 -0.00000000    0.00000000  0.00000000
  0.00000000  0.00000000    0.00000000  0.00000000    0.27709175  0.00000000

     Dynamical  Matrix in cartesian axes

     q = (   -0.500000000  -0.173205081   0.000000000 ) 

    1    1
  1.47236321  0.00000000    0.19991106  0.00121240    0.00000000  0.00000000
  0.19991106 -0.00121240    1.19246776 -0.00000000    0.00000000  0.00000000
  0.00000000  0.00000000    0.00000000  0.00000000    0.27709175  0.00000000
    1    2
 -0.19588783  0.05503560    0.25078139  0.17126250    0.00000000  0.00000000
  0.25078139  0.17126250   -0.49741856 -0.02698758    0.00000000  0.00000000
  0.00000000  0.00000000    0.00000000  0.00000000   -0.10166415  0.02912816
    2    1
 -0.19588783 -0.05503560    0.25078139 -0.17126250    0.00000000  0.00000000
  0.25078139 -0.17126250   -0.49741856  0.02698758    0.00000000  0.00000000
  0.00000000  0.00000000    0.00000000  0.00000000   -0.10166415 -0.02912816
    2    2
  1.47236321 -0.00000000    0.19991106 -0.00121240    0.00000000  0.00000000
  0.19991106  0.00121240    1.19246776  0.00000000    0.00000000  0.00000000
  0.00000000  0.00000000    0.00000000  0.00000000    0.27709175  0.00000000

     Dynamical  Matrix in cartesian axes

     q = (    0.400000000  -0.346410162   0.000000000 ) 

    1    1
  1.43556968  0.00000000   -0.22115382  0.00121240    0.00000000  0.00000000
 -0.22115382 -0.00121240    1.22926129 -0.00000000    0.00000000  0.00000000
  0.00000000  0.00000000    0.00000000  0.00000000    0.27709175  0.00000000
    1    2
 -0.08236037  0.23515712   -0.27828303  0.05243689    0.00000000  0.00000000
 -0.27828303  0.05243689   -0.46205007  0.19504948    0.00000000  0.00000000
  0.00000000  0.00000000    0.00000000  0.00000000   -0.06512692  0.08332186
    2    1
 -0.08236037 -0.23515712   -0.27828303 -0.05243689    0.00000000  0.00000000
 -0.27828303 -0.05243689   -0.46205007 -0.19504948    0.00000000  0.00000000
  0.00000000  0.00000000    0.00000000  0.00000000   -0.06512692 -0.08332186
    2    2
  1.43556968 -0.00000000   -0.22115382 -0.00121240    0.00000000  0.00000000
 -0.22115382  0.00121240    1.22926129  0.00000000    0.00000000  0.00000000
  0.00000000  0.00000000    0.00000000  0.00000000    0.27709175  0.00000000

     Dynamical  Matrix in cartesian axes

     q = (   -0.400000000  -0.346410162   0.000000000 ) 

    1    1
  1.43556968  0.00000000    0.22115382 -0.00121240    0.00000000  0.00000000
  0.22115382  0.00121240    1.22926129  0.00000000    0.00000000  0.00000000
  0.00000000  0.00000000    0.00000000  0.00000000    0.27709175  0.00000000
    1    2
 -0.08236037  0.23515712    0.27828303 -0.05243689    0.00000000  0.00000000
  0.27828303 -0.05243689   -0.46205007  0.19504948    0.00000000  0.00000000
  0.00000000  0.00000000    0.00000000  0.00000000   -0.06512692  0.08332186
    2    1
 -0.08236037 -0.23515712    0.27828303  0.05243689    0.00000000  0.00000000
  0.27828303  0.05243689   -0.46205007 -0.19504948    0.00000000  0.00000000
  0.00000000  0.00000000    0.00000000  0.00000000   -0.06512692 -0.08332186
    2    2
  1.43556968 -0.00000000    0.22115382  0.00121240    0.00000000  0.00000000
  0.22115382 -0.00121240    1.22926129 -0.00000000    0.00000000  0.00000000
  0.00000000  0.00000000    0.00000000  0.00000000    0.27709175  0.00000000

     Dynamical  Matrix in cartesian axes

     q = (    0.500000000  -0.173205081   0.000000000 ) 

    1    1
  1.47236321  0.00000000   -0.19991106 -0.00121240    0.00000000  0.00000000
 -0.19991106  0.00121240    1.19246776  0.00000000    0.00000000  0.00000000
  0.00000000  0.00000000    0.00000000  0.00000000    0.27709175  0.00000000
    1    2
 -0.19588783  0.05503560   -0.25078139 -0.17126250    0.00000000  0.00000000
 -0.25078139 -0.17126250   -0.49741856 -0.02698758    0.00000000  0.00000000
  0.00000000  0.00000000    0.00000000  0.00000000   -0.10166415  0.02912816
    2    1
 -0.19588783 -0.05503560   -0.25078139  0.17126250    0.00000000  0.00000000
 -0.25078139  0.17126250   -0.49741856  0.02698758    0.00000000  0.00000000
  0.00000000  0.00000000    0.00000000  0.00000000   -0.10166415 -0.02912816
    2    2
  1.47236321 -0.00000000   -0.19991106  0.00121240    0.00000000  0.00000000
 -0.19991106 -0.00121240    1.19246776 -0.00000000    0.00000000  0.00000000
  0.00000000  0.00000000    0.00000000  0.00000000    0.27709175  0.00000000

     Dynamical  Matrix in cartesian axes

     q = (   -0.500000000   0.173205081   0.000000000 ) 

    1    1
  1.47236321 -0.00000000   -0.19991106  0.00121240    0.00000000  0.00000000
 -0.19991106 -0.00121240    1.19246776 -0.00000000    0.00000000  0.00000000
  0.00000000  0.00000000    0.00000000  0.00000000    0.27709175  0.00000000
    1    2
 -0.19588783 -0.05503560   -0.25078139  0.17126250    0.00000000  0.00000000
 -0.25078139  0.17126250   -0.49741856  0.02698758    0.00000000  0.00000000
  0.00000000  0.00000000    0.00000000  0.00000000   -0.10166415 -0.02912816
    2    1
 -0.19588783  0.05503560   -0.25078139 -0.17126250    0.00000000  0.00000000
 -0.25078139 -0.17126250   -0.49741856 -0.02698758    0.00000000  0.00000000
  0.00000000  0.00000000    0.00000000  0.00000000   -0.10166415  0.02912816
    2    2
  1.47236321  0.00000000   -0.19991106 -0.00121240    0.00000000  0.00000000
 -0.19991106  0.00121240    1.19246776  0.00000000    0.00000000  0.00000000
  0.00000000  0.00000000    0.00000000  0.00000000    0.27709175  0.00000000

     Dynamical  Matrix in cartesian axes

     q = (    0.400000000   0.346410162   0.000000000 ) 

    1    1
  1.43556968 -0.00000000    0.22115382  0.00121240    0.00000000  0.00000000
  0.22115382 -0.00121240    1.22926129 -0.00000000    0.00000000  0.00000000
  0.00000000  0.00000000    0.00000000  0.00000000    0.27709175  0.00000000
    1    2
 -0.08236037 -0.23515712    0.27828303  0.05243689    0.00000000  0.00000000
  0.27828303  0.05243689   -0.46205007 -0.19504948    0.00000000  0.00000000
  0.00000000  0.00000000    0.00000000  0.00000000   -0.06512692 -0.08332186
    2    1
 -0.08236037  0.23515712    0.27828303 -0.05243689    0.00000000  0.00000000
  0.27828303 -0.05243689   -0.46205007  0.19504948    0.00000000  0.00000000
  0.00000000  0.00000000    0.00000000  0.00000000   -0.06512692  0.08332186
    2    2
  1.43556968  0.00000000    0.22115382 -0.00121240    0.00000000  0.00000000
  0.22115382  0.00121240    1.22926129  0.00000000    0.00000000  0.00000000
  0.00000000  0.00000000    0.00000000  0.00000000    0.27709175  0.00000000

     Dynamical  Matrix in cartesian axes

     q = (   -0.100000000  -0.519615242   0.000000000 ) 

    1    1
  1.08931356  0.00000000    0.02124276 -0.00121240    0.00000000  0.00000000
  0.02124276  0.00121240    1.57551741  0.00000000    0.00000000  0.00000000
  0.00000000  0.00000000    0.00000000  0.00000000    0.27709175  0.00000000
    1    2
  0.60812782  0.25048807    0.02526895 -0.04358556    0.00000000  0.00000000
  0.02526895 -0.04358556   -0.06371738  0.17971853    0.00000000  0.00000000
  0.00000000  0.00000000    0.00000000  0.00000000    0.06512692  0.08332186
    2    1
  0.60812782 -0.25048807    0.02526895  0.04358556    0.00000000  0.00000000
  0.02526895  0.04358556   -0.06371738 -0.17971853    0.00000000  0.00000000
  0.00000000  0.00000000    0.00000000  0.00000000    0.06512692 -0.08332186
    2    2
  1.08931356  0.00000000    0.02124276  0.00121240    0.00000000  0.00000000
  0.02124276 -0.00121240    1.57551741 -0.00000000    0.00000000  0.00000000
  0.00000000  0.00000000    0.00000000  0.00000000    0.27709175  0.00000000

     Diagonalizing the dynamical matrix

     q = (    0.100000000   0.519615242   0.000000000 ) 

 **************************************************************************
     freq (    1) =      13.015057 [THz] =     434.135587 [cm-1]
 (  0.000000  0.000000  0.000000  0.000000  0.435458 -0.557114 ) 
 (  0.000000  0.000000  0.000000  0.000000 -0.707107  0.000000 ) 
     freq (    2) =      19.455065 [THz] =     648.951120 [cm-1]
 (  0.000000  0.000000  0.000000  0.000000  0.435458 -0.557114 ) 
 (  0.000000  0.000000  0.000000  0.000000  0.707107  0.000000 ) 
     freq (    3) =      20.591456 [THz] =     686.857031 [cm-1]
 (  0.651969 -0.271268 -0.000686  0.036738 -0.000000 -0.000000 ) 
 ( -0.706151  0.000000  0.014746  0.033656  0.000000  0.000000 ) 
     freq (    4) =      36.922398 [THz] =    1231.598643 [cm-1]
 ( -0.057492  0.092752  0.693978  0.080541  0.000000  0.000000 ) 
 ( -0.109125  0.000000  0.297162 -0.632287  0.000000  0.000000 ) 
     freq (    5) =      41.555428 [THz] =    1386.139887 [cm-1]
 (  0.550662 -0.202955  0.244476 -0.309535 -0.000000  0.000000 ) 
 (  0.586872  0.000000  0.336437  0.205890  0.000000  0.000000 ) 
     freq (    6) =      41.893002 [THz] =    1397.400119 [cm-1]
 ( -0.343856  0.163663  0.179168 -0.568222 -0.000000  0.000000 ) 
 ( -0.380818  0.000000  0.405981  0.436070  0.000000  0.000000 ) 
 **************************************************************************
