Dynamical matrix file
                                                                           
  1    2  0  4.6600075  0.0000000  0.0000000  0.0000000  0.0000000  0.0000000
Basis vectors
      1.000000000    0.000000000    0.000000000
     -0.500000000    0.866025404    0.000000000
      0.000000000    0.000000000    8.110399659
           1  'C   '    10947.3567922507     
    1    1      0.0000000000      0.5773502692      4.0551998718
    2    1      0.0000000000      0.0000000000      4.0551997876

     Dynamical  Matrix in cartesian axes

     q = (    0.000000000   0.230940108   0.000000000 ) 

    1    1
  1.08816790  0.00000000   -0.00000000  0.00000000    0.00000000  0.00000000
  0.00000000  0.00000000    1.35608636  0.00000000    0.00000000  0.00000000
  0.00000000  0.00000000    0.00000000  0.00000000    0.32666843  0.00000000
    1    2
 -0.48331296 -0.81726315    0.00000000 -0.00000000    0.00000000  0.00000000
  0.00000000  0.00000000   -0.77198184 -0.60007681    0.00000000  0.00000000
  0.00000000  0.00000000    0.00000000  0.00000000   -0.21426049 -0.23547088
    2    1
 -0.48331296  0.81726315    0.00000000  0.00000000    0.00000000  0.00000000
  0.00000000  0.00000000   -0.77198184  0.60007681    0.00000000  0.00000000
  0.00000000  0.00000000    0.00000000  0.00000000   -0.21426049  0.23547088
    2    2
  1.08816790  0.00000000   -0.00000000  0.00000000    0.00000000  0.00000000
  0.00000000  0.00000000    1.35608636  0.00000000    0.00000000  0.00000000
  0.00000000  0.00000000    0.00000000  0.00000000    0.32666843  0.00000000

     Dynamical  Matrix in cartesian axes

     q = (   -0.200000000   0.115470054   0.000000000 ) 

    1    1
  1.28910675  0.00000000   -0.11601209  0.00000000    0.00000000  0.00000000
 -0.11601209  0.00000000    1.15514752  0.00000000    0.00000000  0.00000000
  0.00000000  0.00000000    0.00000000  0.00000000    0.32666843  0.00000000
    1    2
 -0.83860069 -0.46335076   -0.05081530  0.14794082    0.00000000  0.00000000
 -0.05081530  0.14794082   -0.89727714 -0.29252341    0.00000000  0.00000000
  0.00000000  0.00000000    0.00000000  0.00000000   -0.29015625 -0.13100933
    2    1
 -0.83860069  0.46335076   -0.05081530 -0.14794082    0.00000000  0.00000000
 -0.05081530 -0.14794082   -0.89727714  0.29252341    0.00000000  0.00000000
  0.00000000  0.00000000    0.00000000  0.00000000   -0.29015625  0.13100933
    2    2
  1.28910675  0.00000000   -0.11601209  0.00000000    0.00000000  0.00000000
 -0.11601209  0.00000000    1.15514752  0.00000000    0.00000000  0.00000000
  0.00000000  0.00000000    0.00000000  0.00000000    0.32666843  0.00000000

     Dynamical  Matrix in cartesian axes

     q = (    0.200000000   0.115470054   0.000000000 ) 

    1    1
  1.28910675  0.00000000    0.11601209  0.00000000    0.00000000  0.00000000
  0.11601209  0.00000000    1.15514752  0.00000000    0.00000000  0.00000000
  0.00000000  0.00000000    0.00000000  0.00000000    0.32666843  0.00000000
    1    2
 -0.83860069 -0.46335076    0.05081530 -0.14794082    0.00000000  0.00000000
  0.05081530 -0.14794082   -0.89727714 -0.29252341    0.00000000  0.00000000
  0.00000000  0.00000000    0.00000000  0.00000000   -0.29015625 -0.13100933
    2    1
 -0.83860069  0.46335076    0.05081530  0.14794082    0.00000000  0.00000000
  0.05081530  0.14794082   -0.89727714  0.29252341    0.00000000  0.00000000
  0.00000000  0.00000000    0.00000000  0.00000000   -0.29015625  0.13100933
    2    2
  1.28910675  0.00000000    0.11601209  0.00000000    0.00000000  0.00000000
  0.11601209  0.00000000    1.15514752  0.00000000    0.00000000  0.00000000
  0.00000000  0.00000000    0.00000000  0.00000000    0.32666843  0.00000000

     Dynamical  Matrix in cartesian axes

     q = (   -0.200000000  -0.115470054   0.000000000 ) 

    1    1
  1.28910675  0.00000000    0.11601209  0.00000000    0.00000000  0.00000000
  0.11601209  0.00000000    1.15514752  0.00000000    0.00000000  0.00000000
  0.00000000  0.00000000    0.00000000  0.00000000    0.32666843  0.00000000
    1    2
 -0.83860069  0.46335076    0.05081530  0.14794082    0.00000000  0.00000000
  0.05081530  0.14794082   -0.89727714  0.29252341    0.00000000  0.00000000
  0.00000000  0.00000000    0.00000000  0.00000000   -0.29015625  0.13100933
    2    1
 -0.83860069 -0.46335076    0.05081530 -0.14794082    0.00000000  0.00000000
  0.05081530 -0.14794082   -0.89727714 -0.29252341    0.00000000  0.00000000
  0.00000000  0.00000000    0.00000000  0.00000000   -0.29015625 -0.13100933
    2    2
  1.28910675  0.00000000    0.11601209  0.00000000    0.00000000  0.00000000
  0.11601209  0.00000000    1.15514752  0.00000000    0.00000000  0.00000000
  0.00000000  0.00000000    0.00000000  0.00000000    0.32666843  0.00000000

     Dynamical  Matrix in cartesian axes

     q = (    0.200000000  -0.115470054   0.000000000 ) 

    1    1
  1.28910675  0.00000000   -0.11601209  0.00000000    0.00000000  0.00000000
 -0.11601209  0.00000000    1.15514752  0.00000000    0.00000000  0.00000000
  0.00000000  0.00000000    0.00000000  0.00000000    0.32666843  0.00000000
    1    2
 -0.83860069  0.46335076   -0.05081530 -0.14794082    0.00000000  0.00000000
 -0.05081530 -0.14794082   -0.89727714  0.29252341    0.00000000  0.00000000
  0.00000000  0.00000000    0.00000000  0.00000000   -0.29015625  0.13100933
    2    1
 -0.83860069 -0.46335076   -0.05081530  0.14794082    0.00000000  0.00000000
 -0.05081530  0.14794082   -0.89727714 -0.29252341    0.00000000  0.00000000
  0.00000000  0.00000000    0.00000000  0.00000000   -0.29015625 -0.13100933
    2    2
  1.28910675  0.00000000   -0.11601209  0.00000000    0.00000000  0.00000000
 -0.11601209  0.00000000    1.15514752  0.00000000    0.00000000  0.00000000
  0.00000000  0.00000000    0.00000000  0.00000000    0.32666843  0.00000000

     Dynamical  Matrix in cartesian axes

     q = (    0.000000000  -0.230940108   0.000000000 ) 

    1    1
  1.08816790  0.00000000   -0.00000000  0.00000000    0.00000000  0.00000000
  0.00000000  0.00000000    1.35608636  0.00000000    0.00000000  0.00000000
  0.00000000  0.00000000    0.00000000  0.00000000    0.32666843  0.00000000
    1    2
 -0.48331296  0.81726315    0.00000000  0.00000000    0.00000000  0.00000000
  0.00000000  0.00000000   -0.77198184  0.60007681    0.00000000  0.00000000
  0.00000000  0.00000000    0.00000000  0.00000000   -0.21426049  0.23547088
    2    1
 -0.48331296 -0.81726315    0.00000000 -0.00000000    0.00000000  0.00000000
  0.00000000  0.00000000   -0.77198184 -0.60007681    0.00000000  0.00000000
  0.00000000  0.00000000    0.00000000  0.00000000   -0.21426049 -0.23547088
    2    2
  1.08816790  0.00000000   -0.00000000  0.00000000    0.00000000  0.00000000
  0.00000000  0.00000000    1.35608636  0.00000000    0.00000000  0.00000000
  0.00000000  0.00000000    0.00000000  0.00000000    0.32666843  0.00000000

     Diagonalizing the dynamical matrix

     q = (    0.000000000   0.230940108   0.000000000 ) 

 **************************************************************************
     freq (    1) =       2.865752 [THz] =      95.591208 [cm-1]
 (  0.000000  0.000000  0.000000  0.000000 -0.475890 -0.523000 ) 
 (  0.000000  0.000000  0.000000 -0.000000 -0.707107  0.000000 ) 
     freq (    2) =      11.709576 [THz] =     390.589418 [cm-1]
 (  0.432666 -0.559286  0.000000  0.000000  0.000000  0.000000 ) 
 ( -0.261165 -0.657110  0.000000  0.000000  0.000000  0.000000 ) 
     freq (    3) =      19.339439 [THz] =     645.094233 [cm-1]
 (  0.000000 -0.000000 -0.190225 -0.681039 -0.000000 -0.000000 ) 
 ( -0.000000 -0.000000 -0.568152 -0.420956  0.000000  0.000000 ) 
     freq (    4) =      25.252848 [THz] =     842.344328 [cm-1]
 (  0.000000  0.000000  0.000000  0.000000 -0.475890 -0.523000 ) 
 (  0.000000  0.000000  0.000000 -0.000000  0.707107  0.000000 ) 
     freq (    5) =      44.883309 [THz] =    1497.146042 [cm-1]
 (  0.667926 -0.232111 -0.000000 -0.000000  0.000000  0.000000 ) 
 ( -0.140205  0.693068  0.000000  0.000000  0.000000  0.000000 ) 
     freq (    6) =      48.035037 [THz] =    1602.276350 [cm-1]
 ( -0.000000  0.000000 -0.190225 -0.681039  0.000000  0.000000 ) 
 (  0.000000 -0.000000  0.568152  0.420956  0.000000  0.000000 ) 
 **************************************************************************
