Dynamical matrix file
AiiDA calculation                                                          
  1    2   0   4.6600075   0.0000000   0.0000000   0.0000000   0.0000000   0.0000000
Basis vectors
      1.000000000    0.000000000    0.000000000
     -0.500000000    0.866025404    0.000000000
      0.000000000    0.000000000    8.110399659
           1  'C   '    10947.3568039781     
    1    1      0.0000000000      0.5773502692      4.0551998718
    2    1      0.0000000000      0.0000000000      4.0551997876

     Dynamical  Matrix in cartesian axes

     q = (    0.000000000   0.000000000   0.000000000 ) 

    1    1
  1.09870935   0.00000000     0.00000000   0.00000000     0.00000000   0.00000000
  0.00000000   0.00000000     1.09870935   0.00000000     0.00000000   0.00000000
  0.00000000   0.00000000     0.00000000   0.00000000     0.35083753   0.00000000
    1    2
 -1.09614003   0.00000000     0.00000000   0.00000000     0.00000000   0.00000000
  0.00000000   0.00000000    -1.09614003   0.00000000     0.00000000   0.00000000
  0.00000000   0.00000000     0.00000000   0.00000000    -0.34613838   0.00000000
    2    1
 -1.09614003   0.00000000     0.00000000   0.00000000     0.00000000   0.00000000
  0.00000000   0.00000000    -1.09614003   0.00000000     0.00000000   0.00000000
  0.00000000   0.00000000     0.00000000   0.00000000    -0.34613838   0.00000000
    2    2
  1.09870935   0.00000000     0.00000000   0.00000000     0.00000000   0.00000000
  0.00000000   0.00000000     1.09870935   0.00000000    -0.00000000   0.00000000
  0.00000000   0.00000000    -0.00000000   0.00000000     0.35083753   0.00000000

     Diagonalizing the dynamical matrix

     q = (    0.000000000   0.000000000   0.000000000 ) 

 **************************************************************************
     freq (    1) =       1.593782 [THz] =      53.162847 [cm-1]
 (  0.003007  0.000000  0.707100  0.000000  0.000000  0.000000 ) 
 (  0.003007  0.000000  0.707100  0.000000  0.000000  0.000000 ) 
     freq (    2) =       1.593782 [THz] =      53.162847 [cm-1]
 (  0.707100  0.000000 -0.003007  0.000000 -0.000000  0.000000 ) 
 (  0.707100  0.000000 -0.003007  0.000000 -0.000000  0.000000 ) 
     freq (    3) =       2.155411 [THz] =      71.896780 [cm-1]
 ( -0.000000  0.000000  0.000000  0.000000 -0.707107  0.000000 ) 
 ( -0.000000  0.000000  0.000000  0.000000 -0.707107  0.000000 ) 
     freq (    4) =      26.249998 [THz] =     875.605697 [cm-1]
 (  0.000000  0.000000  0.000000  0.000000 -0.707107  0.000000 ) 
 (  0.000000  0.000000  0.000000  0.000000  0.707107  0.000000 ) 
     freq (    5) =      46.582497 [THz] =    1553.824831 [cm-1]
 ( -0.000008  0.000000  0.707107  0.000000  0.000000  0.000000 ) 
 (  0.000008  0.000000 -0.707107  0.000000 -0.000000  0.000000 ) 
     freq (    6) =      46.582497 [THz] =    1553.824831 [cm-1]
 (  0.707107  0.000000  0.000008  0.000000  0.000000  0.000000 ) 
 ( -0.707107  0.000000 -0.000008  0.000000 -0.000000  0.000000 ) 
 **************************************************************************
