  10  10   1
  14
   0.000000000000000E+00   0.000000000000000E+00   0.000000000000000E+00
   0.000000000000000E+00   0.115470053836745E+00   0.000000000000000E+00
   0.000000000000000E+00   0.230940107673490E+00   0.000000000000000E+00
   0.000000000000000E+00   0.346410161510235E+00   0.000000000000000E+00
   0.000000000000000E+00   0.461880215346980E+00   0.000000000000000E+00
   0.000000000000000E+00  -0.577350269183725E+00   0.000000000000000E+00
   0.999999999999932E-01   0.173205080755118E+00   0.000000000000000E+00
   0.999999999999932E-01   0.288675134591863E+00   0.000000000000000E+00
   0.999999999999932E-01   0.404145188428608E+00   0.000000000000000E+00
   0.999999999999932E-01   0.519615242265353E+00   0.000000000000000E+00
   0.199999999999986E+00   0.346410161510235E+00   0.000000000000000E+00
   0.199999999999986E+00   0.461880215346980E+00   0.000000000000000E+00
   0.199999999999986E+00   0.577350269183725E+00   0.000000000000000E+00
   0.299999999999980E+00   0.519615242265353E+00   0.000000000000000E+00
