Dynamical matrix file
                                                                           
  1    2  0  4.6600075  0.0000000  0.0000000  0.0000000  0.0000000  0.0000000
Basis vectors
      1.000000000    0.000000000    0.000000000
     -0.500000000    0.866025404    0.000000000
      0.000000000    0.000000000    8.110399659
           1  'C   '    10947.3567922507     
    1    1      0.0000000000      0.5773502692      4.0551998718
    2    1      0.0000000000      0.0000000000      4.0551997876

     Dynamical  Matrix in cartesian axes

     q = (    0.100000000   0.404145188   0.000000000 ) 

    1    1
  1.09715742  0.00000000    0.06280554  0.00644558    0.00000000  0.00000000
  0.06280554 -0.00644558    1.50862513 -0.00000000    0.00000000  0.00000000
  0.00000000  0.00000000    0.00000000  0.00000000    0.29168939  0.00000000
    1    2
  0.30163375 -0.65515262    0.06110811  0.00447832    0.00000000  0.00000000
  0.06110811  0.00447832   -0.25737761 -0.47278502    0.00000000  0.00000000
  0.00000000  0.00000000    0.00000000  0.00000000   -0.01764921 -0.21120265
    2    1
  0.30163375  0.65515262    0.06110811 -0.00447832    0.00000000  0.00000000
  0.06110811 -0.00447832   -0.25737761  0.47278502    0.00000000  0.00000000
  0.00000000  0.00000000    0.00000000  0.00000000   -0.01764921  0.21120265
    2    2
  1.09715742  0.00000000    0.06280554 -0.00644558    0.00000000  0.00000000
  0.06280554  0.00644558    1.50862513  0.00000000    0.00000000  0.00000000
  0.00000000  0.00000000    0.00000000  0.00000000    0.29168939  0.00000000

     Dynamical  Matrix in cartesian axes

     q = (   -0.100000000   0.404145188   0.000000000 ) 

    1    1
  1.09715742  0.00000000   -0.06280554 -0.00644558    0.00000000  0.00000000
 -0.06280554  0.00644558    1.50862513  0.00000000    0.00000000  0.00000000
  0.00000000  0.00000000    0.00000000  0.00000000    0.29168939  0.00000000
    1    2
  0.30163375 -0.65515262   -0.06110811 -0.00447832    0.00000000  0.00000000
 -0.06110811 -0.00447832   -0.25737761 -0.47278502    0.00000000  0.00000000
  0.00000000  0.00000000    0.00000000  0.00000000   -0.01764921 -0.21120265
    2    1
  0.30163375  0.65515262   -0.06110811  0.00447832    0.00000000  0.00000000
 -0.06110811  0.00447832   -0.25737761  0.47278502    0.00000000  0.00000000
  0.00000000  0.00000000    0.00000000  0.00000000   -0.01764921  0.21120265
    2    2
  1.09715742  0.00000000   -0.06280554  0.00644558    0.00000000  0.00000000
 -0.06280554 -0.00644558    1.50862513 -0.00000000    0.00000000  0.00000000
  0.00000000  0.00000000    0.00000000  0.00000000    0.29168939  0.00000000

     Dynamical  Matrix in cartesian axes

     q = (    0.100000000  -0.404145188   0.000000000 ) 

    1    1
  1.09715742  0.00000000   -0.06280554  0.00644558    0.00000000  0.00000000
 -0.06280554 -0.00644558    1.50862513 -0.00000000    0.00000000  0.00000000
  0.00000000  0.00000000    0.00000000  0.00000000    0.29168939  0.00000000
    1    2
  0.30163375  0.65515262   -0.06110811  0.00447832    0.00000000  0.00000000
 -0.06110811  0.00447832   -0.25737761  0.47278502    0.00000000  0.00000000
  0.00000000  0.00000000    0.00000000  0.00000000   -0.01764921  0.21120265
    2    1
  0.30163375 -0.65515262   -0.06110811 -0.00447832    0.00000000  0.00000000
 -0.06110811 -0.00447832   -0.25737761 -0.47278502    0.00000000  0.00000000
  0.00000000  0.00000000    0.00000000  0.00000000   -0.01764921 -0.21120265
    2    2
  1.09715742  0.00000000   -0.06280554 -0.00644558    0.00000000  0.00000000
 -0.06280554  0.00644558    1.50862513  0.00000000    0.00000000  0.00000000
  0.00000000  0.00000000    0.00000000  0.00000000    0.29168939  0.00000000

     Dynamical  Matrix in cartesian axes

     q = (   -0.300000000   0.288675135   0.000000000 ) 

    1    1
  1.35136701 -0.00000000   -0.20957352 -0.00644558    0.00000000  0.00000000
 -0.20957352  0.00644558    1.25441554  0.00000000    0.00000000  0.00000000
  0.00000000  0.00000000    0.00000000  0.00000000    0.29168939  0.00000000
    1    2
 -0.16899937 -0.52275778   -0.21884318  0.05862194    0.00000000  0.00000000
 -0.21884318  0.05862194   -0.52978971 -0.36374984    0.00000000  0.00000000
  0.00000000  0.00000000    0.00000000  0.00000000   -0.10986330 -0.18124048
    2    1
 -0.16899937  0.52275778   -0.21884318 -0.05862194    0.00000000  0.00000000
 -0.21884318 -0.05862194   -0.52978971  0.36374984    0.00000000  0.00000000
  0.00000000  0.00000000    0.00000000  0.00000000   -0.10986330  0.18124048
    2    2
  1.35136701  0.00000000   -0.20957352  0.00644558    0.00000000  0.00000000
 -0.20957352 -0.00644558    1.25441554 -0.00000000    0.00000000  0.00000000
  0.00000000  0.00000000    0.00000000  0.00000000    0.29168939  0.00000000

     Dynamical  Matrix in cartesian axes

     q = (    0.400000000   0.115470054   0.000000000 ) 

    1    1
  1.46014940 -0.00000000    0.14676797 -0.00644558    0.00000000  0.00000000
  0.14676797  0.00644558    1.14563315  0.00000000    0.00000000  0.00000000
  0.00000000  0.00000000    0.00000000  0.00000000    0.29168939  0.00000000
    1    2
 -0.46932272 -0.22052558    0.15721505 -0.23556009    0.00000000  0.00000000
  0.15721505 -0.23556009   -0.61708562 -0.08593624    0.00000000  0.00000000
  0.00000000  0.00000000    0.00000000  0.00000000   -0.19541176 -0.08205060
    2    1
 -0.46932272  0.22052558    0.15721505  0.23556009    0.00000000  0.00000000
  0.15721505  0.23556009   -0.61708562  0.08593624    0.00000000  0.00000000
  0.00000000  0.00000000    0.00000000  0.00000000   -0.19541176  0.08205060
    2    2
  1.46014940  0.00000000    0.14676797  0.00644558    0.00000000  0.00000000
  0.14676797 -0.00644558    1.14563315 -0.00000000    0.00000000  0.00000000
  0.00000000  0.00000000    0.00000000  0.00000000    0.29168939  0.00000000

     Dynamical  Matrix in cartesian axes

     q = (   -0.400000000  -0.115470054   0.000000000 ) 

    1    1
  1.46014940  0.00000000    0.14676797  0.00644558    0.00000000  0.00000000
  0.14676797 -0.00644558    1.14563315 -0.00000000    0.00000000  0.00000000
  0.00000000  0.00000000    0.00000000  0.00000000    0.29168939  0.00000000
    1    2
 -0.46932272  0.22052558    0.15721505  0.23556009    0.00000000  0.00000000
  0.15721505  0.23556009   -0.61708562  0.08593624    0.00000000  0.00000000
  0.00000000  0.00000000    0.00000000  0.00000000   -0.19541176  0.08205060
    2    1
 -0.46932272 -0.22052558    0.15721505 -0.23556009    0.00000000  0.00000000
  0.15721505 -0.23556009   -0.61708562 -0.08593624    0.00000000  0.00000000
  0.00000000  0.00000000    0.00000000  0.00000000   -0.19541176 -0.08205060
    2    2
  1.46014940 -0.00000000    0.14676797 -0.00644558    0.00000000  0.00000000
  0.14676797  0.00644558    1.14563315  0.00000000    0.00000000  0.00000000
  0.00000000  0.00000000    0.00000000  0.00000000    0.29168939  0.00000000

     Dynamical  Matrix in cartesian axes

     q = (    0.300000000  -0.288675135   0.000000000 ) 

    1    1
  1.35136701  0.00000000   -0.20957352  0.00644558    0.00000000  0.00000000
 -0.20957352 -0.00644558    1.25441554 -0.00000000    0.00000000  0.00000000
  0.00000000  0.00000000    0.00000000  0.00000000    0.29168939  0.00000000
    1    2
 -0.16899937  0.52275778   -0.21884318 -0.05862194    0.00000000  0.00000000
 -0.21884318 -0.05862194   -0.52978971  0.36374984    0.00000000  0.00000000
  0.00000000  0.00000000    0.00000000  0.00000000   -0.10986330  0.18124048
    2    1
 -0.16899937 -0.52275778   -0.21884318  0.05862194    0.00000000  0.00000000
 -0.21884318  0.05862194   -0.52978971 -0.36374984    0.00000000  0.00000000
  0.00000000  0.00000000    0.00000000  0.00000000   -0.10986330 -0.18124048
    2    2
  1.35136701 -0.00000000   -0.20957352 -0.00644558    0.00000000  0.00000000
 -0.20957352  0.00644558    1.25441554  0.00000000    0.00000000  0.00000000
  0.00000000  0.00000000    0.00000000  0.00000000    0.29168939  0.00000000

     Dynamical  Matrix in cartesian axes

     q = (   -0.300000000  -0.288675135   0.000000000 ) 

    1    1
  1.35136701  0.00000000    0.20957352 -0.00644558    0.00000000  0.00000000
  0.20957352  0.00644558    1.25441554  0.00000000    0.00000000  0.00000000
  0.00000000  0.00000000    0.00000000  0.00000000    0.29168939  0.00000000
    1    2
 -0.16899937  0.52275778    0.21884318  0.05862194    0.00000000  0.00000000
  0.21884318  0.05862194   -0.52978971  0.36374984    0.00000000  0.00000000
  0.00000000  0.00000000    0.00000000  0.00000000   -0.10986330  0.18124048
    2    1
 -0.16899937 -0.52275778    0.21884318 -0.05862194    0.00000000  0.00000000
  0.21884318 -0.05862194   -0.52978971 -0.36374984    0.00000000  0.00000000
  0.00000000  0.00000000    0.00000000  0.00000000   -0.10986330 -0.18124048
    2    2
  1.35136701 -0.00000000    0.20957352  0.00644558    0.00000000  0.00000000
  0.20957352 -0.00644558    1.25441554 -0.00000000    0.00000000  0.00000000
  0.00000000  0.00000000    0.00000000  0.00000000    0.29168939  0.00000000

     Dynamical  Matrix in cartesian axes

     q = (    0.400000000  -0.115470054   0.000000000 ) 

    1    1
  1.46014940  0.00000000   -0.14676797 -0.00644558    0.00000000  0.00000000
 -0.14676797  0.00644558    1.14563315  0.00000000    0.00000000  0.00000000
  0.00000000  0.00000000    0.00000000  0.00000000    0.29168939  0.00000000
    1    2
 -0.46932272  0.22052558   -0.15721505 -0.23556009    0.00000000  0.00000000
 -0.15721505 -0.23556009   -0.61708562  0.08593624    0.00000000  0.00000000
  0.00000000  0.00000000    0.00000000  0.00000000   -0.19541176  0.08205060
    2    1
 -0.46932272 -0.22052558   -0.15721505  0.23556009    0.00000000  0.00000000
 -0.15721505  0.23556009   -0.61708562 -0.08593624    0.00000000  0.00000000
  0.00000000  0.00000000    0.00000000  0.00000000   -0.19541176 -0.08205060
    2    2
  1.46014940 -0.00000000   -0.14676797  0.00644558    0.00000000  0.00000000
 -0.14676797 -0.00644558    1.14563315 -0.00000000    0.00000000  0.00000000
  0.00000000  0.00000000    0.00000000  0.00000000    0.29168939  0.00000000

     Dynamical  Matrix in cartesian axes

     q = (   -0.400000000   0.115470054   0.000000000 ) 

    1    1
  1.46014940 -0.00000000   -0.14676797  0.00644558    0.00000000  0.00000000
 -0.14676797 -0.00644558    1.14563315 -0.00000000    0.00000000  0.00000000
  0.00000000  0.00000000    0.00000000  0.00000000    0.29168939  0.00000000
    1    2
 -0.46932272 -0.22052558   -0.15721505  0.23556009    0.00000000  0.00000000
 -0.15721505  0.23556009   -0.61708562 -0.08593624    0.00000000  0.00000000
  0.00000000  0.00000000    0.00000000  0.00000000   -0.19541176 -0.08205060
    2    1
 -0.46932272  0.22052558   -0.15721505 -0.23556009    0.00000000  0.00000000
 -0.15721505 -0.23556009   -0.61708562  0.08593624    0.00000000  0.00000000
  0.00000000  0.00000000    0.00000000  0.00000000   -0.19541176  0.08205060
    2    2
  1.46014940  0.00000000   -0.14676797 -0.00644558    0.00000000  0.00000000
 -0.14676797  0.00644558    1.14563315  0.00000000    0.00000000  0.00000000
  0.00000000  0.00000000    0.00000000  0.00000000    0.29168939  0.00000000

     Dynamical  Matrix in cartesian axes

     q = (    0.300000000   0.288675135   0.000000000 ) 

    1    1
  1.35136701 -0.00000000    0.20957352  0.00644558    0.00000000  0.00000000
  0.20957352 -0.00644558    1.25441554 -0.00000000    0.00000000  0.00000000
  0.00000000  0.00000000    0.00000000  0.00000000    0.29168939  0.00000000
    1    2
 -0.16899937 -0.52275778    0.21884318 -0.05862194    0.00000000  0.00000000
  0.21884318 -0.05862194   -0.52978971 -0.36374984    0.00000000  0.00000000
  0.00000000  0.00000000    0.00000000  0.00000000   -0.10986330 -0.18124048
    2    1
 -0.16899937  0.52275778    0.21884318  0.05862194    0.00000000  0.00000000
  0.21884318  0.05862194   -0.52978971  0.36374984    0.00000000  0.00000000
  0.00000000  0.00000000    0.00000000  0.00000000   -0.10986330  0.18124048
    2    2
  1.35136701  0.00000000    0.20957352 -0.00644558    0.00000000  0.00000000
  0.20957352  0.00644558    1.25441554  0.00000000    0.00000000  0.00000000
  0.00000000  0.00000000    0.00000000  0.00000000    0.29168939  0.00000000

     Dynamical  Matrix in cartesian axes

     q = (   -0.100000000  -0.404145188   0.000000000 ) 

    1    1
  1.09715742  0.00000000    0.06280554 -0.00644558    0.00000000  0.00000000
  0.06280554  0.00644558    1.50862513  0.00000000    0.00000000  0.00000000
  0.00000000  0.00000000    0.00000000  0.00000000    0.29168939  0.00000000
    1    2
  0.30163375  0.65515262    0.06110811 -0.00447832    0.00000000  0.00000000
  0.06110811 -0.00447832   -0.25737761  0.47278502    0.00000000  0.00000000
  0.00000000  0.00000000    0.00000000  0.00000000   -0.01764921  0.21120265
    2    1
  0.30163375 -0.65515262    0.06110811  0.00447832    0.00000000  0.00000000
  0.06110811  0.00447832   -0.25737761 -0.47278502    0.00000000  0.00000000
  0.00000000  0.00000000    0.00000000  0.00000000   -0.01764921 -0.21120265
    2    2
  1.09715742  0.00000000    0.06280554  0.00644558    0.00000000  0.00000000
  0.06280554 -0.00644558    1.50862513 -0.00000000    0.00000000  0.00000000
  0.00000000  0.00000000    0.00000000  0.00000000    0.29168939  0.00000000

     Diagonalizing the dynamical matrix

     q = (    0.100000000   0.404145188   0.000000000 ) 

 **************************************************************************
     freq (    1) =       8.879476 [THz] =     296.187443 [cm-1]
 (  0.000000  0.000000 -0.000000 -0.000000  0.058884  0.704651 ) 
 (  0.000000 -0.000000 -0.000000 -0.000000  0.707107  0.000000 ) 
     freq (    2) =      19.069292 [THz] =     636.083119 [cm-1]
 ( -0.158605 -0.684564  0.061439  0.049411 -0.000000 -0.000000 ) 
 ( -0.561588  0.422377  0.078825  0.001652  0.000000  0.000000 ) 
     freq (    3) =      22.313897 [THz] =     744.311471 [cm-1]
 (  0.000000  0.000000  0.000000  0.000000 -0.058884 -0.704651 ) 
 (  0.000000 -0.000000  0.000000  0.000000  0.707107  0.000000 ) 
     freq (    4) =      30.957690 [THz] =    1032.637395 [cm-1]
 ( -0.067645  0.078214  0.322544  0.620703  0.000000  0.000000 ) 
 (  0.040216 -0.095267  0.699351  0.014655 -0.000000  0.000000 ) 
     freq (    5) =      42.357515 [THz] =    1412.894630 [cm-1]
 (  0.283416  0.625336 -0.163056 -0.045202  0.000000  0.000000 ) 
 ( -0.451113  0.517559  0.169168  0.003545 -0.000000  0.000000 ) 
     freq (    6) =      45.124464 [THz] =    1505.190086 [cm-1]
 (  0.017203 -0.154459 -0.294100 -0.623981  0.000000  0.000000 ) 
 (  0.134060 -0.078623  0.689665  0.014452 -0.000000  0.000000 ) 
 **************************************************************************
