Dynamical matrix file
                                                                           
  1    2  0  4.6600075  0.0000000  0.0000000  0.0000000  0.0000000  0.0000000
Basis vectors
      1.000000000    0.000000000    0.000000000
     -0.500000000    0.866025404    0.000000000
      0.000000000    0.000000000    8.110399659
           1  'C   '    10947.3567922507     
    1    1      0.0000000000      0.5773502692      4.0551998718
    2    1      0.0000000000      0.0000000000      4.0551997876

     Dynamical  Matrix in cartesian axes

     q = (    0.000000000   0.115470054   0.000000000 ) 

    1    1
  1.10208656  0.00000000    0.00000000  0.00000000    0.00000000  0.00000000
  0.00000000  0.00000000    1.20812018  0.00000000    0.00000000  0.00000000
  0.00000000  0.00000000    0.00000000  0.00000000    0.34145856  0.00000000
    1    2
 -0.93579582 -0.50160162   -0.00000000 -0.00000000    0.00000000  0.00000000
  0.00000000  0.00000000   -1.04280556 -0.37082700    0.00000000  0.00000000
  0.00000000  0.00000000    0.00000000  0.00000000   -0.31367361 -0.13959338
    2    1
 -0.93579582  0.50160162   -0.00000000  0.00000000    0.00000000  0.00000000
  0.00000000  0.00000000   -1.04280556  0.37082700    0.00000000  0.00000000
  0.00000000  0.00000000    0.00000000  0.00000000   -0.31367361  0.13959338
    2    2
  1.10208656  0.00000000    0.00000000  0.00000000    0.00000000  0.00000000
  0.00000000  0.00000000    1.20812018  0.00000000    0.00000000  0.00000000
  0.00000000  0.00000000    0.00000000  0.00000000    0.34145856  0.00000000

     Dynamical  Matrix in cartesian axes

     q = (   -0.100000000   0.057735027   0.000000000 ) 

    1    1
  1.18161177  0.00000000   -0.04591390  0.00000000    0.00000000  0.00000000
 -0.04591390  0.00000000    1.12859497  0.00000000    0.00000000  0.00000000
  0.00000000  0.00000000    0.00000000  0.00000000    0.34145856  0.00000000
    1    2
 -1.05918773 -0.27076597    0.00420252  0.07304822    0.00000000  0.00000000
  0.00420252  0.07304822   -1.05433508 -0.18641715    0.00000000  0.00000000
  0.00000000  0.00000000    0.00000000  0.00000000   -0.33581821 -0.07143931
    2    1
 -1.05918773  0.27076597    0.00420252 -0.07304822    0.00000000  0.00000000
  0.00420252 -0.07304822   -1.05433508  0.18641715    0.00000000  0.00000000
  0.00000000  0.00000000    0.00000000  0.00000000   -0.33581821  0.07143931
    2    2
  1.18161177  0.00000000   -0.04591390  0.00000000    0.00000000  0.00000000
 -0.04591390  0.00000000    1.12859497  0.00000000    0.00000000  0.00000000
  0.00000000  0.00000000    0.00000000  0.00000000    0.34145856  0.00000000

     Dynamical  Matrix in cartesian axes

     q = (    0.100000000   0.057735027   0.000000000 ) 

    1    1
  1.18161177  0.00000000    0.04591390  0.00000000    0.00000000  0.00000000
  0.04591390  0.00000000    1.12859497  0.00000000    0.00000000  0.00000000
  0.00000000  0.00000000    0.00000000  0.00000000    0.34145856  0.00000000
    1    2
 -1.05918773 -0.27076597   -0.00420252 -0.07304822    0.00000000  0.00000000
 -0.00420252 -0.07304822   -1.05433508 -0.18641715    0.00000000  0.00000000
  0.00000000  0.00000000    0.00000000  0.00000000   -0.33581821 -0.07143931
    2    1
 -1.05918773  0.27076597   -0.00420252  0.07304822    0.00000000  0.00000000
 -0.00420252  0.07304822   -1.05433508  0.18641715    0.00000000  0.00000000
  0.00000000  0.00000000    0.00000000  0.00000000   -0.33581821  0.07143931
    2    2
  1.18161177  0.00000000    0.04591390  0.00000000    0.00000000  0.00000000
  0.04591390  0.00000000    1.12859497  0.00000000    0.00000000  0.00000000
  0.00000000  0.00000000    0.00000000  0.00000000    0.34145856  0.00000000

     Dynamical  Matrix in cartesian axes

     q = (   -0.100000000  -0.057735027   0.000000000 ) 

    1    1
  1.18161177  0.00000000    0.04591390  0.00000000    0.00000000  0.00000000
  0.04591390  0.00000000    1.12859497  0.00000000    0.00000000  0.00000000
  0.00000000  0.00000000    0.00000000  0.00000000    0.34145856  0.00000000
    1    2
 -1.05918773  0.27076597   -0.00420252  0.07304822    0.00000000  0.00000000
 -0.00420252  0.07304822   -1.05433508  0.18641715    0.00000000  0.00000000
  0.00000000  0.00000000    0.00000000  0.00000000   -0.33581821  0.07143931
    2    1
 -1.05918773 -0.27076597   -0.00420252 -0.07304822    0.00000000  0.00000000
 -0.00420252 -0.07304822   -1.05433508 -0.18641715    0.00000000  0.00000000
  0.00000000  0.00000000    0.00000000  0.00000000   -0.33581821 -0.07143931
    2    2
  1.18161177  0.00000000    0.04591390  0.00000000    0.00000000  0.00000000
  0.04591390  0.00000000    1.12859497  0.00000000    0.00000000  0.00000000
  0.00000000  0.00000000    0.00000000  0.00000000    0.34145856  0.00000000

     Dynamical  Matrix in cartesian axes

     q = (    0.100000000  -0.057735027   0.000000000 ) 

    1    1
  1.18161177  0.00000000   -0.04591390  0.00000000    0.00000000  0.00000000
 -0.04591390  0.00000000    1.12859497  0.00000000    0.00000000  0.00000000
  0.00000000  0.00000000    0.00000000  0.00000000    0.34145856  0.00000000
    1    2
 -1.05918773  0.27076597    0.00420252 -0.07304822    0.00000000  0.00000000
  0.00420252 -0.07304822   -1.05433508  0.18641715    0.00000000  0.00000000
  0.00000000  0.00000000    0.00000000  0.00000000   -0.33581821  0.07143931
    2    1
 -1.05918773 -0.27076597    0.00420252  0.07304822    0.00000000  0.00000000
  0.00420252  0.07304822   -1.05433508 -0.18641715    0.00000000  0.00000000
  0.00000000  0.00000000    0.00000000  0.00000000   -0.33581821 -0.07143931
    2    2
  1.18161177  0.00000000   -0.04591390  0.00000000    0.00000000  0.00000000
 -0.04591390  0.00000000    1.12859497  0.00000000    0.00000000  0.00000000
  0.00000000  0.00000000    0.00000000  0.00000000    0.34145856  0.00000000

     Dynamical  Matrix in cartesian axes

     q = (    0.000000000  -0.115470054   0.000000000 ) 

    1    1
  1.10208656  0.00000000    0.00000000  0.00000000    0.00000000  0.00000000
  0.00000000  0.00000000    1.20812018  0.00000000    0.00000000  0.00000000
  0.00000000  0.00000000    0.00000000  0.00000000    0.34145856  0.00000000
    1    2
 -0.93579582  0.50160162   -0.00000000  0.00000000    0.00000000  0.00000000
  0.00000000  0.00000000   -1.04280556  0.37082700    0.00000000  0.00000000
  0.00000000  0.00000000    0.00000000  0.00000000   -0.31367361  0.13959338
    2    1
 -0.93579582 -0.50160162   -0.00000000 -0.00000000    0.00000000  0.00000000
  0.00000000  0.00000000   -1.04280556 -0.37082700    0.00000000  0.00000000
  0.00000000  0.00000000    0.00000000  0.00000000   -0.31367361 -0.13959338
    2    2
  1.10208656  0.00000000    0.00000000  0.00000000    0.00000000  0.00000000
  0.00000000  0.00000000    1.20812018  0.00000000    0.00000000  0.00000000
  0.00000000  0.00000000    0.00000000  0.00000000    0.34145856  0.00000000

     Diagonalizing the dynamical matrix

     q = (    0.000000000   0.115470054   0.000000000 ) 

 **************************************************************************
     freq (    1) =      -1.361251 [THz] =     -45.406444 [cm-1]
 (  0.000000 -0.000000  0.000000 -0.000000 -0.646022 -0.287498 ) 
 (  0.000000 -0.000000  0.000000 -0.000000 -0.707107  0.000000 ) 
     freq (    2) =       6.314767 [THz] =     210.637947 [cm-1]
 (  0.695413 -0.128067  0.000000 -0.000000  0.000000  0.000000 ) 
 (  0.552413 -0.441407  0.000000 -0.000000  0.000000  0.000000 ) 
     freq (    3) =      10.009604 [THz] =     333.884464 [cm-1]
 ( -0.000000  0.000000  0.695001 -0.130282  0.000000  0.000000 ) 
 ( -0.000000  0.000000  0.611179 -0.355613  0.000000  0.000000 ) 
     freq (    4) =      26.019536 [THz] =     867.918304 [cm-1]
 ( -0.000000  0.000000  0.000000 -0.000000  0.646022  0.287498 ) 
 ( -0.000000  0.000000  0.000000 -0.000000 -0.707107  0.000000 ) 
     freq (    5) =      46.252250 [THz] =    1542.808977 [cm-1]
 (  0.659367  0.255412 -0.000000  0.000000  0.000000  0.000000 ) 
 ( -0.701810  0.086391  0.000000 -0.000000 -0.000000  0.000000 ) 
     freq (    6) =      47.839462 [THz] =    1595.752676 [cm-1]
 ( -0.000000 -0.000000 -0.695001  0.130282  0.000000  0.000000 ) 
 (  0.000000 -0.000000  0.611179 -0.355613 -0.000000  0.000000 ) 
 **************************************************************************
