Dynamical matrix file
                                                                           
  2    3  0  6.0182490  0.0000000  0.0000000  0.0000000  0.0000000  0.0000000
Basis vectors
      1.000000000    0.000000000    0.000000000
     -0.500000000    0.866025404    0.000000000
      0.000000000    0.000000000    7.270560906
           1  'Mo  '    87443.9605901702     
           2  'S   '    29226.3710682135     
    1    1      0.0000000000      0.5773502692      3.6352804530
    2    2      0.5000000000      0.2886751346      3.1443707363
    3    2      0.5000000000      0.2886751346      4.1261901697

     Dynamical  Matrix in cartesian axes

     q = (    0.125000000   0.360843918   0.000000000 ) 

    1    1
  0.49389328  0.00000000    0.00013831  0.04208059    0.00000000  0.00000000
  0.00013831 -0.04208059    0.52467762  0.00000000    0.00000000  0.00000000
  0.00000000  0.00000000    0.00000000  0.00000000    0.54450525  0.00000000
    1    2
 -0.15095319  0.02010946    0.01610061  0.01643347    0.01622174  0.04129019
  0.01511533  0.02433510   -0.08161035 -0.05338850   -0.05677783  0.09236579
  0.01326387  0.04387245   -0.05748806  0.10092139   -0.15357619 -0.02689179
    1    3
 -0.15095319  0.02010946    0.01610061  0.01643347   -0.01622174 -0.04129019
  0.01511533  0.02433510   -0.08161035 -0.05338850    0.05677783 -0.09236579
 -0.01326387 -0.04387245    0.05748806 -0.10092139   -0.15357619 -0.02689179
    2    1
 -0.15095319 -0.02010946    0.01511533 -0.02433510    0.01326387 -0.04387245
  0.01610061 -0.01643347   -0.08161035  0.05338850   -0.05748806 -0.10092139
  0.01622174 -0.04129019   -0.05677783 -0.09236579   -0.15357619  0.02689179
    2    2
  0.21172365  0.00000000    0.00932585 -0.00118086   -0.00092501 -0.00265068
  0.00932585  0.00118086    0.24486878  0.00000000    0.00121505 -0.00619451
 -0.00092501  0.00265068    0.00121505  0.00619451    0.28038434  0.00000000
    2    3
 -0.00224517  0.00000000    0.00462908  0.00702674    0.00352473 -0.00367095
  0.00462908 -0.00702674    0.01426858 -0.00000000   -0.00603515 -0.01038557
 -0.00352473 -0.00367095    0.00603515 -0.01038557   -0.03766094  0.00000000
    3    1
 -0.15095319 -0.02010946    0.01511533 -0.02433510   -0.01326387  0.04387245
  0.01610061 -0.01643347   -0.08161035  0.05338850    0.05748806  0.10092139
 -0.01622174  0.04129019    0.05677783  0.09236579   -0.15357619  0.02689179
    3    2
 -0.00224517  0.00000000    0.00462908  0.00702674   -0.00352473  0.00367095
  0.00462908 -0.00702674    0.01426858 -0.00000000    0.00603515  0.01038557
  0.00352473  0.00367095   -0.00603515  0.01038557   -0.03766094  0.00000000
    3    3
  0.21172365  0.00000000    0.00932585 -0.00118086    0.00092501  0.00265068
  0.00932585  0.00118086    0.24486878  0.00000000   -0.00121505  0.00619451
  0.00092501 -0.00265068   -0.00121505 -0.00619451    0.28038434  0.00000000

     Dynamical  Matrix in cartesian axes

     q = (   -0.125000000  -0.360843918   0.000000000 ) 

    1    1
  0.49389328  0.00000000    0.00013831 -0.04208059    0.00000000  0.00000000
  0.00013831  0.04208059    0.52467762 -0.00000000    0.00000000  0.00000000
  0.00000000  0.00000000    0.00000000  0.00000000    0.54450525  0.00000000
    1    2
 -0.15095319 -0.02010946    0.01610061 -0.01643347    0.01622174 -0.04129019
  0.01511533 -0.02433510   -0.08161035  0.05338850   -0.05677783 -0.09236579
  0.01326387 -0.04387245   -0.05748806 -0.10092139   -0.15357619  0.02689179
    1    3
 -0.15095319 -0.02010946    0.01610061 -0.01643347   -0.01622174  0.04129019
  0.01511533 -0.02433510   -0.08161035  0.05338850    0.05677783  0.09236579
 -0.01326387  0.04387245    0.05748806  0.10092139   -0.15357619  0.02689179
    2    1
 -0.15095319  0.02010946    0.01511533  0.02433510    0.01326387  0.04387245
  0.01610061  0.01643347   -0.08161035 -0.05338850   -0.05748806  0.10092139
  0.01622174  0.04129019   -0.05677783  0.09236579   -0.15357619 -0.02689179
    2    2
  0.21172365  0.00000000    0.00932585  0.00118086   -0.00092501  0.00265068
  0.00932585 -0.00118086    0.24486878 -0.00000000    0.00121505  0.00619451
 -0.00092501 -0.00265068    0.00121505 -0.00619451    0.28038434  0.00000000
    2    3
 -0.00224517  0.00000000    0.00462908 -0.00702674    0.00352473  0.00367095
  0.00462908  0.00702674    0.01426858  0.00000000   -0.00603515  0.01038557
 -0.00352473  0.00367095    0.00603515  0.01038557   -0.03766094  0.00000000
    3    1
 -0.15095319  0.02010946    0.01511533  0.02433510   -0.01326387 -0.04387245
  0.01610061  0.01643347   -0.08161035 -0.05338850    0.05748806 -0.10092139
 -0.01622174 -0.04129019    0.05677783 -0.09236579   -0.15357619 -0.02689179
    3    2
 -0.00224517  0.00000000    0.00462908 -0.00702674   -0.00352473 -0.00367095
  0.00462908  0.00702674    0.01426858  0.00000000    0.00603515 -0.01038557
  0.00352473 -0.00367095   -0.00603515 -0.01038557   -0.03766094  0.00000000
    3    3
  0.21172365  0.00000000    0.00932585  0.00118086    0.00092501 -0.00265068
  0.00932585 -0.00118086    0.24486878 -0.00000000   -0.00121505 -0.00619451
  0.00092501  0.00265068   -0.00121505  0.00619451    0.28038434  0.00000000

     Dynamical  Matrix in cartesian axes

     q = (   -0.375000000  -0.072168784   0.000000000 ) 

    1    1
  0.51710131  0.00000000    0.01326086  0.04208059    0.00000000  0.00000000
  0.01326086 -0.04208059    0.50146958  0.00000000    0.00000000  0.00000000
  0.00000000  0.00000000    0.00000000  0.00000000    0.54450525  0.00000000
    1    2
 -0.04813167 -0.07268341    0.04856656 -0.01644272    0.10019448 -0.04212663
  0.04228257 -0.01155212   -0.09278375 -0.11529568    0.03737900  0.02263648
  0.10782735 -0.04679811    0.03726235  0.01963271   -0.08957940 -0.12761013
    1    3
 -0.04813167 -0.07268341    0.04856656 -0.01644272   -0.10019448  0.04212663
  0.04228257 -0.01155212   -0.09278375 -0.11529568   -0.03737900 -0.02263648
 -0.10782735  0.04679811   -0.03726235 -0.01963271   -0.08957940 -0.12761013
    2    1
 -0.04813167  0.07268341    0.04228257  0.01155212    0.10782735  0.04679811
  0.04856656  0.01644272   -0.09278375  0.11529568    0.03726235 -0.01963271
  0.10019448  0.04212663    0.03737900 -0.02263648   -0.08957940  0.12761013
    2    2
  0.24465892  0.00000000    0.00968933 -0.00118086   -0.00058975  0.00668995
  0.00968933  0.00118086    0.21193351  0.00000000   -0.00140861  0.00080170
 -0.00058975 -0.00668995   -0.00140861 -0.00080170    0.28038434  0.00000000
    2    3
  0.01414905 -0.00000000    0.00483613  0.00702674    0.00346423  0.01082964
  0.00483613 -0.00702674   -0.00212563 -0.00000000    0.00607008  0.00201365
 -0.00346423  0.01082964   -0.00607008  0.00201365   -0.03766094  0.00000000
    3    1
 -0.04813167  0.07268341    0.04228257  0.01155212   -0.10782735 -0.04679811
  0.04856656  0.01644272   -0.09278375  0.11529568   -0.03726235  0.01963271
 -0.10019448 -0.04212663   -0.03737900  0.02263648   -0.08957940  0.12761013
    3    2
  0.01414905 -0.00000000    0.00483613  0.00702674   -0.00346423 -0.01082964
  0.00483613 -0.00702674   -0.00212563 -0.00000000   -0.00607008 -0.00201365
  0.00346423 -0.01082964    0.00607008 -0.00201365   -0.03766094  0.00000000
    3    3
  0.24465892  0.00000000    0.00968933 -0.00118086    0.00058975 -0.00668995
  0.00968933  0.00118086    0.21193351  0.00000000    0.00140861 -0.00080170
  0.00058975  0.00668995    0.00140861  0.00080170    0.28038434  0.00000000

     Dynamical  Matrix in cartesian axes

     q = (    0.375000000   0.072168784   0.000000000 ) 

    1    1
  0.51710131 -0.00000000    0.01326086 -0.04208059    0.00000000  0.00000000
  0.01326086  0.04208059    0.50146958 -0.00000000    0.00000000  0.00000000
  0.00000000  0.00000000    0.00000000  0.00000000    0.54450525  0.00000000
    1    2
 -0.04813167  0.07268341    0.04856656  0.01644272    0.10019448  0.04212663
  0.04228257  0.01155212   -0.09278375  0.11529568    0.03737900 -0.02263648
  0.10782735  0.04679811    0.03726235 -0.01963271   -0.08957940  0.12761013
    1    3
 -0.04813167  0.07268341    0.04856656  0.01644272   -0.10019448 -0.04212663
  0.04228257  0.01155212   -0.09278375  0.11529568   -0.03737900  0.02263648
 -0.10782735 -0.04679811   -0.03726235  0.01963271   -0.08957940  0.12761013
    2    1
 -0.04813167 -0.07268341    0.04228257 -0.01155212    0.10782735 -0.04679811
  0.04856656 -0.01644272   -0.09278375 -0.11529568    0.03726235  0.01963271
  0.10019448 -0.04212663    0.03737900  0.02263648   -0.08957940 -0.12761013
    2    2
  0.24465892 -0.00000000    0.00968933  0.00118086   -0.00058975 -0.00668995
  0.00968933 -0.00118086    0.21193351 -0.00000000   -0.00140861 -0.00080170
 -0.00058975  0.00668995   -0.00140861  0.00080170    0.28038434  0.00000000
    2    3
  0.01414905  0.00000000    0.00483613 -0.00702674    0.00346423 -0.01082964
  0.00483613  0.00702674   -0.00212563  0.00000000    0.00607008 -0.00201365
 -0.00346423 -0.01082964   -0.00607008 -0.00201365   -0.03766094  0.00000000
    3    1
 -0.04813167 -0.07268341    0.04228257 -0.01155212   -0.10782735  0.04679811
  0.04856656 -0.01644272   -0.09278375 -0.11529568   -0.03726235 -0.01963271
 -0.10019448  0.04212663   -0.03737900 -0.02263648   -0.08957940 -0.12761013
    3    2
  0.01414905  0.00000000    0.00483613 -0.00702674   -0.00346423  0.01082964
  0.00483613  0.00702674   -0.00212563  0.00000000   -0.00607008  0.00201365
  0.00346423  0.01082964    0.00607008  0.00201365   -0.03766094  0.00000000
    3    3
  0.24465892 -0.00000000    0.00968933  0.00118086    0.00058975  0.00668995
  0.00968933 -0.00118086    0.21193351 -0.00000000    0.00140861  0.00080170
  0.00058975 -0.00668995    0.00140861 -0.00080170    0.28038434  0.00000000

     Dynamical  Matrix in cartesian axes

     q = (    0.250000000  -0.288675135   0.000000000 ) 

    1    1
  0.51686175  0.00000000   -0.01339916  0.04208059    0.00000000  0.00000000
 -0.01339916 -0.04208059    0.50170914  0.00000000    0.00000000  0.00000000
  0.00000000  0.00000000    0.00000000  0.00000000    0.54450525  0.00000000
    1    2
 -0.05266732  0.11246296    0.01768259  0.03733768    0.05934603  0.05728191
  0.02558422  0.03832295    0.01938828  0.12010059   -0.08194125 -0.01434048
  0.06546426  0.05641806   -0.08845535 -0.01725718   -0.02689179  0.15357619
    1    3
 -0.05266732  0.11246296    0.01768259  0.03733768   -0.05934603 -0.05728191
  0.02558422  0.03832295    0.01938828  0.12010059    0.08194125  0.01434048
 -0.06546426 -0.05641806    0.08845535  0.01725718   -0.02689179  0.15357619
    2    1
 -0.05266732 -0.11246296    0.02558422 -0.03832295    0.06546426 -0.05641806
  0.01768259 -0.03733768    0.01938828 -0.12010059   -0.08845535  0.01725718
  0.05934603 -0.05728191   -0.08194125  0.01434048   -0.02689179 -0.15357619
    2    2
  0.22850607  0.00000000   -0.01901519 -0.00118086    0.00151477 -0.00403927
 -0.01901519  0.00118086    0.22808636  0.00000000    0.00019356  0.00539281
  0.00151477  0.00403927    0.00019356 -0.00539281    0.28038434  0.00000000
    2    3
  0.00613124 -0.00000000   -0.00946521  0.00702674   -0.00698896 -0.00715870
 -0.00946521 -0.00702674    0.00589217 -0.00000000   -0.00003493  0.00837192
  0.00698896 -0.00715870    0.00003493  0.00837192   -0.03766094  0.00000000
    3    1
 -0.05266732 -0.11246296    0.02558422 -0.03832295   -0.06546426  0.05641806
  0.01768259 -0.03733768    0.01938828 -0.12010059    0.08845535 -0.01725718
 -0.05934603  0.05728191    0.08194125 -0.01434048   -0.02689179 -0.15357619
    3    2
  0.00613124 -0.00000000   -0.00946521  0.00702674    0.00698896  0.00715870
 -0.00946521 -0.00702674    0.00589217 -0.00000000    0.00003493 -0.00837192
 -0.00698896  0.00715870   -0.00003493 -0.00837192   -0.03766094  0.00000000
    3    3
  0.22850607  0.00000000   -0.01901519 -0.00118086   -0.00151477  0.00403927
 -0.01901519  0.00118086    0.22808636  0.00000000   -0.00019356 -0.00539281
 -0.00151477 -0.00403927   -0.00019356  0.00539281    0.28038434  0.00000000

     Dynamical  Matrix in cartesian axes

     q = (   -0.250000000   0.288675135   0.000000000 ) 

    1    1
  0.51686175 -0.00000000   -0.01339916 -0.04208059    0.00000000  0.00000000
 -0.01339916  0.04208059    0.50170914 -0.00000000    0.00000000  0.00000000
  0.00000000  0.00000000    0.00000000  0.00000000    0.54450525  0.00000000
    1    2
 -0.05266732 -0.11246296    0.01768259 -0.03733768    0.05934603 -0.05728191
  0.02558422 -0.03832295    0.01938828 -0.12010059   -0.08194125  0.01434048
  0.06546426 -0.05641806   -0.08845535  0.01725718   -0.02689179 -0.15357619
    1    3
 -0.05266732 -0.11246296    0.01768259 -0.03733768   -0.05934603  0.05728191
  0.02558422 -0.03832295    0.01938828 -0.12010059    0.08194125 -0.01434048
 -0.06546426  0.05641806    0.08845535 -0.01725718   -0.02689179 -0.15357619
    2    1
 -0.05266732  0.11246296    0.02558422  0.03832295    0.06546426  0.05641806
  0.01768259  0.03733768    0.01938828  0.12010059   -0.08845535 -0.01725718
  0.05934603  0.05728191   -0.08194125 -0.01434048   -0.02689179  0.15357619
    2    2
  0.22850607 -0.00000000   -0.01901519  0.00118086    0.00151477  0.00403927
 -0.01901519 -0.00118086    0.22808636 -0.00000000    0.00019356 -0.00539281
  0.00151477 -0.00403927    0.00019356  0.00539281    0.28038434  0.00000000
    2    3
  0.00613124  0.00000000   -0.00946521 -0.00702674   -0.00698896  0.00715870
 -0.00946521  0.00702674    0.00589217  0.00000000   -0.00003493 -0.00837192
  0.00698896  0.00715870    0.00003493 -0.00837192   -0.03766094  0.00000000
    3    1
 -0.05266732  0.11246296    0.02558422  0.03832295   -0.06546426 -0.05641806
  0.01768259  0.03733768    0.01938828  0.12010059    0.08845535  0.01725718
 -0.05934603 -0.05728191    0.08194125  0.01434048   -0.02689179  0.15357619
    3    2
  0.00613124  0.00000000   -0.00946521 -0.00702674    0.00698896 -0.00715870
 -0.00946521  0.00702674    0.00589217  0.00000000    0.00003493  0.00837192
 -0.00698896 -0.00715870   -0.00003493  0.00837192   -0.03766094  0.00000000
    3    3
  0.22850607 -0.00000000   -0.01901519  0.00118086   -0.00151477 -0.00403927
 -0.01901519 -0.00118086    0.22808636 -0.00000000   -0.00019356  0.00539281
 -0.00151477  0.00403927   -0.00019356 -0.00539281    0.28038434  0.00000000

     Dynamical  Matrix in cartesian axes

     q = (   -0.250000000  -0.288675135   0.000000000 ) 

    1    1
  0.51686175  0.00000000    0.01339916 -0.04208059    0.00000000  0.00000000
  0.01339916  0.04208059    0.50170914  0.00000000    0.00000000  0.00000000
  0.00000000  0.00000000    0.00000000  0.00000000    0.54450525  0.00000000
    1    2
 -0.11246296 -0.05266732    0.03733768 -0.01768259    0.05728191 -0.05934603
  0.03832295 -0.02558422   -0.12010059  0.01938828    0.01434048 -0.08194125
  0.05641806 -0.06546426    0.01725718 -0.08845535   -0.15357619 -0.02689179
    1    3
 -0.11246296 -0.05266732    0.03733768 -0.01768259   -0.05728191  0.05934603
  0.03832295 -0.02558422   -0.12010059  0.01938828   -0.01434048  0.08194125
 -0.05641806  0.06546426   -0.01725718  0.08845535   -0.15357619 -0.02689179
    2    1
 -0.11246296  0.05266732    0.03832295  0.02558422    0.05641806  0.06546426
  0.03733768  0.01768259   -0.12010059 -0.01938828    0.01725718  0.08845535
  0.05728191  0.05934603    0.01434048  0.08194125   -0.15357619  0.02689179
    2    2
  0.22850607  0.00000000    0.01901519  0.00118086   -0.00151477  0.00403927
  0.01901519 -0.00118086    0.22808636 -0.00000000    0.00019356  0.00539281
 -0.00151477 -0.00403927    0.00019356 -0.00539281    0.28038434  0.00000000
    2    3
  0.00613124 -0.00000000    0.00946521 -0.00702674    0.00698896  0.00715870
  0.00946521  0.00702674    0.00589217  0.00000000   -0.00003493  0.00837192
 -0.00698896  0.00715870    0.00003493  0.00837192   -0.03766094  0.00000000
    3    1
 -0.11246296  0.05266732    0.03832295  0.02558422   -0.05641806 -0.06546426
  0.03733768  0.01768259   -0.12010059 -0.01938828   -0.01725718 -0.08845535
 -0.05728191 -0.05934603   -0.01434048 -0.08194125   -0.15357619  0.02689179
    3    2
  0.00613124 -0.00000000    0.00946521 -0.00702674   -0.00698896 -0.00715870
  0.00946521  0.00702674    0.00589217  0.00000000    0.00003493 -0.00837192
  0.00698896 -0.00715870   -0.00003493 -0.00837192   -0.03766094  0.00000000
    3    3
  0.22850607  0.00000000    0.01901519  0.00118086    0.00151477 -0.00403927
  0.01901519 -0.00118086    0.22808636 -0.00000000   -0.00019356 -0.00539281
  0.00151477  0.00403927   -0.00019356  0.00539281    0.28038434  0.00000000

     Dynamical  Matrix in cartesian axes

     q = (    0.250000000   0.288675135   0.000000000 ) 

    1    1
  0.51686175 -0.00000000    0.01339916  0.04208059    0.00000000  0.00000000
  0.01339916 -0.04208059    0.50170914 -0.00000000    0.00000000  0.00000000
  0.00000000  0.00000000    0.00000000  0.00000000    0.54450525  0.00000000
    1    2
 -0.11246296  0.05266732    0.03733768  0.01768259    0.05728191  0.05934603
  0.03832295  0.02558422   -0.12010059 -0.01938828    0.01434048  0.08194125
  0.05641806  0.06546426    0.01725718  0.08845535   -0.15357619  0.02689179
    1    3
 -0.11246296  0.05266732    0.03733768  0.01768259   -0.05728191 -0.05934603
  0.03832295  0.02558422   -0.12010059 -0.01938828   -0.01434048 -0.08194125
 -0.05641806 -0.06546426   -0.01725718 -0.08845535   -0.15357619  0.02689179
    2    1
 -0.11246296 -0.05266732    0.03832295 -0.02558422    0.05641806 -0.06546426
  0.03733768 -0.01768259   -0.12010059  0.01938828    0.01725718 -0.08845535
  0.05728191 -0.05934603    0.01434048 -0.08194125   -0.15357619 -0.02689179
    2    2
  0.22850607 -0.00000000    0.01901519 -0.00118086   -0.00151477 -0.00403927
  0.01901519  0.00118086    0.22808636  0.00000000    0.00019356 -0.00539281
 -0.00151477  0.00403927    0.00019356  0.00539281    0.28038434  0.00000000
    2    3
  0.00613124  0.00000000    0.00946521  0.00702674    0.00698896 -0.00715870
  0.00946521 -0.00702674    0.00589217 -0.00000000   -0.00003493 -0.00837192
 -0.00698896 -0.00715870    0.00003493 -0.00837192   -0.03766094  0.00000000
    3    1
 -0.11246296 -0.05266732    0.03832295 -0.02558422   -0.05641806  0.06546426
  0.03733768 -0.01768259   -0.12010059  0.01938828   -0.01725718  0.08845535
 -0.05728191  0.05934603   -0.01434048  0.08194125   -0.15357619 -0.02689179
    3    2
  0.00613124  0.00000000    0.00946521  0.00702674   -0.00698896  0.00715870
  0.00946521 -0.00702674    0.00589217 -0.00000000    0.00003493  0.00837192
  0.00698896  0.00715870   -0.00003493  0.00837192   -0.03766094  0.00000000
    3    3
  0.22850607 -0.00000000    0.01901519 -0.00118086    0.00151477  0.00403927
  0.01901519  0.00118086    0.22808636  0.00000000   -0.00019356  0.00539281
  0.00151477 -0.00403927   -0.00019356 -0.00539281    0.28038434  0.00000000

     Dynamical  Matrix in cartesian axes

     q = (    0.375000000  -0.072168784   0.000000000 ) 

    1    1
  0.51710131  0.00000000   -0.01326086 -0.04208059    0.00000000  0.00000000
 -0.01326086  0.04208059    0.50146958  0.00000000    0.00000000  0.00000000
  0.00000000  0.00000000    0.00000000  0.00000000    0.54450525  0.00000000
    1    2
 -0.01736070  0.08542917    0.04596851  0.02271498    0.10063622  0.04106017
  0.03806687  0.02172971   -0.01591834  0.14713438   -0.01042454 -0.04243735
  0.10933671  0.04315419   -0.01246604 -0.04023088   -0.02689179  0.15357619
    1    3
 -0.01736070  0.08542917    0.04596851  0.02271498   -0.10063622 -0.04106017
  0.03806687  0.02172971   -0.01591834  0.14713438    0.01042454  0.04243735
 -0.10933671 -0.04315419    0.01246604  0.04023088   -0.02689179  0.15357619
    2    1
 -0.01736070 -0.08542917    0.03806687 -0.02172971    0.10933671 -0.04315419
  0.04596851 -0.02271498   -0.01591834 -0.14713438   -0.01246604  0.04023088
  0.10063622 -0.04106017   -0.01042454  0.04243735   -0.02689179 -0.15357619
    2    2
  0.24465892  0.00000000   -0.00968933  0.00118086    0.00058975 -0.00668995
 -0.00968933 -0.00118086    0.21193351  0.00000000   -0.00140861  0.00080170
  0.00058975  0.00668995   -0.00140861 -0.00080170    0.28038434  0.00000000
    2    3
  0.01414905 -0.00000000   -0.00483613 -0.00702674   -0.00346423 -0.01082964
 -0.00483613  0.00702674   -0.00212563  0.00000000    0.00607008  0.00201365
  0.00346423 -0.01082964   -0.00607008  0.00201365   -0.03766094  0.00000000
    3    1
 -0.01736070 -0.08542917    0.03806687 -0.02172971   -0.10933671  0.04315419
  0.04596851 -0.02271498   -0.01591834 -0.14713438    0.01246604 -0.04023088
 -0.10063622  0.04106017    0.01042454 -0.04243735   -0.02689179 -0.15357619
    3    2
  0.01414905 -0.00000000   -0.00483613 -0.00702674    0.00346423  0.01082964
 -0.00483613  0.00702674   -0.00212563  0.00000000   -0.00607008 -0.00201365
 -0.00346423  0.01082964    0.00607008 -0.00201365   -0.03766094  0.00000000
    3    3
  0.24465892  0.00000000   -0.00968933  0.00118086   -0.00058975  0.00668995
 -0.00968933 -0.00118086    0.21193351  0.00000000    0.00140861 -0.00080170
 -0.00058975 -0.00668995    0.00140861  0.00080170    0.28038434  0.00000000

     Dynamical  Matrix in cartesian axes

     q = (   -0.375000000   0.072168784   0.000000000 ) 

    1    1
  0.51710131 -0.00000000   -0.01326086  0.04208059    0.00000000  0.00000000
 -0.01326086 -0.04208059    0.50146958 -0.00000000    0.00000000  0.00000000
  0.00000000  0.00000000    0.00000000  0.00000000    0.54450525  0.00000000
    1    2
 -0.01736070 -0.08542917    0.04596851 -0.02271498    0.10063622 -0.04106017
  0.03806687 -0.02172971   -0.01591834 -0.14713438   -0.01042454  0.04243735
  0.10933671 -0.04315419   -0.01246604  0.04023088   -0.02689179 -0.15357619
    1    3
 -0.01736070 -0.08542917    0.04596851 -0.02271498   -0.10063622  0.04106017
  0.03806687 -0.02172971   -0.01591834 -0.14713438    0.01042454 -0.04243735
 -0.10933671  0.04315419    0.01246604 -0.04023088   -0.02689179 -0.15357619
    2    1
 -0.01736070  0.08542917    0.03806687  0.02172971    0.10933671  0.04315419
  0.04596851  0.02271498   -0.01591834  0.14713438   -0.01246604 -0.04023088
  0.10063622  0.04106017   -0.01042454 -0.04243735   -0.02689179  0.15357619
    2    2
  0.24465892 -0.00000000   -0.00968933 -0.00118086    0.00058975  0.00668995
 -0.00968933  0.00118086    0.21193351 -0.00000000   -0.00140861 -0.00080170
  0.00058975 -0.00668995   -0.00140861  0.00080170    0.28038434  0.00000000
    2    3
  0.01414905  0.00000000   -0.00483613  0.00702674   -0.00346423  0.01082964
 -0.00483613 -0.00702674   -0.00212563 -0.00000000    0.00607008 -0.00201365
  0.00346423  0.01082964   -0.00607008 -0.00201365   -0.03766094  0.00000000
    3    1
 -0.01736070  0.08542917    0.03806687  0.02172971   -0.10933671 -0.04315419
  0.04596851  0.02271498   -0.01591834  0.14713438    0.01246604  0.04023088
 -0.10063622 -0.04106017    0.01042454  0.04243735   -0.02689179  0.15357619
    3    2
  0.01414905  0.00000000   -0.00483613  0.00702674    0.00346423 -0.01082964
 -0.00483613 -0.00702674   -0.00212563 -0.00000000   -0.00607008  0.00201365
 -0.00346423 -0.01082964    0.00607008  0.00201365   -0.03766094  0.00000000
    3    3
  0.24465892 -0.00000000   -0.00968933 -0.00118086   -0.00058975 -0.00668995
 -0.00968933  0.00118086    0.21193351 -0.00000000    0.00140861  0.00080170
 -0.00058975  0.00668995    0.00140861 -0.00080170    0.28038434  0.00000000

     Dynamical  Matrix in cartesian axes

     q = (   -0.125000000   0.360843918   0.000000000 ) 

    1    1
  0.49389328  0.00000000   -0.00013831 -0.04208059    0.00000000  0.00000000
 -0.00013831  0.04208059    0.52467762 -0.00000000    0.00000000  0.00000000
  0.00000000  0.00000000    0.00000000  0.00000000    0.54450525  0.00000000
    1    2
 -0.12095956 -0.09252049    0.00023537 -0.02300506    0.01772607 -0.04066708
  0.00651936 -0.02789567   -0.01995587 -0.09545860   -0.10546047  0.02516449
  0.02164353 -0.04040148   -0.11201240  0.03071200   -0.08957940 -0.12761013
    1    3
 -0.12095956 -0.09252049    0.00023537 -0.02300506   -0.01772607  0.04066708
  0.00651936 -0.02789567   -0.01995587 -0.09545860    0.10546047 -0.02516449
 -0.02164353  0.04040148    0.11201240 -0.03071200   -0.08957940 -0.12761013
    2    1
 -0.12095956  0.09252049    0.00651936  0.02789567    0.02164353  0.04040148
  0.00023537  0.02300506   -0.01995587  0.09545860   -0.11201240 -0.03071200
  0.01772607  0.04066708   -0.10546047 -0.02516449   -0.08957940  0.12761013
    2    2
  0.21172365  0.00000000   -0.00932585  0.00118086    0.00092501  0.00265068
 -0.00932585 -0.00118086    0.24486878  0.00000000    0.00121505 -0.00619451
  0.00092501 -0.00265068    0.00121505  0.00619451    0.28038434  0.00000000
    2    3
 -0.00224517  0.00000000   -0.00462908 -0.00702674   -0.00352473  0.00367095
 -0.00462908  0.00702674    0.01426858  0.00000000   -0.00603515 -0.01038557
  0.00352473  0.00367095    0.00603515 -0.01038557   -0.03766094  0.00000000
    3    1
 -0.12095956  0.09252049    0.00651936  0.02789567   -0.02164353 -0.04040148
  0.00023537  0.02300506   -0.01995587  0.09545860    0.11201240  0.03071200
 -0.01772607 -0.04066708    0.10546047  0.02516449   -0.08957940  0.12761013
    3    2
 -0.00224517  0.00000000   -0.00462908 -0.00702674    0.00352473 -0.00367095
 -0.00462908  0.00702674    0.01426858  0.00000000    0.00603515  0.01038557
 -0.00352473 -0.00367095   -0.00603515  0.01038557   -0.03766094  0.00000000
    3    3
  0.21172365  0.00000000   -0.00932585  0.00118086   -0.00092501 -0.00265068
 -0.00932585 -0.00118086    0.24486878  0.00000000   -0.00121505  0.00619451
 -0.00092501  0.00265068   -0.00121505 -0.00619451    0.28038434  0.00000000

     Dynamical  Matrix in cartesian axes

     q = (    0.125000000  -0.360843918   0.000000000 ) 

    1    1
  0.49389328  0.00000000   -0.00013831  0.04208059    0.00000000  0.00000000
 -0.00013831 -0.04208059    0.52467762  0.00000000    0.00000000  0.00000000
  0.00000000  0.00000000    0.00000000  0.00000000    0.54450525  0.00000000
    1    2
 -0.12095956  0.09252049    0.00023537  0.02300506    0.01772607  0.04066708
  0.00651936  0.02789567   -0.01995587  0.09545860   -0.10546047 -0.02516449
  0.02164353  0.04040148   -0.11201240 -0.03071200   -0.08957940  0.12761013
    1    3
 -0.12095956  0.09252049    0.00023537  0.02300506   -0.01772607 -0.04066708
  0.00651936  0.02789567   -0.01995587  0.09545860    0.10546047  0.02516449
 -0.02164353 -0.04040148    0.11201240  0.03071200   -0.08957940  0.12761013
    2    1
 -0.12095956 -0.09252049    0.00651936 -0.02789567    0.02164353 -0.04040148
  0.00023537 -0.02300506   -0.01995587 -0.09545860   -0.11201240  0.03071200
  0.01772607 -0.04066708   -0.10546047  0.02516449   -0.08957940 -0.12761013
    2    2
  0.21172365  0.00000000   -0.00932585 -0.00118086    0.00092501 -0.00265068
 -0.00932585  0.00118086    0.24486878 -0.00000000    0.00121505  0.00619451
  0.00092501  0.00265068    0.00121505 -0.00619451    0.28038434  0.00000000
    2    3
 -0.00224517  0.00000000   -0.00462908  0.00702674   -0.00352473 -0.00367095
 -0.00462908 -0.00702674    0.01426858 -0.00000000   -0.00603515  0.01038557
  0.00352473 -0.00367095    0.00603515  0.01038557   -0.03766094  0.00000000
    3    1
 -0.12095956 -0.09252049    0.00651936 -0.02789567   -0.02164353  0.04040148
  0.00023537 -0.02300506   -0.01995587 -0.09545860    0.11201240 -0.03071200
 -0.01772607  0.04066708    0.10546047 -0.02516449   -0.08957940 -0.12761013
    3    2
 -0.00224517  0.00000000   -0.00462908  0.00702674    0.00352473  0.00367095
 -0.00462908 -0.00702674    0.01426858 -0.00000000    0.00603515 -0.01038557
 -0.00352473  0.00367095   -0.00603515 -0.01038557   -0.03766094  0.00000000
    3    3
  0.21172365  0.00000000   -0.00932585 -0.00118086   -0.00092501  0.00265068
 -0.00932585  0.00118086    0.24486878 -0.00000000   -0.00121505 -0.00619451
 -0.00092501 -0.00265068   -0.00121505  0.00619451    0.28038434  0.00000000

     Diagonalizing the dynamical matrix

     q = (    0.125000000   0.360843918   0.000000000 ) 

 **************************************************************************
     freq (    1) =       3.620321 [THz] =     120.760893 [cm-1]
 ( -0.000000  0.000000  0.000000 -0.000000  0.532140  0.094803 ) 
 ( -0.088249  0.136183  0.126463  0.341004  0.441938 -0.000000 ) 
 (  0.088249 -0.136183 -0.126463 -0.341004  0.441938  0.000000 ) 
     freq (    2) =       4.460504 [THz] =     148.786405 [cm-1]
 (  0.420436  0.362015 -0.120270 -0.032088  0.000000  0.000000 ) 
 (  0.388957  0.394893 -0.152601  0.009807 -0.087922  0.000000 ) 
 (  0.388957  0.394893 -0.152601  0.009807  0.087922  0.000000 ) 
     freq (    3) =       5.943509 [THz] =     198.254110 [cm-1]
 (  0.053905 -0.126887  0.278038 -0.573745  0.000000 -0.000000 ) 
 (  0.182827  0.021975 -0.072535 -0.362800  0.341261 -0.000000 ) 
 (  0.182827  0.021975 -0.072535 -0.362800 -0.341261  0.000000 ) 
     freq (    4) =       8.929271 [THz] =     297.848416 [cm-1]
 ( -0.000000 -0.000000 -0.000000 -0.000000  0.033777  0.007654 ) 
 (  0.646709 -0.173811 -0.180507  0.078089  0.110799 -0.000000 ) 
 ( -0.646709  0.173811  0.180507 -0.078089  0.110799  0.000000 ) 
     freq (    5) =       9.684854 [THz] =     323.051965 [cm-1]
 (  0.000000 -0.000000 -0.000000 -0.000000 -0.037764 -0.002711 ) 
 (  0.085040  0.142334  0.136735  0.534315 -0.409394  0.000000 ) 
 ( -0.085040 -0.142334 -0.136735 -0.534315 -0.409394  0.000000 ) 
     freq (    6) =      10.216337 [THz] =     340.780320 [cm-1]
 (  0.046696  0.070850 -0.080947  0.055812  0.000000 -0.000000 ) 
 (  0.007112 -0.230188  0.088650 -0.575788 -0.314863  0.000000 ) 
 (  0.007112 -0.230188  0.088650 -0.575788  0.314863  0.000000 ) 
     freq (    7) =      10.917891 [THz] =     364.181635 [cm-1]
 (  0.135324  0.391770  0.132491 -0.125276 -0.000000 -0.000000 ) 
 ( -0.136036 -0.566716 -0.004039  0.231668  0.064177  0.000000 ) 
 ( -0.136036 -0.566716 -0.004039  0.231668 -0.064177  0.000000 ) 
     freq (    8) =      11.630827 [THz] =     387.962621 [cm-1]
 (  0.000000  0.000000  0.000000  0.000000  0.449348  0.076146 ) 
 (  0.032440 -0.105164 -0.108295 -0.305875 -0.527963 -0.000000 ) 
 ( -0.032440  0.105164  0.108295  0.305875 -0.527963  0.000000 ) 
     freq (    9) =      11.772411 [THz] =     392.685373 [cm-1]
 (  0.038867  0.087844 -0.167052  0.239712  0.000000 -0.000000 ) 
 ( -0.008691 -0.051426  0.061219 -0.223571  0.629484  0.000000 ) 
 ( -0.008691 -0.051426  0.061219 -0.223571 -0.629484  0.000000 ) 
 **************************************************************************
