Dynamical matrix file
                                                                           
  2    3  0  6.0182490  0.0000000  0.0000000  0.0000000  0.0000000  0.0000000
Basis vectors
      1.000000000    0.000000000    0.000000000
     -0.500000000    0.866025404    0.000000000
      0.000000000    0.000000000    7.270560906
           1  'Mo  '    87443.9605901702     
           2  'S   '    29226.3710682135     
    1    1      0.0000000000      0.5773502692      3.6352804530
    2    2      0.5000000000      0.2886751346      3.1443707363
    3    2      0.5000000000      0.2886751346      4.1261901697

     Dynamical  Matrix in cartesian axes

     q = (    0.000000000  -0.577350269   0.000000000 ) 

    1    1
  0.49318973  0.00000000    0.00000000  0.00000000    0.00000000  0.00000000
  0.00000000  0.00000000    0.57288709  0.00000000    0.00000000  0.00000000
  0.00000000  0.00000000    0.00000000  0.00000000    0.50730837  0.00000000
    1    2
 -0.14961725  0.00000000   -0.00000000  0.00000000    0.00000000 -0.00000000
  0.00000000  0.00000000   -0.00471693  0.00000000   -0.13207326  0.00000000
  0.00000000  0.00000000   -0.13649080  0.00000000   -0.08283440  0.00000000
    1    3
 -0.14961725  0.00000000   -0.00000000  0.00000000    0.00000000  0.00000000
  0.00000000  0.00000000   -0.00471693  0.00000000    0.13207326 -0.00000000
  0.00000000 -0.00000000    0.13649080 -0.00000000   -0.08283440  0.00000000
    2    1
 -0.14961725 -0.00000000   -0.00000000 -0.00000000    0.00000000 -0.00000000
  0.00000000  0.00000000   -0.00471693 -0.00000000   -0.13649080 -0.00000000
  0.00000000  0.00000000   -0.13207326 -0.00000000   -0.08283440 -0.00000000
    2    2
  0.20705613  0.00000000   -0.00000000  0.00000000    0.00000000  0.00000000
  0.00000000  0.00000000    0.27362727  0.00000000    0.00276399  0.00000000
  0.00000000  0.00000000    0.00276399  0.00000000    0.26868002  0.00000000
    2    3
 -0.00906923  0.00000000   -0.00000000  0.00000000    0.00000000  0.00000000
  0.00000000  0.00000000    0.02001652  0.00000000   -0.01232110  0.00000000
  0.00000000  0.00000000    0.01232110  0.00000000   -0.03649141  0.00000000
    3    1
 -0.14961725 -0.00000000   -0.00000000 -0.00000000    0.00000000  0.00000000
  0.00000000  0.00000000   -0.00471693 -0.00000000    0.13649080  0.00000000
  0.00000000 -0.00000000    0.13207326  0.00000000   -0.08283440 -0.00000000
    3    2
 -0.00906923  0.00000000   -0.00000000  0.00000000    0.00000000  0.00000000
  0.00000000  0.00000000    0.02001652  0.00000000    0.01232110  0.00000000
  0.00000000  0.00000000   -0.01232110  0.00000000   -0.03649141  0.00000000
    3    3
  0.20705613  0.00000000   -0.00000000  0.00000000    0.00000000  0.00000000
  0.00000000  0.00000000    0.27362727  0.00000000   -0.00276399  0.00000000
  0.00000000  0.00000000   -0.00276399  0.00000000    0.26868002  0.00000000

     Dynamical  Matrix in cartesian axes

     q = (    0.500000000   0.288675135   0.000000000 ) 

    1    1
  0.55296275  0.00000000    0.03450997  0.00000000    0.00000000  0.00000000
  0.03450997  0.00000000    0.51311407  0.00000000    0.00000000  0.00000000
  0.00000000  0.00000000    0.00000000  0.00000000    0.50730837  0.00000000
    1    2
 -0.04094201  0.00000000    0.06274368 -0.00000000    0.11437880 -0.00000000
  0.06274368 -0.00000000   -0.11339217  0.00000000    0.06603663 -0.00000000
  0.11820450 -0.00000000    0.06824540 -0.00000000   -0.08283440  0.00000000
    1    3
 -0.04094201  0.00000000    0.06274368 -0.00000000   -0.11437880  0.00000000
  0.06274368 -0.00000000   -0.11339217  0.00000000   -0.06603663  0.00000000
 -0.11820450  0.00000000   -0.06824540  0.00000000   -0.08283440  0.00000000
    2    1
 -0.04094201 -0.00000000    0.06274368  0.00000000    0.11820450  0.00000000
  0.06274368  0.00000000   -0.11339217 -0.00000000    0.06824540  0.00000000
  0.11437880  0.00000000    0.06603663  0.00000000   -0.08283440 -0.00000000
    2    2
  0.25698448  0.00000000    0.02882615  0.00000000   -0.00239368  0.00000000
  0.02882615  0.00000000    0.22369892  0.00000000   -0.00138199  0.00000000
 -0.00239368  0.00000000   -0.00138199  0.00000000    0.26868002  0.00000000
    2    3
  0.01274508  0.00000000    0.01259450  0.00000000    0.01067038  0.00000000
  0.01259450  0.00000000   -0.00179779  0.00000000    0.00616055  0.00000000
 -0.01067038  0.00000000   -0.00616055  0.00000000   -0.03649141  0.00000000
    3    1
 -0.04094201 -0.00000000    0.06274368  0.00000000   -0.11820450 -0.00000000
  0.06274368  0.00000000   -0.11339217 -0.00000000   -0.06824540 -0.00000000
 -0.11437880 -0.00000000   -0.06603663 -0.00000000   -0.08283440 -0.00000000
    3    2
  0.01274508  0.00000000    0.01259450  0.00000000   -0.01067038  0.00000000
  0.01259450  0.00000000   -0.00179779  0.00000000   -0.00616055  0.00000000
  0.01067038  0.00000000    0.00616055  0.00000000   -0.03649141  0.00000000
    3    3
  0.25698448  0.00000000    0.02882615  0.00000000    0.00239368  0.00000000
  0.02882615  0.00000000    0.22369892  0.00000000    0.00138199  0.00000000
  0.00239368  0.00000000    0.00138199  0.00000000    0.26868002  0.00000000

     Dynamical  Matrix in cartesian axes

     q = (   -0.500000000   0.288675135   0.000000000 ) 

    1    1
  0.55296275  0.00000000   -0.03450997  0.00000000    0.00000000  0.00000000
 -0.03450997  0.00000000    0.51311407  0.00000000    0.00000000  0.00000000
  0.00000000  0.00000000    0.00000000  0.00000000    0.50730837  0.00000000
    1    2
  0.04094201 -0.00000000    0.06274368 -0.00000000    0.11437880 -0.00000000
  0.06274368 -0.00000000    0.11339217 -0.00000000   -0.06603663  0.00000000
  0.11820450 -0.00000000   -0.06824540  0.00000000    0.08283440 -0.00000000
    1    3
  0.04094201 -0.00000000    0.06274368 -0.00000000   -0.11437880  0.00000000
  0.06274368 -0.00000000    0.11339217 -0.00000000    0.06603663 -0.00000000
 -0.11820450  0.00000000    0.06824540 -0.00000000    0.08283440 -0.00000000
    2    1
  0.04094201  0.00000000    0.06274368  0.00000000    0.11820450  0.00000000
  0.06274368  0.00000000    0.11339217  0.00000000   -0.06824540 -0.00000000
  0.11437880  0.00000000   -0.06603663 -0.00000000    0.08283440  0.00000000
    2    2
  0.25698448  0.00000000   -0.02882615  0.00000000    0.00239368  0.00000000
 -0.02882615  0.00000000    0.22369892  0.00000000   -0.00138199  0.00000000
  0.00239368  0.00000000   -0.00138199  0.00000000    0.26868002  0.00000000
    2    3
  0.01274508  0.00000000   -0.01259450  0.00000000   -0.01067038  0.00000000
 -0.01259450  0.00000000   -0.00179779  0.00000000    0.00616055  0.00000000
  0.01067038  0.00000000   -0.00616055  0.00000000   -0.03649141  0.00000000
    3    1
  0.04094201  0.00000000    0.06274368  0.00000000   -0.11820450 -0.00000000
  0.06274368  0.00000000    0.11339217  0.00000000    0.06824540  0.00000000
 -0.11437880 -0.00000000    0.06603663  0.00000000    0.08283440  0.00000000
    3    2
  0.01274508  0.00000000   -0.01259450  0.00000000    0.01067038  0.00000000
 -0.01259450  0.00000000   -0.00179779  0.00000000   -0.00616055  0.00000000
 -0.01067038  0.00000000    0.00616055  0.00000000   -0.03649141  0.00000000
    3    3
  0.25698448  0.00000000   -0.02882615  0.00000000   -0.00239368  0.00000000
 -0.02882615  0.00000000    0.22369892  0.00000000    0.00138199  0.00000000
 -0.00239368  0.00000000    0.00138199  0.00000000    0.26868002  0.00000000

     Diagonalizing the dynamical matrix

     q = (    0.000000000  -0.577350269   0.000000000 ) 

 **************************************************************************
     freq (    1) =       4.633245 [THz] =     154.548432 [cm-1]
 ( -0.551852  0.000000 -0.000000  0.000000 -0.000000  0.000000 ) 
 ( -0.589686  0.000000 -0.000000  0.000000 -0.000000  0.000000 ) 
 ( -0.589686  0.000000  0.000000  0.000000 -0.000000  0.000000 ) 
     freq (    2) =       5.052466 [THz] =     168.532131 [cm-1]
 (  0.000000  0.000000  0.000000  0.000000 -0.598818  0.000000 ) 
 (  0.000000  0.000000 -0.459690  0.000000 -0.330747  0.000000 ) 
 (  0.000000  0.000000  0.459690  0.000000 -0.330747  0.000000 ) 
     freq (    3) =       6.835434 [THz] =     228.005545 [cm-1]
 (  0.000000  0.000000 -0.689836  0.000000 -0.000000  0.000000 ) 
 ( -0.000000  0.000000  0.026619  0.000000 -0.511228  0.000000 ) 
 (  0.000000  0.000000  0.026619  0.000000  0.511228  0.000000 ) 
     freq (    4) =       8.946238 [THz] =     298.414385 [cm-1]
 (  0.000000  0.000000  0.000000  0.000000  0.000000  0.000000 ) 
 (  0.707107  0.000000  0.000000  0.000000 -0.000000  0.000000 ) 
 ( -0.707107  0.000000  0.000000  0.000000 -0.000000  0.000000 ) 
     freq (    5) =       9.535709 [THz] =     318.077026 [cm-1]
 (  0.000000  0.000000  0.000000  0.000000  0.063111  0.000000 ) 
 ( -0.000000  0.000000  0.326972  0.000000 -0.625378  0.000000 ) 
 (  0.000000  0.000000 -0.326972  0.000000 -0.625378  0.000000 ) 
     freq (    6) =      10.380292 [THz] =     346.249257 [cm-1]
 ( -0.000000  0.000000  0.068712  0.000000 -0.000000  0.000000 ) 
 (  0.000000  0.000000  0.697970  0.000000 -0.102360  0.000000 ) 
 (  0.000000  0.000000  0.697970  0.000000  0.102360  0.000000 ) 
     freq (    7) =      10.625158 [THz] =     354.417127 [cm-1]
 (  0.450836  0.000000  0.000000  0.000000 -0.000000  0.000000 ) 
 ( -0.631168  0.000000  0.000000  0.000000  0.000000  0.000000 ) 
 ( -0.631168  0.000000  0.000000  0.000000  0.000000  0.000000 ) 
     freq (    8) =      11.235368 [THz] =     374.771523 [cm-1]
 ( -0.000000  0.000000 -0.000000  0.000000 -0.399508  0.000000 ) 
 (  0.000000  0.000000  0.597257  0.000000  0.251955  0.000000 ) 
 (  0.000000  0.000000 -0.597257  0.000000  0.251955  0.000000 ) 
     freq (    9) =      11.755239 [THz] =     392.112570 [cm-1]
 ( -0.000000  0.000000 -0.320458  0.000000  0.000000  0.000000 ) 
 (  0.000000  0.000000  0.143156  0.000000  0.654339  0.000000 ) 
 ( -0.000000  0.000000  0.143156  0.000000 -0.654339  0.000000 ) 
 **************************************************************************
