Dynamical matrix file
                                                                           
  2    3  0  6.0182490  0.0000000  0.0000000  0.0000000  0.0000000  0.0000000
Basis vectors
      1.000000000    0.000000000    0.000000000
     -0.500000000    0.866025404    0.000000000
      0.000000000    0.000000000    7.270560906
           1  'Mo  '    87443.9605901702     
           2  'S   '    29226.3710682135     
    1    1      0.0000000000      0.5773502692      3.6352804530
    2    2      0.5000000000      0.2886751346      3.1443707363
    3    2      0.5000000000      0.2886751346      4.1261901697

     Dynamical  Matrix in cartesian axes

     q = (    0.250000000   0.577350269   0.000000000 ) 

    1    1
  0.52655548  0.00000000    0.00000000  0.10647512    0.00000000  0.00000000
  0.00000000 -0.10647512    0.54511792 -0.00000000    0.00000000  0.00000000
  0.00000000  0.00000000    0.00000000  0.00000000    0.50157313  0.00000000
    1    2
 -0.06753028  0.06753028    0.03494170  0.03494170    0.05593157  0.05593157
  0.03880639  0.03880639    0.02486155 -0.02486155   -0.07988671  0.07988671
  0.05686915  0.05686915   -0.08153705  0.08153705   -0.02417170  0.02417170
    1    3
 -0.06753028  0.06753028    0.03494170  0.03494170   -0.05593157 -0.05593157
  0.03880639  0.03880639    0.02486155 -0.02486155    0.07988671 -0.07988671
 -0.05686915 -0.05686915    0.08153705 -0.08153705   -0.02417170  0.02417170
    2    1
 -0.06753028 -0.06753028    0.03880639 -0.03880639    0.05686915 -0.05686915
  0.03494170 -0.03494170    0.02486155  0.02486155   -0.08153705 -0.08153705
  0.05593157 -0.05593157   -0.07988671 -0.07988671   -0.02417170 -0.02417170
    2    2
  0.23561267  0.00000000    0.00000000 -0.00339529    0.00000000 -0.00173435
  0.00000000  0.00339529    0.25917642 -0.00000000    0.00114811  0.00000000
  0.00000000  0.00173435    0.00114811 -0.00000000    0.25663771  0.00000000
    2    3
 -0.00114590  0.00000000   -0.00000000  0.01260674    0.00000000 -0.00171003
  0.00000000 -0.01260674    0.00840731 -0.00000000   -0.00436678  0.00000000
  0.00000000 -0.00171003    0.00436678 -0.00000000   -0.03117870  0.00000000
    3    1
 -0.06753028 -0.06753028    0.03880639 -0.03880639   -0.05686915  0.05686915
  0.03494170 -0.03494170    0.02486155  0.02486155    0.08153705  0.08153705
 -0.05593157  0.05593157    0.07988671  0.07988671   -0.02417170 -0.02417170
    3    2
 -0.00114590  0.00000000   -0.00000000  0.01260674    0.00000000  0.00171003
  0.00000000 -0.01260674    0.00840731 -0.00000000    0.00436678 -0.00000000
  0.00000000  0.00171003   -0.00436678  0.00000000   -0.03117870  0.00000000
    3    3
  0.23561267  0.00000000    0.00000000 -0.00339529    0.00000000  0.00173435
  0.00000000  0.00339529    0.25917642 -0.00000000   -0.00114811 -0.00000000
  0.00000000 -0.00173435   -0.00114811  0.00000000    0.25663771  0.00000000

     Dynamical  Matrix in cartesian axes

     q = (   -0.625000000  -0.072168784   0.000000000 ) 

    1    1
  0.54047731  0.00000000    0.00803777  0.10647512    0.00000000  0.00000000
  0.00803777 -0.10647512    0.53119609 -0.00000000    0.00000000  0.00000000
  0.00000000  0.00000000    0.00000000  0.00000000    0.50157313  0.00000000
    1    2
 -0.03017027  0.03369745    0.06037620  0.01963747    0.09714970  0.04121814
  0.05651151  0.02350216   -0.01249846 -0.07636618   -0.00849480  0.08838151
  0.09904773  0.04217858   -0.00848160  0.09001865   -0.02417170 -0.02417170
    1    3
 -0.03017027  0.03369745    0.06037620  0.01963747   -0.09714970 -0.04121814
  0.05651151  0.02350216   -0.01249846 -0.07636618    0.00849480 -0.08838151
 -0.09904773 -0.04217858    0.00848160 -0.09001865   -0.02417170 -0.02417170
    2    1
 -0.03017027 -0.03369745    0.05651151 -0.02350216    0.09904773 -0.04217858
  0.06037620 -0.01963747   -0.01249846  0.07636618   -0.00848160 -0.09001865
  0.09714970 -0.04121814   -0.00849480 -0.08838151   -0.02417170  0.02417170
    2    2
  0.25328548  0.00000000    0.01020341 -0.00339529   -0.00099429  0.00086718
  0.01020341  0.00339529    0.24150360 -0.00000000   -0.00057405 -0.00150199
 -0.00099429 -0.00086718   -0.00057405  0.00150199    0.25663771  0.00000000
    2    3
  0.00601901  0.00000000    0.00413666  0.01260674    0.00378174  0.00085501
  0.00413666 -0.01260674    0.00124240 -0.00000000    0.00218339 -0.00148093
 -0.00378174  0.00085501   -0.00218339 -0.00148093   -0.03117870  0.00000000
    3    1
 -0.03017027 -0.03369745    0.05651151 -0.02350216   -0.09904773  0.04217858
  0.06037620 -0.01963747   -0.01249846  0.07636618    0.00848160  0.09001865
 -0.09714970  0.04121814    0.00849480  0.08838151   -0.02417170  0.02417170
    3    2
  0.00601901  0.00000000    0.00413666  0.01260674   -0.00378174 -0.00085501
  0.00413666 -0.01260674    0.00124240 -0.00000000   -0.00218339  0.00148093
  0.00378174 -0.00085501    0.00218339  0.00148093   -0.03117870  0.00000000
    3    3
  0.25328548  0.00000000    0.01020341 -0.00339529    0.00099429 -0.00086718
  0.01020341  0.00339529    0.24150360 -0.00000000    0.00057405  0.00150199
  0.00099429  0.00086718    0.00057405 -0.00150199    0.25663771  0.00000000

     Dynamical  Matrix in cartesian axes

     q = (    0.375000000  -0.505181486   0.000000000 ) 

    1    1
  0.54047731  0.00000000   -0.00803777  0.10647512    0.00000000  0.00000000
 -0.00803777 -0.10647512    0.53119609 -0.00000000    0.00000000  0.00000000
  0.00000000  0.00000000    0.00000000  0.00000000    0.50157313  0.00000000
    1    2
 -0.00249409  0.04516129    0.05657820  0.02880663    0.09784084  0.03954959
  0.05657820  0.02334114    0.06283679 -0.04516129   -0.05648843  0.06850190
  0.09986209  0.04021256   -0.05765540  0.06965020    0.03418395  0.00000000
    1    3
 -0.00249409  0.04516129    0.05657820  0.02880663   -0.09784084 -0.03954959
  0.05657820  0.02334114    0.06283679 -0.04516129    0.05648843 -0.06850190
 -0.09986209 -0.04021256    0.05765540 -0.06965020    0.03418395  0.00000000
    2    1
 -0.00249409 -0.04516129    0.05657820 -0.02334114    0.09986209 -0.04021256
  0.05657820 -0.02880663    0.06283679  0.04516129   -0.05765540 -0.06965020
  0.09784084 -0.03954959   -0.05648843 -0.06850190    0.03418395 -0.00000000
    2    2
  0.25328548  0.00000000   -0.01020341 -0.00339529    0.00099429  0.00086718
 -0.01020341  0.00339529    0.24150360 -0.00000000   -0.00057405  0.00150199
  0.00099429 -0.00086718   -0.00057405 -0.00150199    0.25663771  0.00000000
    2    3
  0.00601901  0.00000000   -0.00413666  0.01260674   -0.00378174  0.00085501
 -0.00413666 -0.01260674    0.00124240 -0.00000000    0.00218339  0.00148093
  0.00378174  0.00085501   -0.00218339  0.00148093   -0.03117870  0.00000000
    3    1
 -0.00249409 -0.04516129    0.05657820 -0.02334114   -0.09986209  0.04021256
  0.05657820 -0.02880663    0.06283679  0.04516129    0.05765540  0.06965020
 -0.09784084  0.03954959    0.05648843  0.06850190    0.03418395 -0.00000000
    3    2
  0.00601901  0.00000000   -0.00413666  0.01260674    0.00378174 -0.00085501
 -0.00413666 -0.01260674    0.00124240 -0.00000000   -0.00218339 -0.00148093
 -0.00378174 -0.00085501    0.00218339 -0.00148093   -0.03117870  0.00000000
    3    3
  0.25328548  0.00000000   -0.01020341 -0.00339529   -0.00099429 -0.00086718
 -0.01020341  0.00339529    0.24150360 -0.00000000    0.00057405 -0.00150199
 -0.00099429  0.00086718    0.00057405  0.00150199    0.25663771  0.00000000

     Dynamical  Matrix in cartesian axes

     q = (   -0.375000000  -0.505181486   0.000000000 ) 

    1    1
  0.54047731  0.00000000    0.00803777 -0.10647512    0.00000000  0.00000000
  0.00803777  0.10647512    0.53119609  0.00000000    0.00000000  0.00000000
  0.00000000  0.00000000    0.00000000  0.00000000    0.50157313  0.00000000
    1    2
 -0.03017027 -0.03369745    0.06037620 -0.01963747    0.09714970 -0.04121814
  0.05651151 -0.02350216   -0.01249846  0.07636618   -0.00849480 -0.08838151
  0.09904773 -0.04217858   -0.00848160 -0.09001865   -0.02417170  0.02417170
    1    3
 -0.03017027 -0.03369745    0.06037620 -0.01963747   -0.09714970  0.04121814
  0.05651151 -0.02350216   -0.01249846  0.07636618    0.00849480  0.08838151
 -0.09904773  0.04217858    0.00848160  0.09001865   -0.02417170  0.02417170
    2    1
 -0.03017027  0.03369745    0.05651151  0.02350216    0.09904773  0.04217858
  0.06037620  0.01963747   -0.01249846 -0.07636618   -0.00848160  0.09001865
  0.09714970  0.04121814   -0.00849480  0.08838151   -0.02417170 -0.02417170
    2    2
  0.25328548  0.00000000    0.01020341  0.00339529   -0.00099429 -0.00086718
  0.01020341 -0.00339529    0.24150360  0.00000000   -0.00057405  0.00150199
 -0.00099429  0.00086718   -0.00057405 -0.00150199    0.25663771  0.00000000
    2    3
  0.00601901  0.00000000    0.00413666 -0.01260674    0.00378174 -0.00085501
  0.00413666  0.01260674    0.00124240  0.00000000    0.00218339  0.00148093
 -0.00378174 -0.00085501   -0.00218339  0.00148093   -0.03117870  0.00000000
    3    1
 -0.03017027  0.03369745    0.05651151  0.02350216   -0.09904773 -0.04217858
  0.06037620  0.01963747   -0.01249846 -0.07636618    0.00848160 -0.09001865
 -0.09714970 -0.04121814    0.00849480 -0.08838151   -0.02417170 -0.02417170
    3    2
  0.00601901  0.00000000    0.00413666 -0.01260674   -0.00378174  0.00085501
  0.00413666  0.01260674    0.00124240  0.00000000   -0.00218339 -0.00148093
  0.00378174  0.00085501    0.00218339 -0.00148093   -0.03117870  0.00000000
    3    3
  0.25328548  0.00000000    0.01020341  0.00339529    0.00099429  0.00086718
  0.01020341 -0.00339529    0.24150360  0.00000000    0.00057405 -0.00150199
  0.00099429 -0.00086718    0.00057405  0.00150199    0.25663771  0.00000000

     Dynamical  Matrix in cartesian axes

     q = (    0.625000000  -0.072168784   0.000000000 ) 

    1    1
  0.54047731  0.00000000   -0.00803777 -0.10647512    0.00000000  0.00000000
 -0.00803777  0.10647512    0.53119609  0.00000000    0.00000000  0.00000000
  0.00000000  0.00000000    0.00000000  0.00000000    0.50157313  0.00000000
    1    2
 -0.00249409 -0.04516129    0.05657820 -0.02880663    0.09784084 -0.03954959
  0.05657820 -0.02334114    0.06283679  0.04516129   -0.05648843 -0.06850190
  0.09986209 -0.04021256   -0.05765540 -0.06965020    0.03418395  0.00000000
    1    3
 -0.00249409 -0.04516129    0.05657820 -0.02880663   -0.09784084  0.03954959
  0.05657820 -0.02334114    0.06283679  0.04516129    0.05648843  0.06850190
 -0.09986209  0.04021256    0.05765540  0.06965020    0.03418395  0.00000000
    2    1
 -0.00249409  0.04516129    0.05657820  0.02334114    0.09986209  0.04021256
  0.05657820  0.02880663    0.06283679 -0.04516129   -0.05765540  0.06965020
  0.09784084  0.03954959   -0.05648843  0.06850190    0.03418395 -0.00000000
    2    2
  0.25328548  0.00000000   -0.01020341  0.00339529    0.00099429 -0.00086718
 -0.01020341 -0.00339529    0.24150360  0.00000000   -0.00057405 -0.00150199
  0.00099429  0.00086718   -0.00057405  0.00150199    0.25663771  0.00000000
    2    3
  0.00601901  0.00000000   -0.00413666 -0.01260674   -0.00378174 -0.00085501
 -0.00413666  0.01260674    0.00124240  0.00000000    0.00218339 -0.00148093
  0.00378174 -0.00085501   -0.00218339 -0.00148093   -0.03117870  0.00000000
    3    1
 -0.00249409  0.04516129    0.05657820  0.02334114   -0.09986209 -0.04021256
  0.05657820  0.02880663    0.06283679 -0.04516129    0.05765540 -0.06965020
 -0.09784084 -0.03954959    0.05648843 -0.06850190    0.03418395 -0.00000000
    3    2
  0.00601901  0.00000000   -0.00413666 -0.01260674    0.00378174  0.00085501
 -0.00413666  0.01260674    0.00124240  0.00000000   -0.00218339  0.00148093
 -0.00378174  0.00085501    0.00218339  0.00148093   -0.03117870  0.00000000
    3    3
  0.25328548  0.00000000   -0.01020341  0.00339529   -0.00099429  0.00086718
 -0.01020341 -0.00339529    0.24150360  0.00000000    0.00057405  0.00150199
 -0.00099429 -0.00086718    0.00057405 -0.00150199    0.25663771  0.00000000

     Dynamical  Matrix in cartesian axes

     q = (   -0.250000000   0.577350269   0.000000000 ) 

    1    1
  0.52655548  0.00000000    0.00000000 -0.10647512    0.00000000  0.00000000
  0.00000000  0.10647512    0.54511792  0.00000000    0.00000000  0.00000000
  0.00000000  0.00000000    0.00000000  0.00000000    0.50157313  0.00000000
    1    2
 -0.06753028 -0.06753028    0.03494170 -0.03494170    0.05593157 -0.05593157
  0.03880639 -0.03880639    0.02486155  0.02486155   -0.07988671 -0.07988671
  0.05686915 -0.05686915   -0.08153705 -0.08153705   -0.02417170 -0.02417170
    1    3
 -0.06753028 -0.06753028    0.03494170 -0.03494170   -0.05593157  0.05593157
  0.03880639 -0.03880639    0.02486155  0.02486155    0.07988671  0.07988671
 -0.05686915  0.05686915    0.08153705  0.08153705   -0.02417170 -0.02417170
    2    1
 -0.06753028  0.06753028    0.03880639  0.03880639    0.05686915  0.05686915
  0.03494170  0.03494170    0.02486155 -0.02486155   -0.08153705  0.08153705
  0.05593157  0.05593157   -0.07988671  0.07988671   -0.02417170  0.02417170
    2    2
  0.23561267  0.00000000    0.00000000  0.00339529    0.00000000  0.00173435
  0.00000000 -0.00339529    0.25917642  0.00000000    0.00114811 -0.00000000
  0.00000000 -0.00173435    0.00114811  0.00000000    0.25663771  0.00000000
    2    3
 -0.00114590  0.00000000   -0.00000000 -0.01260674    0.00000000  0.00171003
  0.00000000  0.01260674    0.00840731  0.00000000   -0.00436678 -0.00000000
  0.00000000  0.00171003    0.00436678  0.00000000   -0.03117870  0.00000000
    3    1
 -0.06753028  0.06753028    0.03880639  0.03880639   -0.05686915 -0.05686915
  0.03494170  0.03494170    0.02486155 -0.02486155    0.08153705 -0.08153705
 -0.05593157 -0.05593157    0.07988671 -0.07988671   -0.02417170  0.02417170
    3    2
 -0.00114590  0.00000000   -0.00000000 -0.01260674    0.00000000 -0.00171003
  0.00000000  0.01260674    0.00840731  0.00000000    0.00436678  0.00000000
  0.00000000 -0.00171003   -0.00436678 -0.00000000   -0.03117870  0.00000000
    3    3
  0.23561267  0.00000000    0.00000000  0.00339529    0.00000000 -0.00173435
  0.00000000 -0.00339529    0.25917642  0.00000000   -0.00114811  0.00000000
  0.00000000  0.00173435   -0.00114811 -0.00000000    0.25663771  0.00000000

     Diagonalizing the dynamical matrix

     q = (    0.250000000   0.577350269   0.000000000 ) 

 **************************************************************************
     freq (    1) =       5.292731 [THz] =     176.546517 [cm-1]
 (  0.000000  0.000000 -0.000000  0.000000  0.421106 -0.421106 ) 
 (  0.000000  0.342889  0.426274 -0.000000  0.152929 -0.000000 ) 
 ( -0.000000 -0.342889 -0.426274  0.000000  0.152929  0.000000 ) 
     freq (    2) =       5.429378 [THz] =     181.104550 [cm-1]
 (  0.395448  0.395448 -0.314747  0.314747 -0.000000  0.000000 ) 
 ( -0.000000  0.190625 -0.059826  0.000000 -0.452369  0.000000 ) 
 (  0.000000  0.190625 -0.059826 -0.000000  0.452369  0.000000 ) 
     freq (    3) =       6.764920 [THz] =     225.653426 [cm-1]
 (  0.219691  0.219691  0.315609 -0.315609 -0.000000  0.000000 ) 
 ( -0.000000  0.509673 -0.254552 -0.000000  0.166022  0.000000 ) 
 ( -0.000000  0.509673 -0.254552 -0.000000 -0.166022  0.000000 ) 
     freq (    4) =       9.182178 [THz] =     306.284496 [cm-1]
 ( -0.000000  0.000000  0.000000 -0.000000 -0.016173  0.016173 ) 
 ( -0.000000 -0.121011 -0.102032 -0.000000  0.688973  0.000000 ) 
 (  0.000000  0.121011  0.102032 -0.000000  0.688973  0.000000 ) 
     freq (    5) =       9.724252 [THz] =     324.366140 [cm-1]
 (  0.000000 -0.000000 -0.000000  0.000000 -0.050479  0.050479 ) 
 (  0.000000  0.606439 -0.356606  0.000000  0.050158 -0.000000 ) 
 ( -0.000000 -0.606439  0.356606 -0.000000  0.050158  0.000000 ) 
     freq (    6) =       9.946354 [THz] =     331.774658 [cm-1]
 ( -0.044460 -0.044460 -0.011956  0.011956  0.000000 -0.000000 ) 
 ( -0.000000  0.379734  0.594628  0.000000 -0.010016 -0.000000 ) 
 ( -0.000000  0.379734  0.594628  0.000000  0.010016  0.000000 ) 
     freq (    7) =      10.919063 [THz] =     364.220741 [cm-1]
 (  0.000000  0.000000  0.000000 -0.000000  0.282072 -0.282072 ) 
 ( -0.000000 -0.262699 -0.582034  0.000000 -0.112524  0.000000 ) 
 ( -0.000000  0.262699  0.582034 -0.000000 -0.112524  0.000000 ) 
     freq (    8) =      11.004217 [THz] =     367.061174 [cm-1]
 ( -0.258383 -0.258383 -0.189066  0.189066  0.000000 -0.000000 ) 
 ( -0.000000  0.497207 -0.387059 -0.000000 -0.021503 -0.000000 ) 
 ( -0.000000  0.497207 -0.387059 -0.000000  0.021503  0.000000 ) 
     freq (    9) =      11.396475 [THz] =     380.145483 [cm-1]
 (  0.108302  0.108302 -0.188173  0.188173 -0.000000  0.000000 ) 
 ( -0.000000  0.001508  0.023272 -0.000000  0.672546 -0.000000 ) 
 ( -0.000000  0.001508  0.023272 -0.000000 -0.672546  0.000000 ) 
 **************************************************************************
