Dynamical matrix file
                                                                           
  2    3  0  6.0182490  0.0000000  0.0000000  0.0000000  0.0000000  0.0000000
Basis vectors
      1.000000000    0.000000000    0.000000000
     -0.500000000    0.866025404    0.000000000
      0.000000000    0.000000000    7.270560906
           1  'Mo  '    87443.9605901702     
           2  'S   '    29226.3710682135     
    1    1      0.0000000000      0.5773502692      3.6352804530
    2    2      0.5000000000      0.2886751346      3.1443707363
    3    2      0.5000000000      0.2886751346      4.1261901697

     Dynamical  Matrix in cartesian axes

     q = (    0.000000000   0.000000000   0.000000000 ) 

    1    1
  0.40679976  0.00000000   -0.00000000  0.00000000    0.00000000  0.00000000
 -0.00000000  0.00000000    0.40679976  0.00000000    0.00000000  0.00000000
  0.00000000  0.00000000    0.00000000  0.00000000    0.61230262  0.00000000
    1    2
 -0.20255704  0.00000000   -0.00000000  0.00000000    0.00000000  0.00000000
  0.00000000  0.00000000   -0.20255704  0.00000000    0.00000000  0.00000000
 -0.00000000  0.00000000   -0.00000000  0.00000000   -0.30514638  0.00000000
    1    3
 -0.20255704  0.00000000   -0.00000000  0.00000000   -0.00000000  0.00000000
  0.00000000  0.00000000   -0.20255704  0.00000000   -0.00000000  0.00000000
  0.00000000  0.00000000    0.00000000  0.00000000   -0.30514638  0.00000000
    2    1
 -0.20255704  0.00000000   -0.00000000  0.00000000   -0.00000000  0.00000000
  0.00000000  0.00000000   -0.20255704  0.00000000   -0.00000000  0.00000000
  0.00000000  0.00000000    0.00000000  0.00000000   -0.30514638  0.00000000
    2    2
  0.19610886  0.00000000    0.00000000  0.00000000   -0.00000000  0.00000000
 -0.00000000  0.00000000    0.19610886  0.00000000   -0.00000000  0.00000000
 -0.00000000  0.00000000   -0.00000000  0.00000000    0.33435744  0.00000000
    2    3
  0.00862857  0.00000000    0.00000000  0.00000000    0.00000000  0.00000000
  0.00000000  0.00000000    0.00862857  0.00000000    0.00000000  0.00000000
  0.00000000  0.00000000    0.00000000  0.00000000   -0.03815012  0.00000000
    3    1
 -0.20255704  0.00000000   -0.00000000  0.00000000    0.00000000  0.00000000
  0.00000000  0.00000000   -0.20255704  0.00000000    0.00000000  0.00000000
 -0.00000000  0.00000000   -0.00000000  0.00000000   -0.30514638  0.00000000
    3    2
  0.00862857  0.00000000   -0.00000000  0.00000000    0.00000000  0.00000000
  0.00000000  0.00000000    0.00862857  0.00000000   -0.00000000  0.00000000
  0.00000000  0.00000000    0.00000000  0.00000000   -0.03815012  0.00000000
    3    3
  0.19610886  0.00000000    0.00000000  0.00000000    0.00000000  0.00000000
  0.00000000  0.00000000    0.19610886  0.00000000    0.00000000  0.00000000
  0.00000000  0.00000000    0.00000000  0.00000000    0.33435744  0.00000000

     Dielectric Tensor:

          4.758801968049         -0.000000000000          0.000000000000
          0.000000000000          4.758801968014          0.000000000000
          0.000000000000          0.000000000000          1.219956113404

     Effective Charges E-U: Z_{alpha}{s,beta}

     atom #    1
         -1.002311864404          0.000000000000         -0.000000000000
          0.000000000000         -1.002311864264          0.000000000000
          0.000000000000          0.000000000000         -0.068998445140
     atom #    2
          0.450964262113         -0.000000000000          0.000000000000
          0.000000000000          0.450964262165          0.000000000000
          0.000000000000         -0.000000000000          0.031697009905
     atom #    3
          0.450964262113         -0.000000000000         -0.000000000000
          0.000000000000          0.450964262165         -0.000000000000
         -0.000000000000         -0.000000000000          0.031697009905

     Diagonalizing the dynamical matrix

     q = (    0.000000000   0.000000000   0.000000000 ) 

 **************************************************************************
     freq (    1) =      -1.092405 [THz] =     -36.438717 [cm-1]
 (  0.000000  0.000000  0.000000  0.000000 -0.570072  0.000000 ) 
 (  0.000000  0.000000  0.000000  0.000000 -0.580955  0.000000 ) 
 ( -0.000000  0.000000 -0.000000  0.000000 -0.580955  0.000000 ) 
     freq (    2) =       0.669221 [THz] =      22.322802 [cm-1]
 ( -0.000053  0.000000 -0.579191  0.000000  0.000000  0.000000 ) 
 ( -0.000053  0.000000 -0.576428  0.000000  0.000000  0.000000 ) 
 ( -0.000053  0.000000 -0.576428  0.000000  0.000000  0.000000 ) 
     freq (    3) =       0.669221 [THz] =      22.322802 [cm-1]
 ( -0.579191  0.000000  0.000053  0.000000 -0.000000  0.000000 ) 
 ( -0.576428  0.000000  0.000053  0.000000  0.000000  0.000000 ) 
 ( -0.576428  0.000000  0.000053  0.000000  0.000000  0.000000 ) 
     freq (    4) =       8.332309 [THz] =     277.935927 [cm-1]
 ( -0.000000  0.000000  0.000000  0.000000  0.000000  0.000000 ) 
 (  0.000028  0.000000  0.707107  0.000000  0.000000  0.000000 ) 
 ( -0.000028  0.000000 -0.707107  0.000000  0.000000  0.000000 ) 
     freq (    5) =       8.332309 [THz] =     277.935927 [cm-1]
 ( -0.000000  0.000000  0.000000  0.000000 -0.000000  0.000000 ) 
 ( -0.707107  0.000000  0.000028  0.000000 -0.000000  0.000000 ) 
 (  0.707107  0.000000 -0.000028  0.000000  0.000000  0.000000 ) 
     freq (    6) =      11.212508 [THz] =     374.009001 [cm-1]
 (  0.000007  0.000000  0.425670  0.000000  0.000000  0.000000 ) 
 ( -0.000010  0.000000 -0.639846  0.000000  0.000000  0.000000 ) 
 ( -0.000010  0.000000 -0.639846  0.000000  0.000000  0.000000 ) 
     freq (    7) =      11.212508 [THz] =     374.009001 [cm-1]
 (  0.425670  0.000000 -0.000007  0.000000  0.000000  0.000000 ) 
 ( -0.639846  0.000000  0.000010  0.000000  0.000000  0.000000 ) 
 ( -0.639846  0.000000  0.000010  0.000000  0.000000  0.000000 ) 
     freq (    8) =      11.745057 [THz] =     391.772937 [cm-1]
 ( -0.000000  0.000000  0.000000  0.000000 -0.000000  0.000000 ) 
 ( -0.000000  0.000000  0.000000  0.000000  0.707107  0.000000 ) 
 (  0.000000  0.000000  0.000000  0.000000 -0.707107  0.000000 ) 
     freq (    9) =      13.662719 [THz] =     455.739243 [cm-1]
 ( -0.000000  0.000000 -0.000000  0.000000  0.433973  0.000000 ) 
 (  0.000000  0.000000 -0.000000  0.000000 -0.637051  0.000000 ) 
 (  0.000000  0.000000 -0.000000  0.000000 -0.637051  0.000000 ) 
 **************************************************************************
