Dynamical matrix file
                                                                           
  2    3  0  6.0182490  0.0000000  0.0000000  0.0000000  0.0000000  0.0000000
Basis vectors
      1.000000000    0.000000000    0.000000000
     -0.500000000    0.866025404    0.000000000
      0.000000000    0.000000000    7.270560906
           1  'Mo  '    87443.9605901702     
           2  'S   '    29226.3710682135     
    1    1      0.0000000000      0.5773502692      3.6352804530
    2    2      0.5000000000      0.2886751346      3.1443707363
    3    2      0.5000000000      0.2886751346      4.1261901697

     Dynamical  Matrix in cartesian axes

     q = (    0.250000000   0.433012702   0.000000000 ) 

    1    1
  0.52729980  0.00000000    0.00484446  0.08663247    0.00000000  0.00000000
  0.00484446 -0.08663247    0.53289370 -0.00000000    0.00000000  0.00000000
  0.00000000  0.00000000    0.00000000  0.00000000    0.51397575  0.00000000
    1    2
 -0.09127752  0.05133630    0.03988421  0.02479857    0.05570115  0.05802382
  0.03988421  0.03447949   -0.04522320 -0.05133630   -0.03215907  0.10050021
  0.05507393  0.06044235   -0.03179695  0.10468921   -0.08569010  0.00000000
    1    3
 -0.09127752  0.05133630    0.03988421  0.02479857   -0.05570115 -0.05802382
  0.03988421  0.03447949   -0.04522320 -0.05133630    0.03215907 -0.10050021
 -0.05507393 -0.06044235    0.03179695 -0.10468921   -0.08569010  0.00000000
    2    1
 -0.09127752 -0.05133630    0.03988421 -0.03447949    0.05507393 -0.06044235
  0.03988421 -0.02479857   -0.04522320  0.05133630   -0.03179695 -0.10468921
  0.05570115 -0.05802382   -0.03215907 -0.10050021   -0.08569010 -0.00000000
    2    2
  0.23337147 -0.00000000    0.01391007 -0.00270902   -0.00137331 -0.00241691
  0.01391007  0.00270902    0.24943343  0.00000000    0.00079288 -0.00418621
 -0.00137331  0.00241691    0.00079288  0.00418621    0.26391472  0.00000000
    2    3
  0.00103157  0.00000000    0.00597645  0.01140060    0.00525273 -0.00331199
  0.00597645 -0.01140060    0.00793259 -0.00000000   -0.00303267 -0.00573654
 -0.00525273 -0.00331199    0.00303267 -0.00573654   -0.03365736  0.00000000
    3    1
 -0.09127752 -0.05133630    0.03988421 -0.03447949   -0.05507393  0.06044235
  0.03988421 -0.02479857   -0.04522320  0.05133630    0.03179695  0.10468921
 -0.05570115  0.05802382    0.03215907  0.10050021   -0.08569010 -0.00000000
    3    2
  0.00103157  0.00000000    0.00597645  0.01140060   -0.00525273  0.00331199
  0.00597645 -0.01140060    0.00793259 -0.00000000    0.00303267  0.00573654
  0.00525273  0.00331199   -0.00303267  0.00573654   -0.03365736  0.00000000
    3    3
  0.23337147 -0.00000000    0.01391007 -0.00270902    0.00137331  0.00241691
  0.01391007  0.00270902    0.24943343  0.00000000   -0.00079288  0.00418621
  0.00137331 -0.00241691   -0.00079288 -0.00418621    0.26391472  0.00000000

     Dynamical  Matrix in cartesian axes

     q = (   -0.500000000   0.000000000   0.000000000 ) 

    1    1
  0.53569065 -0.00000000   -0.00000000  0.08663247    0.00000000  0.00000000
  0.00000000 -0.08663247    0.52450284 -0.00000000    0.00000000  0.00000000
  0.00000000  0.00000000    0.00000000  0.00000000    0.51397575  0.00000000
    1    2
  0.00000000 -0.02219604    0.06411852  0.00000000    0.11604765  0.00000000
  0.05443760  0.00000000    0.00000000 -0.11430468    0.00000000  0.06431814
  0.12088469  0.00000000   -0.00000000  0.06359390    0.00000000 -0.08569010
    1    3
  0.00000000 -0.02219604    0.06411852  0.00000000   -0.11604765 -0.00000000
  0.05443760  0.00000000    0.00000000 -0.11430468   -0.00000000 -0.06431814
 -0.12088469 -0.00000000    0.00000000 -0.06359390    0.00000000 -0.08569010
    2    1
  0.00000000  0.02219604    0.05443760 -0.00000000    0.12088469 -0.00000000
  0.06411852 -0.00000000    0.00000000  0.11430468   -0.00000000 -0.06359390
  0.11604765 -0.00000000   -0.00000000 -0.06431814    0.00000000  0.08569010
    2    2
  0.25746441  0.00000000   -0.00000000 -0.00270902    0.00000000  0.00483382
  0.00000000  0.00270902    0.22534049  0.00000000   -0.00158576 -0.00000000
  0.00000000 -0.00483382   -0.00158576  0.00000000    0.26391472  0.00000000
    2    3
  0.01138309 -0.00000000   -0.00000000  0.01140060    0.00000000  0.00662398
 -0.00000000 -0.01140060   -0.00241893 -0.00000000    0.00606533 -0.00000000
  0.00000000  0.00662398   -0.00606533  0.00000000   -0.03365736  0.00000000
    3    1
  0.00000000  0.02219604    0.05443760 -0.00000000   -0.12088469  0.00000000
  0.06411852 -0.00000000    0.00000000  0.11430468    0.00000000  0.06359390
 -0.11604765  0.00000000    0.00000000  0.06431814    0.00000000  0.08569010
    3    2
  0.01138309 -0.00000000   -0.00000000  0.01140060    0.00000000 -0.00662398
 -0.00000000 -0.01140060   -0.00241893 -0.00000000   -0.00606533  0.00000000
  0.00000000 -0.00662398    0.00606533 -0.00000000   -0.03365736  0.00000000
    3    3
  0.25746441  0.00000000   -0.00000000 -0.00270902    0.00000000 -0.00483382
  0.00000000  0.00270902    0.22534049  0.00000000    0.00158576  0.00000000
  0.00000000  0.00483382    0.00158576 -0.00000000    0.26391472  0.00000000

     Dynamical  Matrix in cartesian axes

     q = (    0.250000000  -0.433012702   0.000000000 ) 

    1    1
  0.52729980 -0.00000000   -0.00484446  0.08663247    0.00000000  0.00000000
 -0.00484446 -0.08663247    0.53289370 -0.00000000    0.00000000  0.00000000
  0.00000000  0.00000000    0.00000000  0.00000000    0.51397575  0.00000000
    1    2
 -0.05133630  0.09127752    0.02479857  0.03988421    0.05802382  0.05570115
  0.03447949  0.03988421    0.05133630  0.04522320   -0.10050021  0.03215907
  0.06044235  0.05507393   -0.10468921  0.03179695   -0.00000000  0.08569010
    1    3
 -0.05133630  0.09127752    0.02479857  0.03988421   -0.05802382 -0.05570115
  0.03447949  0.03988421    0.05133630  0.04522320    0.10050021 -0.03215907
 -0.06044235 -0.05507393    0.10468921 -0.03179695   -0.00000000  0.08569010
    2    1
 -0.05133630 -0.09127752    0.03447949 -0.03988421    0.06044235 -0.05507393
  0.02479857 -0.03988421    0.05133630 -0.04522320   -0.10468921 -0.03179695
  0.05802382 -0.05570115   -0.10050021 -0.03215907   -0.00000000 -0.08569010
    2    2
  0.23337147  0.00000000   -0.01391007 -0.00270902    0.00137331 -0.00241691
 -0.01391007  0.00270902    0.24943343  0.00000000    0.00079288  0.00418621
  0.00137331  0.00241691    0.00079288 -0.00418621    0.26391472  0.00000000
    2    3
  0.00103157 -0.00000000   -0.00597645  0.01140060   -0.00525273 -0.00331199
 -0.00597645 -0.01140060    0.00793259 -0.00000000   -0.00303267  0.00573654
  0.00525273 -0.00331199    0.00303267  0.00573654   -0.03365736  0.00000000
    3    1
 -0.05133630 -0.09127752    0.03447949 -0.03988421   -0.06044235  0.05507393
  0.02479857 -0.03988421    0.05133630 -0.04522320    0.10468921  0.03179695
 -0.05802382  0.05570115    0.10050021  0.03215907   -0.00000000 -0.08569010
    3    2
  0.00103157 -0.00000000   -0.00597645  0.01140060    0.00525273  0.00331199
 -0.00597645 -0.01140060    0.00793259 -0.00000000    0.00303267 -0.00573654
 -0.00525273  0.00331199   -0.00303267 -0.00573654   -0.03365736  0.00000000
    3    3
  0.23337147  0.00000000   -0.01391007 -0.00270902   -0.00137331  0.00241691
 -0.01391007  0.00270902    0.24943343  0.00000000   -0.00079288 -0.00418621
 -0.00137331 -0.00241691   -0.00079288  0.00418621    0.26391472  0.00000000

     Dynamical  Matrix in cartesian axes

     q = (   -0.250000000  -0.433012702   0.000000000 ) 

    1    1
  0.52729980 -0.00000000    0.00484446 -0.08663247    0.00000000  0.00000000
  0.00484446  0.08663247    0.53289370  0.00000000    0.00000000  0.00000000
  0.00000000  0.00000000    0.00000000  0.00000000    0.51397575  0.00000000
    1    2
 -0.09127752 -0.05133630    0.03988421 -0.02479857    0.05570115 -0.05802382
  0.03988421 -0.03447949   -0.04522320  0.05133630   -0.03215907 -0.10050021
  0.05507393 -0.06044235   -0.03179695 -0.10468921   -0.08569010 -0.00000000
    1    3
 -0.09127752 -0.05133630    0.03988421 -0.02479857   -0.05570115  0.05802382
  0.03988421 -0.03447949   -0.04522320  0.05133630    0.03215907  0.10050021
 -0.05507393  0.06044235    0.03179695  0.10468921   -0.08569010 -0.00000000
    2    1
 -0.09127752  0.05133630    0.03988421  0.03447949    0.05507393  0.06044235
  0.03988421  0.02479857   -0.04522320 -0.05133630   -0.03179695  0.10468921
  0.05570115  0.05802382   -0.03215907  0.10050021   -0.08569010  0.00000000
    2    2
  0.23337147  0.00000000    0.01391007  0.00270902   -0.00137331  0.00241691
  0.01391007 -0.00270902    0.24943343 -0.00000000    0.00079288  0.00418621
 -0.00137331 -0.00241691    0.00079288 -0.00418621    0.26391472  0.00000000
    2    3
  0.00103157 -0.00000000    0.00597645 -0.01140060    0.00525273  0.00331199
  0.00597645  0.01140060    0.00793259  0.00000000   -0.00303267  0.00573654
 -0.00525273  0.00331199    0.00303267  0.00573654   -0.03365736  0.00000000
    3    1
 -0.09127752  0.05133630    0.03988421  0.03447949   -0.05507393 -0.06044235
  0.03988421  0.02479857   -0.04522320 -0.05133630    0.03179695 -0.10468921
 -0.05570115 -0.05802382    0.03215907 -0.10050021   -0.08569010  0.00000000
    3    2
  0.00103157 -0.00000000    0.00597645 -0.01140060   -0.00525273 -0.00331199
  0.00597645  0.01140060    0.00793259  0.00000000    0.00303267 -0.00573654
  0.00525273 -0.00331199   -0.00303267 -0.00573654   -0.03365736  0.00000000
    3    3
  0.23337147  0.00000000    0.01391007  0.00270902    0.00137331 -0.00241691
  0.01391007 -0.00270902    0.24943343 -0.00000000   -0.00079288 -0.00418621
  0.00137331  0.00241691   -0.00079288  0.00418621    0.26391472  0.00000000

     Dynamical  Matrix in cartesian axes

     q = (    0.500000000   0.000000000   0.000000000 ) 

    1    1
  0.53569065 -0.00000000   -0.00000000 -0.08663247    0.00000000  0.00000000
  0.00000000  0.08663247    0.52450284  0.00000000    0.00000000  0.00000000
  0.00000000  0.00000000    0.00000000  0.00000000    0.51397575  0.00000000
    1    2
 -0.00000000  0.02219604    0.06411852  0.00000000    0.11604765  0.00000000
  0.05443760  0.00000000   -0.00000000  0.11430468    0.00000000 -0.06431814
  0.12088469  0.00000000    0.00000000 -0.06359390   -0.00000000  0.08569010
    1    3
 -0.00000000  0.02219604    0.06411852  0.00000000   -0.11604765 -0.00000000
  0.05443760  0.00000000   -0.00000000  0.11430468   -0.00000000  0.06431814
 -0.12088469 -0.00000000   -0.00000000  0.06359390   -0.00000000  0.08569010
    2    1
 -0.00000000 -0.02219604    0.05443760 -0.00000000    0.12088469 -0.00000000
  0.06411852 -0.00000000   -0.00000000 -0.11430468    0.00000000  0.06359390
  0.11604765 -0.00000000    0.00000000  0.06431814   -0.00000000 -0.08569010
    2    2
  0.25746441  0.00000000   -0.00000000  0.00270902    0.00000000 -0.00483382
  0.00000000 -0.00270902    0.22534049 -0.00000000   -0.00158576  0.00000000
  0.00000000  0.00483382   -0.00158576 -0.00000000    0.26391472  0.00000000
    2    3
  0.01138309 -0.00000000   -0.00000000 -0.01140060    0.00000000 -0.00662398
 -0.00000000  0.01140060   -0.00241893  0.00000000    0.00606533  0.00000000
  0.00000000 -0.00662398   -0.00606533 -0.00000000   -0.03365736  0.00000000
    3    1
 -0.00000000 -0.02219604    0.05443760 -0.00000000   -0.12088469  0.00000000
  0.06411852 -0.00000000   -0.00000000 -0.11430468   -0.00000000 -0.06359390
 -0.11604765  0.00000000   -0.00000000 -0.06431814   -0.00000000 -0.08569010
    3    2
  0.01138309 -0.00000000   -0.00000000 -0.01140060    0.00000000  0.00662398
 -0.00000000  0.01140060   -0.00241893  0.00000000   -0.00606533 -0.00000000
  0.00000000  0.00662398    0.00606533  0.00000000   -0.03365736  0.00000000
    3    3
  0.25746441  0.00000000   -0.00000000  0.00270902    0.00000000  0.00483382
  0.00000000 -0.00270902    0.22534049 -0.00000000    0.00158576 -0.00000000
  0.00000000 -0.00483382    0.00158576  0.00000000    0.26391472  0.00000000

     Dynamical  Matrix in cartesian axes

     q = (   -0.250000000   0.433012702   0.000000000 ) 

    1    1
  0.52729980  0.00000000   -0.00484446 -0.08663247    0.00000000  0.00000000
 -0.00484446  0.08663247    0.53289370  0.00000000    0.00000000  0.00000000
  0.00000000  0.00000000    0.00000000  0.00000000    0.51397575  0.00000000
    1    2
 -0.05133630 -0.09127752    0.02479857 -0.03988421    0.05802382 -0.05570115
  0.03447949 -0.03988421    0.05133630 -0.04522320   -0.10050021 -0.03215907
  0.06044235 -0.05507393   -0.10468921 -0.03179695   -0.00000000 -0.08569010
    1    3
 -0.05133630 -0.09127752    0.02479857 -0.03988421   -0.05802382  0.05570115
  0.03447949 -0.03988421    0.05133630 -0.04522320    0.10050021  0.03215907
 -0.06044235  0.05507393    0.10468921  0.03179695   -0.00000000 -0.08569010
    2    1
 -0.05133630  0.09127752    0.03447949  0.03988421    0.06044235  0.05507393
  0.02479857  0.03988421    0.05133630  0.04522320   -0.10468921  0.03179695
  0.05802382  0.05570115   -0.10050021  0.03215907   -0.00000000  0.08569010
    2    2
  0.23337147 -0.00000000   -0.01391007  0.00270902    0.00137331  0.00241691
 -0.01391007 -0.00270902    0.24943343 -0.00000000    0.00079288 -0.00418621
  0.00137331 -0.00241691    0.00079288  0.00418621    0.26391472  0.00000000
    2    3
  0.00103157  0.00000000   -0.00597645 -0.01140060   -0.00525273  0.00331199
 -0.00597645  0.01140060    0.00793259  0.00000000   -0.00303267 -0.00573654
  0.00525273  0.00331199    0.00303267 -0.00573654   -0.03365736  0.00000000
    3    1
 -0.05133630  0.09127752    0.03447949  0.03988421   -0.06044235 -0.05507393
  0.02479857  0.03988421    0.05133630  0.04522320    0.10468921 -0.03179695
 -0.05802382 -0.05570115    0.10050021 -0.03215907   -0.00000000  0.08569010
    3    2
  0.00103157  0.00000000   -0.00597645 -0.01140060    0.00525273 -0.00331199
 -0.00597645  0.01140060    0.00793259  0.00000000    0.00303267  0.00573654
 -0.00525273 -0.00331199   -0.00303267  0.00573654   -0.03365736  0.00000000
    3    3
  0.23337147 -0.00000000   -0.01391007  0.00270902   -0.00137331 -0.00241691
 -0.01391007 -0.00270902    0.24943343 -0.00000000   -0.00079288  0.00418621
 -0.00137331  0.00241691   -0.00079288 -0.00418621    0.26391472  0.00000000

     Diagonalizing the dynamical matrix

     q = (    0.250000000   0.433012702   0.000000000 ) 

 **************************************************************************
     freq (    1) =       4.761774 [THz] =     158.835700 [cm-1]
 ( -0.000000 -0.000000  0.000000 -0.000000 -0.566589  0.000000 ) 
 (  0.224986 -0.205154 -0.129896 -0.355338 -0.321936  0.000000 ) 
 ( -0.224986  0.205154  0.129896  0.355338 -0.321936  0.000000 ) 
     freq (    2) =       5.413079 [THz] =     180.560896 [cm-1]
 ( -0.511838 -0.168224  0.295510 -0.291372  0.000000 -0.000000 ) 
 ( -0.272972 -0.113313  0.157601 -0.196264  0.343567 -0.000000 ) 
 ( -0.272972 -0.113313  0.157601 -0.196264 -0.343567  0.000000 ) 
     freq (    3) =       6.336915 [THz] =     211.376719 [cm-1]
 ( -0.181008  0.260011  0.104505  0.450353  0.000000  0.000000 ) 
 ( -0.450096 -0.012068  0.259863 -0.020902 -0.268791  0.000000 ) 
 ( -0.450096 -0.012068  0.259863 -0.020902  0.268791  0.000000 ) 
     freq (    4) =       9.284923 [THz] =     309.711709 [cm-1]
 (  0.000000  0.000000  0.000000  0.000000 -0.020324  0.000000 ) 
 ( -0.481907  0.015468  0.278229  0.026791 -0.434961  0.000000 ) 
 (  0.481907 -0.015468 -0.278229 -0.026791 -0.434961  0.000000 ) 
     freq (    5) =       9.639918 [THz] =     321.553040 [cm-1]
 ( -0.000000  0.000000 -0.000000  0.000000 -0.065282  0.000000 ) 
 ( -0.309365 -0.214756  0.178612 -0.371967  0.431022 -0.000000 ) 
 (  0.309365  0.214756 -0.178612  0.371967  0.431022  0.000000 ) 
     freq (    6) =      10.074113 [THz] =     336.036235 [cm-1]
 ( -0.003939 -0.026979  0.002274 -0.046728 -0.000000  0.000000 ) 
 ( -0.168142  0.329194  0.097077  0.570181  0.165417 -0.000000 ) 
 ( -0.168142  0.329194  0.097077  0.570181 -0.165417  0.000000 ) 
     freq (    7) =      10.938111 [THz] =     364.856096 [cm-1]
 ( -0.337029  0.131725  0.194584  0.228154  0.000000 -0.000000 ) 
 (  0.512937  0.094821 -0.296145  0.164234  0.052926  0.000000 ) 
 (  0.512937  0.094821 -0.296145  0.164234 -0.052926  0.000000 ) 
     freq (    8) =      11.069941 [THz] =     369.253479 [cm-1]
 ( -0.000000 -0.000000 -0.000000  0.000000 -0.427064  0.000000 ) 
 ( -0.153043  0.269707  0.088360  0.467146  0.294297  0.000000 ) 
 (  0.153043 -0.269707 -0.088360 -0.467146  0.294297  0.000000 ) 
     freq (    9) =      11.530011 [THz] =     384.599773 [cm-1]
 ( -0.134462 -0.130916  0.077632 -0.226753  0.000000  0.000000 ) 
 (  0.030278  0.070902 -0.017481  0.122806 -0.657524 -0.000000 ) 
 (  0.030278  0.070902 -0.017481  0.122806  0.657524  0.000000 ) 
 **************************************************************************
