Dynamical matrix file
                                                                           
  2    3  0  6.0182490  0.0000000  0.0000000  0.0000000  0.0000000  0.0000000
Basis vectors
      1.000000000    0.000000000    0.000000000
     -0.500000000    0.866025404    0.000000000
      0.000000000    0.000000000    7.270560906
           1  'Mo  '    87443.9605901702     
           2  'S   '    29226.3710682135     
    1    1      0.0000000000      0.5773502692      3.6352804530
    2    2      0.5000000000      0.2886751346      3.1443707363
    3    2      0.5000000000      0.2886751346      4.1261901697

     Dynamical  Matrix in cartesian axes

     q = (    0.125000000   0.216506351   0.000000000 ) 

    1    1
  0.46455596 -0.00000000    0.00597142  0.01745248    0.00000000  0.00000000
  0.00597142 -0.01745248    0.47145116  0.00000000    0.00000000  0.00000000
  0.00000000  0.00000000    0.00000000  0.00000000    0.58315140  0.00000000
    1    2
 -0.17086242  0.02616201    0.01411869  0.01288655    0.01726233  0.04194523
  0.01411869  0.01732274   -0.15455957 -0.02616201   -0.00996641  0.07265127
  0.01437598  0.04881614   -0.00829997  0.08455204   -0.23120880  0.00000000
    1    3
 -0.17086242  0.02616201    0.01411869  0.01288655   -0.01726233 -0.04194523
  0.01411869  0.01732274   -0.15455957 -0.02616201    0.00996641 -0.07265127
 -0.01437598 -0.04881614    0.00829997 -0.08455204   -0.23120880  0.00000000
    2    1
 -0.17086242 -0.02616201    0.01411869 -0.01732274    0.01437598 -0.04881614
  0.01411869 -0.01288655   -0.15455957  0.02616201   -0.00829997 -0.08455204
  0.01726233 -0.04194523   -0.00996641 -0.07265127   -0.23120880 -0.00000000
    2    2
  0.20751949 -0.00000000    0.00910640 -0.00033587   -0.00036944 -0.00339276
  0.00910640  0.00033587    0.21803465  0.00000000    0.00021330 -0.00587643
 -0.00036944  0.00339276    0.00021330  0.00587643    0.30307984  0.00000000
    2    3
  0.00421834  0.00000000    0.00524785  0.00384447    0.00315761 -0.00604225
  0.00524785 -0.00384447    0.01027804 -0.00000000   -0.00182305 -0.01046549
 -0.00315761 -0.00604225    0.00182305 -0.01046549   -0.03893365  0.00000000
    3    1
 -0.17086242 -0.02616201    0.01411869 -0.01732274   -0.01437598  0.04881614
  0.01411869 -0.01288655   -0.15455957  0.02616201    0.00829997  0.08455204
 -0.01726233  0.04194523    0.00996641  0.07265127   -0.23120880 -0.00000000
    3    2
  0.00421834  0.00000000    0.00524785  0.00384447   -0.00315761  0.00604225
  0.00524785 -0.00384447    0.01027804 -0.00000000    0.00182305  0.01046549
  0.00315761  0.00604225   -0.00182305  0.01046549   -0.03893365  0.00000000
    3    3
  0.20751949 -0.00000000    0.00910640 -0.00033587    0.00036944  0.00339276
  0.00910640  0.00033587    0.21803465  0.00000000   -0.00021330  0.00587643
  0.00036944 -0.00339276   -0.00021330 -0.00587643    0.30307984  0.00000000

     Dynamical  Matrix in cartesian axes

     q = (   -0.250000000   0.000000000   0.000000000 ) 

    1    1
  0.47489876  0.00000000   -0.00000000  0.01745248    0.00000000  0.00000000
  0.00000000 -0.01745248    0.46110836  0.00000000    0.00000000  0.00000000
  0.00000000  0.00000000    0.00000000  0.00000000    0.58315140  0.00000000
    1    2
 -0.10352619 -0.10352619    0.02292963 -0.02292963    0.05931951 -0.05931951
  0.01979276 -0.01979276   -0.12658191 -0.12658191    0.01409463  0.01409463
  0.06903645 -0.06903645    0.01173794  0.01173794   -0.16348931 -0.16348931
    1    3
 -0.10352619 -0.10352619    0.02292963 -0.02292963   -0.05931951  0.05931951
  0.01979276 -0.01979276   -0.12658191 -0.12658191   -0.01409463 -0.01409463
 -0.06903645  0.06903645   -0.01173794 -0.01173794   -0.16348931 -0.16348931
    2    1
 -0.10352619  0.10352619    0.01979276  0.01979276    0.06903645  0.06903645
  0.02292963  0.02292963   -0.12658191  0.12658191    0.01173794 -0.01173794
  0.05931951  0.05931951    0.01409463 -0.01409463   -0.16348931  0.16348931
    2    2
  0.22329223  0.00000000    0.00000000 -0.00033587    0.00000000  0.00678552
  0.00000000  0.00033587    0.20226191  0.00000000   -0.00042660  0.00000000
  0.00000000 -0.00678552   -0.00042660  0.00000000    0.30307984  0.00000000
    2    3
  0.01330789 -0.00000000   -0.00000000  0.00384447    0.00000000  0.01208451
  0.00000000 -0.00384447    0.00118850 -0.00000000    0.00364610  0.00000000
  0.00000000  0.01208451   -0.00364610  0.00000000   -0.03893365  0.00000000
    3    1
 -0.10352619  0.10352619    0.01979276  0.01979276   -0.06903645 -0.06903645
  0.02292963  0.02292963   -0.12658191  0.12658191   -0.01173794  0.01173794
 -0.05931951 -0.05931951   -0.01409463  0.01409463   -0.16348931  0.16348931
    3    2
  0.01330789 -0.00000000   -0.00000000  0.00384447    0.00000000 -0.01208451
  0.00000000 -0.00384447    0.00118850 -0.00000000   -0.00364610 -0.00000000
  0.00000000 -0.01208451    0.00364610 -0.00000000   -0.03893365  0.00000000
    3    3
  0.22329223  0.00000000    0.00000000 -0.00033587    0.00000000 -0.00678552
  0.00000000  0.00033587    0.20226191  0.00000000    0.00042660 -0.00000000
  0.00000000  0.00678552    0.00042660 -0.00000000    0.30307984  0.00000000

     Dynamical  Matrix in cartesian axes

     q = (    0.125000000  -0.216506351   0.000000000 ) 

    1    1
  0.46455596  0.00000000   -0.00597142  0.01745248    0.00000000  0.00000000
 -0.00597142 -0.01745248    0.47145116  0.00000000    0.00000000  0.00000000
  0.00000000  0.00000000    0.00000000  0.00000000    0.58315140  0.00000000
    1    2
 -0.13931732  0.10231864   -0.00087125  0.01909559    0.01745345  0.04186607
  0.00226561  0.02223245   -0.09079078  0.12778946   -0.05841952 -0.04432489
  0.02435288  0.04468358   -0.06565629 -0.05391836   -0.16348931  0.16348931
    1    3
 -0.13931732  0.10231864   -0.00087125  0.01909559   -0.01745345 -0.04186607
  0.00226561  0.02223245   -0.09079078  0.12778946    0.05841952  0.04432489
 -0.02435288 -0.04468358    0.06565629  0.05391836   -0.16348931  0.16348931
    2    1
 -0.13931732 -0.10231864    0.00226561 -0.02223245    0.02435288 -0.04468358
 -0.00087125 -0.01909559   -0.09079078 -0.12778946   -0.06565629  0.05391836
  0.01745345 -0.04186607   -0.05841952  0.04432489   -0.16348931 -0.16348931
    2    2
  0.20751949  0.00000000   -0.00910640 -0.00033587    0.00036944 -0.00339276
 -0.00910640  0.00033587    0.21803465  0.00000000    0.00021330  0.00587643
  0.00036944  0.00339276    0.00021330 -0.00587643    0.30307984  0.00000000
    2    3
  0.00421834 -0.00000000   -0.00524785  0.00384447   -0.00315761 -0.00604225
 -0.00524785 -0.00384447    0.01027804 -0.00000000   -0.00182305  0.01046549
  0.00315761 -0.00604225    0.00182305  0.01046549   -0.03893365  0.00000000
    3    1
 -0.13931732 -0.10231864    0.00226561 -0.02223245   -0.02435288  0.04468358
 -0.00087125 -0.01909559   -0.09079078 -0.12778946    0.06565629 -0.05391836
 -0.01745345  0.04186607    0.05841952 -0.04432489   -0.16348931 -0.16348931
    3    2
  0.00421834 -0.00000000   -0.00524785  0.00384447    0.00315761  0.00604225
 -0.00524785 -0.00384447    0.01027804 -0.00000000    0.00182305 -0.01046549
 -0.00315761  0.00604225   -0.00182305 -0.01046549   -0.03893365  0.00000000
    3    3
  0.20751949  0.00000000   -0.00910640 -0.00033587   -0.00036944  0.00339276
 -0.00910640  0.00033587    0.21803465  0.00000000   -0.00021330 -0.00587643
 -0.00036944 -0.00339276   -0.00021330  0.00587643    0.30307984  0.00000000

     Dynamical  Matrix in cartesian axes

     q = (   -0.125000000  -0.216506351   0.000000000 ) 

    1    1
  0.46455596  0.00000000    0.00597142 -0.01745248    0.00000000  0.00000000
  0.00597142  0.01745248    0.47145116 -0.00000000    0.00000000  0.00000000
  0.00000000  0.00000000    0.00000000  0.00000000    0.58315140  0.00000000
    1    2
 -0.17086242 -0.02616201    0.01411869 -0.01288655    0.01726233 -0.04194523
  0.01411869 -0.01732274   -0.15455957  0.02616201   -0.00996641 -0.07265127
  0.01437598 -0.04881614   -0.00829997 -0.08455204   -0.23120880 -0.00000000
    1    3
 -0.17086242 -0.02616201    0.01411869 -0.01288655   -0.01726233  0.04194523
  0.01411869 -0.01732274   -0.15455957  0.02616201    0.00996641  0.07265127
 -0.01437598  0.04881614    0.00829997  0.08455204   -0.23120880 -0.00000000
    2    1
 -0.17086242  0.02616201    0.01411869  0.01732274    0.01437598  0.04881614
  0.01411869  0.01288655   -0.15455957 -0.02616201   -0.00829997  0.08455204
  0.01726233  0.04194523   -0.00996641  0.07265127   -0.23120880  0.00000000
    2    2
  0.20751949  0.00000000    0.00910640  0.00033587   -0.00036944  0.00339276
  0.00910640 -0.00033587    0.21803465 -0.00000000    0.00021330  0.00587643
 -0.00036944 -0.00339276    0.00021330 -0.00587643    0.30307984  0.00000000
    2    3
  0.00421834 -0.00000000    0.00524785 -0.00384447    0.00315761  0.00604225
  0.00524785  0.00384447    0.01027804  0.00000000   -0.00182305  0.01046549
 -0.00315761  0.00604225    0.00182305  0.01046549   -0.03893365  0.00000000
    3    1
 -0.17086242  0.02616201    0.01411869  0.01732274   -0.01437598 -0.04881614
  0.01411869  0.01288655   -0.15455957 -0.02616201    0.00829997 -0.08455204
 -0.01726233 -0.04194523    0.00996641 -0.07265127   -0.23120880  0.00000000
    3    2
  0.00421834 -0.00000000    0.00524785 -0.00384447   -0.00315761 -0.00604225
  0.00524785  0.00384447    0.01027804  0.00000000    0.00182305 -0.01046549
  0.00315761 -0.00604225   -0.00182305 -0.01046549   -0.03893365  0.00000000
    3    3
  0.20751949  0.00000000    0.00910640  0.00033587    0.00036944 -0.00339276
  0.00910640 -0.00033587    0.21803465 -0.00000000   -0.00021330 -0.00587643
  0.00036944  0.00339276   -0.00021330  0.00587643    0.30307984  0.00000000

     Dynamical  Matrix in cartesian axes

     q = (    0.250000000   0.000000000   0.000000000 ) 

    1    1
  0.47489876  0.00000000   -0.00000000 -0.01745248    0.00000000  0.00000000
  0.00000000  0.01745248    0.46110836 -0.00000000    0.00000000  0.00000000
  0.00000000  0.00000000    0.00000000  0.00000000    0.58315140  0.00000000
    1    2
 -0.10352619  0.10352619    0.02292963  0.02292963    0.05931951  0.05931951
  0.01979276  0.01979276   -0.12658191  0.12658191    0.01409463 -0.01409463
  0.06903645  0.06903645    0.01173794 -0.01173794   -0.16348931  0.16348931
    1    3
 -0.10352619  0.10352619    0.02292963  0.02292963   -0.05931951 -0.05931951
  0.01979276  0.01979276   -0.12658191  0.12658191   -0.01409463  0.01409463
 -0.06903645 -0.06903645   -0.01173794  0.01173794   -0.16348931  0.16348931
    2    1
 -0.10352619 -0.10352619    0.01979276 -0.01979276    0.06903645 -0.06903645
  0.02292963 -0.02292963   -0.12658191 -0.12658191    0.01173794  0.01173794
  0.05931951 -0.05931951    0.01409463  0.01409463   -0.16348931 -0.16348931
    2    2
  0.22329223  0.00000000    0.00000000  0.00033587    0.00000000 -0.00678552
  0.00000000 -0.00033587    0.20226191 -0.00000000   -0.00042660 -0.00000000
  0.00000000  0.00678552   -0.00042660 -0.00000000    0.30307984  0.00000000
    2    3
  0.01330789 -0.00000000   -0.00000000 -0.00384447    0.00000000 -0.01208451
  0.00000000  0.00384447    0.00118850  0.00000000    0.00364610 -0.00000000
  0.00000000 -0.01208451   -0.00364610 -0.00000000   -0.03893365  0.00000000
    3    1
 -0.10352619 -0.10352619    0.01979276 -0.01979276   -0.06903645  0.06903645
  0.02292963 -0.02292963   -0.12658191 -0.12658191   -0.01173794 -0.01173794
 -0.05931951  0.05931951   -0.01409463 -0.01409463   -0.16348931 -0.16348931
    3    2
  0.01330789 -0.00000000   -0.00000000 -0.00384447    0.00000000  0.01208451
  0.00000000  0.00384447    0.00118850  0.00000000   -0.00364610  0.00000000
  0.00000000  0.01208451    0.00364610  0.00000000   -0.03893365  0.00000000
    3    3
  0.22329223  0.00000000    0.00000000  0.00033587    0.00000000  0.00678552
  0.00000000 -0.00033587    0.20226191 -0.00000000    0.00042660  0.00000000
  0.00000000 -0.00678552    0.00042660  0.00000000    0.30307984  0.00000000

     Dynamical  Matrix in cartesian axes

     q = (   -0.125000000   0.216506351   0.000000000 ) 

    1    1
  0.46455596 -0.00000000   -0.00597142 -0.01745248    0.00000000  0.00000000
 -0.00597142  0.01745248    0.47145116 -0.00000000    0.00000000  0.00000000
  0.00000000  0.00000000    0.00000000  0.00000000    0.58315140  0.00000000
    1    2
 -0.13931732 -0.10231864   -0.00087125 -0.01909559    0.01745345 -0.04186607
  0.00226561 -0.02223245   -0.09079078 -0.12778946   -0.05841952  0.04432489
  0.02435288 -0.04468358   -0.06565629  0.05391836   -0.16348931 -0.16348931
    1    3
 -0.13931732 -0.10231864   -0.00087125 -0.01909559   -0.01745345  0.04186607
  0.00226561 -0.02223245   -0.09079078 -0.12778946    0.05841952 -0.04432489
 -0.02435288  0.04468358    0.06565629 -0.05391836   -0.16348931 -0.16348931
    2    1
 -0.13931732  0.10231864    0.00226561  0.02223245    0.02435288  0.04468358
 -0.00087125  0.01909559   -0.09079078  0.12778946   -0.06565629 -0.05391836
  0.01745345  0.04186607   -0.05841952 -0.04432489   -0.16348931  0.16348931
    2    2
  0.20751949 -0.00000000   -0.00910640  0.00033587    0.00036944  0.00339276
 -0.00910640 -0.00033587    0.21803465 -0.00000000    0.00021330 -0.00587643
  0.00036944 -0.00339276    0.00021330  0.00587643    0.30307984  0.00000000
    2    3
  0.00421834  0.00000000   -0.00524785 -0.00384447   -0.00315761  0.00604225
 -0.00524785  0.00384447    0.01027804  0.00000000   -0.00182305 -0.01046549
  0.00315761  0.00604225    0.00182305 -0.01046549   -0.03893365  0.00000000
    3    1
 -0.13931732  0.10231864    0.00226561  0.02223245   -0.02435288 -0.04468358
 -0.00087125  0.01909559   -0.09079078  0.12778946    0.06565629  0.05391836
 -0.01745345 -0.04186607    0.05841952  0.04432489   -0.16348931  0.16348931
    3    2
  0.00421834  0.00000000   -0.00524785 -0.00384447    0.00315761 -0.00604225
 -0.00524785  0.00384447    0.01027804  0.00000000    0.00182305  0.01046549
 -0.00315761 -0.00604225   -0.00182305  0.01046549   -0.03893365  0.00000000
    3    3
  0.20751949 -0.00000000   -0.00910640  0.00033587   -0.00036944 -0.00339276
 -0.00910640 -0.00033587    0.21803465 -0.00000000   -0.00021330  0.00587643
 -0.00036944  0.00339276   -0.00021330 -0.00587643    0.30307984  0.00000000

     Diagonalizing the dynamical matrix

     q = (    0.125000000   0.216506351   0.000000000 ) 

 **************************************************************************
     freq (    1) =       1.829568 [THz] =      61.027804 [cm-1]
 ( -0.000000  0.000000  0.000000 -0.000000  0.534497 -0.000000 ) 
 ( -0.053209  0.154340  0.030720  0.267324  0.508034  0.000000 ) 
 (  0.053209 -0.154340 -0.030720 -0.267324  0.508034  0.000000 ) 
     freq (    2) =       3.226198 [THz] =     107.614366 [cm-1]
 (  0.488829  0.010652 -0.282226  0.018449  0.000000  0.000000 ) 
 (  0.496684  0.050650 -0.286761  0.087729 -0.035804  0.000000 ) 
 (  0.496684  0.050650 -0.286761  0.087729  0.035804  0.000000 ) 
     freq (    3) =       4.577438 [THz] =     152.686898 [cm-1]
 ( -0.001902  0.308679  0.001098  0.534647  0.000000 -0.000000 ) 
 ( -0.114542  0.252420  0.066131  0.437204 -0.192551 -0.000000 ) 
 ( -0.114542  0.252420  0.066131  0.437204  0.192551  0.000000 ) 
     freq (    4) =       8.645562 [THz] =     288.384903 [cm-1]
 (  0.000000 -0.000000 -0.000000 -0.000000  0.021794 -0.000000 ) 
 (  0.610863  0.003610 -0.352682  0.006253  0.046615 -0.000000 ) 
 ( -0.610863 -0.003610  0.352682 -0.006253  0.046615  0.000000 ) 
     freq (    5) =       9.245400 [THz] =     308.393348 [cm-1]
 ( -0.000000  0.000000 -0.000000 -0.000000  0.090132 -0.000000 ) 
 ( -0.012392 -0.328116  0.007155 -0.568313  0.255134 -0.000000 ) 
 (  0.012392  0.328116 -0.007155  0.568313  0.255134  0.000000 ) 
     freq (    6) =      10.533164 [THz] =     351.348537 [cm-1]
 (  0.098633  0.101739 -0.056946  0.176217 -0.000000  0.000000 ) 
 ( -0.092216 -0.275482  0.053241 -0.477149 -0.397382  0.000000 ) 
 ( -0.092216 -0.275482  0.053241 -0.477149  0.397382  0.000000 ) 
     freq (    7) =      11.081213 [THz] =     369.629479 [cm-1]
 ( -0.358588  0.071893  0.207031  0.124523 -0.000000  0.000000 ) 
 (  0.537085 -0.062906 -0.310086 -0.108957 -0.059132  0.000000 ) 
 (  0.537085 -0.062906 -0.310086 -0.108957  0.059132  0.000000 ) 
     freq (    8) =      11.847421 [THz] =     395.187440 [cm-1]
 ( -0.056921 -0.137206  0.032864 -0.237647 -0.000000  0.000000 ) 
 (  0.021930  0.135629 -0.012661  0.234916 -0.621263 -0.000000 ) 
 (  0.021930  0.135629 -0.012661  0.234916  0.621263  0.000000 ) 
     freq (    9) =      12.595529 [THz] =     420.141630 [cm-1]
 ( -0.000000 -0.000000  0.000000 -0.000000  0.448669 -0.000000 ) 
 (  0.018497 -0.073538 -0.010679 -0.127372 -0.614215 -0.000000 ) 
 ( -0.018497  0.073538  0.010679  0.127372 -0.614215  0.000000 ) 
 **************************************************************************
