Dynamical matrix file
                                                                           
  2    3  0  6.0182490  0.0000000  0.0000000  0.0000000  0.0000000  0.0000000
Basis vectors
      1.000000000    0.000000000    0.000000000
     -0.500000000    0.866025404    0.000000000
      0.000000000    0.000000000    7.270560906
           1  'Mo  '    87443.9605901702     
           2  'S   '    29226.3710682135     
    1    1      0.0000000000      0.5773502692      3.6352804530
    2    2      0.5000000000      0.2886751346      3.1443707363
    3    2      0.5000000000      0.2886751346      4.1261901697

     Dynamical  Matrix in cartesian axes

     q = (   -0.000000000   0.433012702   0.000000000 ) 

    1    1
  0.48705271  0.00000000    0.00000000  0.00000000    0.00000000  0.00000000
  0.00000000  0.00000000    0.55249185  0.00000000    0.00000000  0.00000000
  0.00000000  0.00000000    0.00000000  0.00000000    0.52868828  0.00000000
    1    2
 -0.15507328 -0.02978993   -0.00000000  0.00000000    0.00000000  0.00000000
  0.00000000  0.00000000   -0.03267872 -0.05792579   -0.11363199  0.04864388
  0.00000000  0.00000000   -0.11806987  0.05383739   -0.11256237 -0.06319784
    1    3
 -0.15507328 -0.02978993   -0.00000000 -0.00000000    0.00000000  0.00000000
  0.00000000  0.00000000   -0.03267872 -0.05792579    0.11363199 -0.04864388
  0.00000000  0.00000000    0.11806987 -0.05383739   -0.11256237 -0.06319784
    2    1
 -0.15507328  0.02978993   -0.00000000 -0.00000000    0.00000000  0.00000000
  0.00000000  0.00000000   -0.03267872  0.05792579   -0.11806987 -0.05383739
  0.00000000  0.00000000   -0.11363199 -0.04864388   -0.11256237  0.06319784
    2    2
  0.20542012  0.00000000   -0.00000000  0.00000000    0.00000000  0.00000000
  0.00000000  0.00000000    0.26040813  0.00000000    0.00200577 -0.00494614
  0.00000000  0.00000000    0.00200577  0.00494614    0.27592096  0.00000000
    2    3
 -0.00702868  0.00000000   -0.00000000  0.00000000    0.00000000  0.00000000
  0.00000000  0.00000000    0.01900298 -0.00000000   -0.01009346 -0.00888082
  0.00000000  0.00000000    0.01009346 -0.00888082   -0.03779039  0.00000000
    3    1
 -0.15507328  0.02978993   -0.00000000  0.00000000    0.00000000  0.00000000
  0.00000000  0.00000000   -0.03267872  0.05792579    0.11806987  0.05383739
  0.00000000  0.00000000    0.11363199  0.04864388   -0.11256237  0.06319784
    3    2
 -0.00702868  0.00000000   -0.00000000  0.00000000    0.00000000  0.00000000
  0.00000000  0.00000000    0.01900298 -0.00000000    0.01009346  0.00888082
  0.00000000  0.00000000   -0.01009346  0.00888082   -0.03779039  0.00000000
    3    3
  0.20542012  0.00000000   -0.00000000  0.00000000    0.00000000  0.00000000
  0.00000000  0.00000000    0.26040813  0.00000000   -0.00200577  0.00494614
  0.00000000  0.00000000   -0.00200577 -0.00494614    0.27592096  0.00000000

     Dynamical  Matrix in cartesian axes

     q = (    0.000000000  -0.433012702   0.000000000 ) 

    1    1
  0.48705271  0.00000000    0.00000000  0.00000000    0.00000000  0.00000000
  0.00000000  0.00000000    0.55249185  0.00000000    0.00000000  0.00000000
  0.00000000  0.00000000    0.00000000  0.00000000    0.52868828  0.00000000
    1    2
 -0.15507328  0.02978993   -0.00000000 -0.00000000    0.00000000  0.00000000
  0.00000000  0.00000000   -0.03267872  0.05792579   -0.11363199 -0.04864388
  0.00000000  0.00000000   -0.11806987 -0.05383739   -0.11256237  0.06319784
    1    3
 -0.15507328  0.02978993   -0.00000000  0.00000000    0.00000000  0.00000000
  0.00000000  0.00000000   -0.03267872  0.05792579    0.11363199  0.04864388
  0.00000000  0.00000000    0.11806987  0.05383739   -0.11256237  0.06319784
    2    1
 -0.15507328 -0.02978993   -0.00000000  0.00000000    0.00000000  0.00000000
  0.00000000  0.00000000   -0.03267872 -0.05792579   -0.11806987  0.05383739
  0.00000000  0.00000000   -0.11363199  0.04864388   -0.11256237 -0.06319784
    2    2
  0.20542012  0.00000000   -0.00000000  0.00000000    0.00000000  0.00000000
  0.00000000  0.00000000    0.26040813  0.00000000    0.00200577  0.00494614
  0.00000000  0.00000000    0.00200577 -0.00494614    0.27592096  0.00000000
    2    3
 -0.00702868  0.00000000   -0.00000000  0.00000000    0.00000000  0.00000000
  0.00000000  0.00000000    0.01900298  0.00000000   -0.01009346  0.00888082
  0.00000000  0.00000000    0.01009346  0.00888082   -0.03779039  0.00000000
    3    1
 -0.15507328 -0.02978993   -0.00000000 -0.00000000    0.00000000  0.00000000
  0.00000000  0.00000000   -0.03267872 -0.05792579    0.11806987 -0.05383739
  0.00000000  0.00000000    0.11363199 -0.04864388   -0.11256237 -0.06319784
    3    2
 -0.00702868  0.00000000   -0.00000000  0.00000000    0.00000000  0.00000000
  0.00000000  0.00000000    0.01900298  0.00000000    0.01009346 -0.00888082
  0.00000000  0.00000000   -0.01009346 -0.00888082   -0.03779039  0.00000000
    3    3
  0.20542012  0.00000000   -0.00000000  0.00000000    0.00000000  0.00000000
  0.00000000  0.00000000    0.26040813  0.00000000   -0.00200577 -0.00494614
  0.00000000  0.00000000   -0.00200577  0.00494614    0.27592096  0.00000000

     Dynamical  Matrix in cartesian axes

     q = (   -0.375000000  -0.216506351   0.000000000 ) 

    1    1
  0.53613207  0.00000000    0.02833598  0.00000000    0.00000000  0.00000000
  0.02833598  0.00000000    0.50341250  0.00000000    0.00000000  0.00000000
  0.00000000  0.00000000    0.00000000  0.00000000    0.52868828  0.00000000
    1    2
 -0.06327736 -0.05089182    0.05299840 -0.01218318    0.09840819 -0.04212683
  0.05299840 -0.01218318   -0.12447464 -0.03682390    0.05681600 -0.02432194
  0.10225150 -0.04662454    0.05903493 -0.02691869   -0.11256237 -0.06319784
    1    3
 -0.06327736 -0.05089182    0.05299840 -0.01218318   -0.09840819  0.04212683
  0.05299840 -0.01218318   -0.12447464 -0.03682390   -0.05681600  0.02432194
 -0.10225150  0.04662454   -0.05903493  0.02691869   -0.11256237 -0.06319784
    2    1
 -0.06327736  0.05089182    0.05299840  0.01218318    0.10225150  0.04662454
  0.05299840  0.01218318   -0.12447464  0.03682390    0.05903493  0.02691869
  0.09840819  0.04212683    0.05681600  0.02432194   -0.11256237  0.06319784
    2    2
  0.24666113  0.00000000    0.02381050  0.00000000   -0.00173705  0.00428349
  0.02381050  0.00000000    0.21916712  0.00000000   -0.00100289  0.00247307
 -0.00173705 -0.00428349   -0.00100289 -0.00247307    0.27592096  0.00000000
    2    3
  0.01249506 -0.00000000    0.01127204 -0.00000000    0.00874119  0.00769101
  0.01127204 -0.00000000   -0.00052077 -0.00000000    0.00504673  0.00444041
 -0.00874119  0.00769101   -0.00504673  0.00444041   -0.03779039  0.00000000
    3    1
 -0.06327736  0.05089182    0.05299840  0.01218318   -0.10225150 -0.04662454
  0.05299840  0.01218318   -0.12447464  0.03682390   -0.05903493 -0.02691869
 -0.09840819 -0.04212683   -0.05681600 -0.02432194   -0.11256237  0.06319784
    3    2
  0.01249506 -0.00000000    0.01127204 -0.00000000   -0.00874119 -0.00769101
  0.01127204 -0.00000000   -0.00052077 -0.00000000   -0.00504673 -0.00444041
  0.00874119 -0.00769101    0.00504673 -0.00444041   -0.03779039  0.00000000
    3    3
  0.24666113  0.00000000    0.02381050  0.00000000    0.00173705 -0.00428349
  0.02381050  0.00000000    0.21916712  0.00000000    0.00100289 -0.00247307
  0.00173705  0.00428349    0.00100289  0.00247307    0.27592096  0.00000000

     Dynamical  Matrix in cartesian axes

     q = (    0.375000000   0.216506351   0.000000000 ) 

    1    1
  0.53613207  0.00000000    0.02833598  0.00000000    0.00000000  0.00000000
  0.02833598  0.00000000    0.50341250  0.00000000    0.00000000  0.00000000
  0.00000000  0.00000000    0.00000000  0.00000000    0.52868828  0.00000000
    1    2
 -0.06327736  0.05089182    0.05299840  0.01218318    0.09840819  0.04212683
  0.05299840  0.01218318   -0.12447464  0.03682390    0.05681600  0.02432194
  0.10225150  0.04662454    0.05903493  0.02691869   -0.11256237  0.06319784
    1    3
 -0.06327736  0.05089182    0.05299840  0.01218318   -0.09840819 -0.04212683
  0.05299840  0.01218318   -0.12447464  0.03682390   -0.05681600 -0.02432194
 -0.10225150 -0.04662454   -0.05903493 -0.02691869   -0.11256237  0.06319784
    2    1
 -0.06327736 -0.05089182    0.05299840 -0.01218318    0.10225150 -0.04662454
  0.05299840 -0.01218318   -0.12447464 -0.03682390    0.05903493 -0.02691869
  0.09840819 -0.04212683    0.05681600 -0.02432194   -0.11256237 -0.06319784
    2    2
  0.24666113  0.00000000    0.02381050  0.00000000   -0.00173705 -0.00428349
  0.02381050  0.00000000    0.21916712  0.00000000   -0.00100289 -0.00247307
 -0.00173705  0.00428349   -0.00100289  0.00247307    0.27592096  0.00000000
    2    3
  0.01249506  0.00000000    0.01127204  0.00000000    0.00874119 -0.00769101
  0.01127204  0.00000000   -0.00052077  0.00000000    0.00504673 -0.00444041
 -0.00874119 -0.00769101   -0.00504673 -0.00444041   -0.03779039  0.00000000
    3    1
 -0.06327736 -0.05089182    0.05299840 -0.01218318   -0.10225150  0.04662454
  0.05299840 -0.01218318   -0.12447464 -0.03682390   -0.05903493  0.02691869
 -0.09840819  0.04212683   -0.05681600  0.02432194   -0.11256237 -0.06319784
    3    2
  0.01249506  0.00000000    0.01127204  0.00000000   -0.00874119  0.00769101
  0.01127204  0.00000000   -0.00052077  0.00000000   -0.00504673  0.00444041
  0.00874119  0.00769101    0.00504673  0.00444041   -0.03779039  0.00000000
    3    3
  0.24666113  0.00000000    0.02381050  0.00000000    0.00173705  0.00428349
  0.02381050  0.00000000    0.21916712  0.00000000    0.00100289  0.00247307
  0.00173705 -0.00428349    0.00100289 -0.00247307    0.27592096  0.00000000

     Dynamical  Matrix in cartesian axes

     q = (    0.375000000  -0.216506351   0.000000000 ) 

    1    1
  0.53613207  0.00000000   -0.02833598  0.00000000    0.00000000  0.00000000
 -0.02833598  0.00000000    0.50341250  0.00000000    0.00000000  0.00000000
  0.00000000  0.00000000    0.00000000  0.00000000    0.52868828  0.00000000
    1    2
  0.00875790  0.08072980    0.04609034  0.02886072    0.09937327  0.03979693
  0.04609034  0.02886072    0.06197844  0.11405529   -0.05737318 -0.02297677
  0.10527126  0.03933420   -0.06077839 -0.02270961    0.03490599  0.12428124
    1    3
  0.00875790  0.08072980    0.04609034  0.02886072   -0.09937327 -0.03979693
  0.04609034  0.02886072    0.06197844  0.11405529    0.05737318  0.02297677
 -0.10527126 -0.03933420    0.06077839  0.02270961    0.03490599  0.12428124
    2    1
  0.00875790 -0.08072980    0.04609034 -0.02886072    0.10527126 -0.03933420
  0.04609034 -0.02886072    0.06197844 -0.11405529   -0.06077839  0.02270961
  0.09937327 -0.03979693   -0.05737318  0.02297677    0.03490599 -0.12428124
    2    2
  0.24666113  0.00000000   -0.02381050  0.00000000    0.00173705 -0.00428349
 -0.02381050  0.00000000    0.21916712  0.00000000   -0.00100289  0.00247307
  0.00173705  0.00428349   -0.00100289 -0.00247307    0.27592096  0.00000000
    2    3
  0.01249506 -0.00000000   -0.01127204  0.00000000   -0.00874119 -0.00769101
 -0.01127204  0.00000000   -0.00052077 -0.00000000    0.00504673  0.00444041
  0.00874119 -0.00769101   -0.00504673  0.00444041   -0.03779039  0.00000000
    3    1
  0.00875790 -0.08072980    0.04609034 -0.02886072   -0.10527126  0.03933420
  0.04609034 -0.02886072    0.06197844 -0.11405529    0.06077839 -0.02270961
 -0.09937327  0.03979693    0.05737318 -0.02297677    0.03490599 -0.12428124
    3    2
  0.01249506 -0.00000000   -0.01127204  0.00000000    0.00874119  0.00769101
 -0.01127204  0.00000000   -0.00052077 -0.00000000   -0.00504673 -0.00444041
 -0.00874119  0.00769101    0.00504673 -0.00444041   -0.03779039  0.00000000
    3    3
  0.24666113  0.00000000   -0.02381050  0.00000000   -0.00173705  0.00428349
 -0.02381050  0.00000000    0.21916712  0.00000000    0.00100289 -0.00247307
 -0.00173705 -0.00428349    0.00100289  0.00247307    0.27592096  0.00000000

     Dynamical  Matrix in cartesian axes

     q = (   -0.375000000   0.216506351   0.000000000 ) 

    1    1
  0.53613207  0.00000000   -0.02833598  0.00000000    0.00000000  0.00000000
 -0.02833598  0.00000000    0.50341250  0.00000000    0.00000000  0.00000000
  0.00000000  0.00000000    0.00000000  0.00000000    0.52868828  0.00000000
    1    2
  0.00875790 -0.08072980    0.04609034 -0.02886072    0.09937327 -0.03979693
  0.04609034 -0.02886072    0.06197844 -0.11405529   -0.05737318  0.02297677
  0.10527126 -0.03933420   -0.06077839  0.02270961    0.03490599 -0.12428124
    1    3
  0.00875790 -0.08072980    0.04609034 -0.02886072   -0.09937327  0.03979693
  0.04609034 -0.02886072    0.06197844 -0.11405529    0.05737318 -0.02297677
 -0.10527126  0.03933420    0.06077839 -0.02270961    0.03490599 -0.12428124
    2    1
  0.00875790  0.08072980    0.04609034  0.02886072    0.10527126  0.03933420
  0.04609034  0.02886072    0.06197844  0.11405529   -0.06077839 -0.02270961
  0.09937327  0.03979693   -0.05737318 -0.02297677    0.03490599  0.12428124
    2    2
  0.24666113  0.00000000   -0.02381050  0.00000000    0.00173705  0.00428349
 -0.02381050  0.00000000    0.21916712  0.00000000   -0.00100289 -0.00247307
  0.00173705 -0.00428349   -0.00100289  0.00247307    0.27592096  0.00000000
    2    3
  0.01249506  0.00000000   -0.01127204 -0.00000000   -0.00874119  0.00769101
 -0.01127204 -0.00000000   -0.00052077  0.00000000    0.00504673 -0.00444041
  0.00874119  0.00769101   -0.00504673 -0.00444041   -0.03779039  0.00000000
    3    1
  0.00875790  0.08072980    0.04609034  0.02886072   -0.10527126 -0.03933420
  0.04609034  0.02886072    0.06197844  0.11405529    0.06077839  0.02270961
 -0.09937327 -0.03979693    0.05737318  0.02297677    0.03490599  0.12428124
    3    2
  0.01249506  0.00000000   -0.01127204 -0.00000000    0.00874119 -0.00769101
 -0.01127204 -0.00000000   -0.00052077  0.00000000   -0.00504673  0.00444041
 -0.00874119 -0.00769101    0.00504673  0.00444041   -0.03779039  0.00000000
    3    3
  0.24666113  0.00000000   -0.02381050  0.00000000   -0.00173705 -0.00428349
 -0.02381050  0.00000000    0.21916712  0.00000000    0.00100289  0.00247307
 -0.00173705  0.00428349    0.00100289 -0.00247307    0.27592096  0.00000000

     Diagonalizing the dynamical matrix

     q = (   -0.000000000   0.433012702   0.000000000 ) 

 **************************************************************************
     freq (    1) =       4.249535 [THz] =     141.749215 [cm-1]
 (  0.000000  0.000000 -0.000000  0.000000  0.486264  0.278066 ) 
 (  0.000000  0.000000  0.237810  0.336223  0.416551 -0.000000 ) 
 (  0.000000  0.000000 -0.237810 -0.336223  0.416551  0.000000 ) 
     freq (    2) =       4.314303 [THz] =     143.909667 [cm-1]
 (  0.467248  0.295342  0.000000  0.000000 -0.000000 -0.000000 ) 
 (  0.548549  0.215221 -0.000000 -0.000000 -0.000000  0.000000 ) 
 (  0.548549  0.215221  0.000000  0.000000 -0.000000  0.000000 ) 
     freq (    3) =       6.506445 [THz] =     217.031647 [cm-1]
 ( -0.000000  0.000000  0.617257 -0.294154  0.000000 -0.000000 ) 
 ( -0.000000  0.000000 -0.012536 -0.285046  0.429913 -0.000000 ) 
 (  0.000000 -0.000000 -0.012536 -0.285046 -0.429913  0.000000 ) 
     freq (    4) =       8.869819 [THz] =     295.865301 [cm-1]
 ( -0.000000  0.000000  0.000000 -0.000000 -0.000000 -0.000000 ) 
 (  0.662097 -0.248249  0.000000  0.000000 -0.000000 -0.000000 ) 
 ( -0.662097  0.248249  0.000000 -0.000000 -0.000000  0.000000 ) 
     freq (    5) =       9.730364 [THz] =     324.569992 [cm-1]
 ( -0.000000  0.000000 -0.000000  0.000000 -0.003111 -0.009841 ) 
 (  0.000000 -0.000000 -0.297482 -0.395928  0.504671  0.000000 ) 
 ( -0.000000  0.000000  0.297482  0.395928  0.504671  0.000000 ) 
     freq (    6) =      10.300795 [THz] =     343.597550 [cm-1]
 (  0.000000  0.000000  0.078871  0.039048 -0.000000 -0.000000 ) 
 ( -0.000000 -0.000000 -0.221350  0.611842  0.269778  0.000000 ) 
 ( -0.000000  0.000000 -0.221350  0.611842 -0.269778  0.000000 ) 
     freq (    7) =      10.730236 [THz] =     357.922134 [cm-1]
 ( -0.434574  0.116751  0.000000 -0.000000  0.000000  0.000000 ) 
 (  0.567988 -0.275947  0.000000  0.000000 -0.000000 -0.000000 ) 
 (  0.567988 -0.275947  0.000000  0.000000 -0.000000  0.000000 ) 
     freq (    8) =      11.413974 [THz] =     380.729205 [cm-1]
 (  0.000000 -0.000000 -0.000000  0.000000  0.389883  0.210065 ) 
 ( -0.000000  0.000000 -0.282376 -0.359815 -0.439009 -0.000000 ) 
 ( -0.000000  0.000000  0.282376  0.359815 -0.439009  0.000000 ) 
     freq (    9) =      11.814676 [THz] =     394.095171 [cm-1]
 (  0.000000 -0.000000  0.301088 -0.104772  0.000000  0.000000 ) 
 ( -0.000000  0.000000 -0.117118  0.188424 -0.632427 -0.000000 ) 
 ( -0.000000  0.000000 -0.117118  0.188424  0.632427  0.000000 ) 
 **************************************************************************
