   8   8   1
  10
   0.000000000000000E+00   0.000000000000000E+00   0.000000000000000E+00
   0.000000000000000E+00   0.144337567296733E+00   0.000000000000000E+00
   0.000000000000000E+00   0.288675134593466E+00   0.000000000000000E+00
   0.000000000000000E+00   0.433012701890198E+00   0.000000000000000E+00
   0.000000000000000E+00  -0.577350269186931E+00   0.000000000000000E+00
   0.125000000000000E+00   0.216506350945099E+00   0.000000000000000E+00
   0.125000000000000E+00   0.360843918241832E+00   0.000000000000000E+00
   0.125000000000000E+00   0.505181485538565E+00   0.000000000000000E+00
   0.250000000000000E+00   0.433012701890198E+00   0.000000000000000E+00
   0.250000000000000E+00   0.577350269186931E+00   0.000000000000000E+00
