Dynamical matrix file
                                                                           
  2    3  0  6.0182490  0.0000000  0.0000000  0.0000000  0.0000000  0.0000000
Basis vectors
      1.000000000    0.000000000    0.000000000
     -0.500000000    0.866025404    0.000000000
      0.000000000    0.000000000    7.270560906
           1  'Mo  '    87443.9605901702     
           2  'S   '    29226.3710682135     
    1    1      0.0000000000      0.5773502692      3.6352804530
    2    2      0.5000000000      0.2886751346      3.1443707363
    3    2      0.5000000000      0.2886751346      4.1261901697

     Dynamical  Matrix in cartesian axes

     q = (   -0.000000000   0.144337567   0.000000000 ) 

    1    1
  0.42584900  0.00000000   -0.00000000  0.00000000    0.00000000  0.00000000
  0.00000000  0.00000000    0.43846434  0.00000000    0.00000000  0.00000000
  0.00000000  0.00000000    0.00000000  0.00000000    0.60261857  0.00000000
    1    2
 -0.19323256 -0.03196165    0.00000000 -0.00000000    0.00000000  0.00000000
  0.00000000  0.00000000   -0.17351732 -0.06211005   -0.01991888  0.04785900
  0.00000000  0.00000000   -0.02169844  0.05975695   -0.26934456 -0.07028687
    1    3
 -0.19323256 -0.03196165   -0.00000000 -0.00000000    0.00000000  0.00000000
  0.00000000  0.00000000   -0.17351732 -0.06211005    0.01991888 -0.04785900
  0.00000000  0.00000000    0.02169844 -0.05975695   -0.26934456 -0.07028687
    2    1
 -0.19323256  0.03196165   -0.00000000  0.00000000    0.00000000  0.00000000
  0.00000000  0.00000000   -0.17351732  0.06211005   -0.02169844 -0.05975695
  0.00000000  0.00000000   -0.01991888 -0.04785900   -0.26934456  0.07028687
    2    2
  0.19807839  0.00000000   -0.00000000  0.00000000    0.00000000  0.00000000
  0.00000000  0.00000000    0.20715878  0.00000000   -0.00015046 -0.00476167
  0.00000000  0.00000000   -0.00015046  0.00476167    0.32176180  0.00000000
    2    3
  0.00542273  0.00000000    0.00000000  0.00000000    0.00000000  0.00000000
  0.00000000  0.00000000    0.01125233  0.00000000   -0.00133219 -0.00889799
  0.00000000  0.00000000    0.00133219 -0.00889799   -0.03857609  0.00000000
    3    1
 -0.19323256  0.03196165    0.00000000  0.00000000    0.00000000  0.00000000
  0.00000000  0.00000000   -0.17351732  0.06211005    0.02169844  0.05975695
  0.00000000  0.00000000    0.01991888  0.04785900   -0.26934456  0.07028687
    3    2
  0.00542273  0.00000000    0.00000000  0.00000000    0.00000000  0.00000000
  0.00000000  0.00000000    0.01125233  0.00000000    0.00133219  0.00889799
  0.00000000  0.00000000   -0.00133219  0.00889799   -0.03857609  0.00000000
    3    3
  0.19807839  0.00000000   -0.00000000  0.00000000    0.00000000  0.00000000
  0.00000000  0.00000000    0.20715878  0.00000000    0.00015046  0.00476167
  0.00000000  0.00000000    0.00015046 -0.00476167    0.32176180  0.00000000

     Dynamical  Matrix in cartesian axes

     q = (    0.000000000  -0.144337567   0.000000000 ) 

    1    1
  0.42584900  0.00000000   -0.00000000  0.00000000    0.00000000  0.00000000
  0.00000000  0.00000000    0.43846434  0.00000000    0.00000000  0.00000000
  0.00000000  0.00000000    0.00000000  0.00000000    0.60261857  0.00000000
    1    2
 -0.19323256  0.03196165    0.00000000  0.00000000    0.00000000  0.00000000
  0.00000000  0.00000000   -0.17351732  0.06211005   -0.01991888 -0.04785900
  0.00000000  0.00000000   -0.02169844 -0.05975695   -0.26934456  0.07028687
    1    3
 -0.19323256  0.03196165   -0.00000000  0.00000000    0.00000000  0.00000000
  0.00000000  0.00000000   -0.17351732  0.06211005    0.01991888  0.04785900
  0.00000000  0.00000000    0.02169844  0.05975695   -0.26934456  0.07028687
    2    1
 -0.19323256 -0.03196165   -0.00000000 -0.00000000    0.00000000  0.00000000
  0.00000000  0.00000000   -0.17351732 -0.06211005   -0.02169844  0.05975695
  0.00000000  0.00000000   -0.01991888  0.04785900   -0.26934456 -0.07028687
    2    2
  0.19807839  0.00000000   -0.00000000  0.00000000    0.00000000  0.00000000
  0.00000000  0.00000000    0.20715878  0.00000000   -0.00015046  0.00476167
  0.00000000  0.00000000   -0.00015046 -0.00476167    0.32176180  0.00000000
    2    3
  0.00542273  0.00000000    0.00000000  0.00000000    0.00000000  0.00000000
  0.00000000  0.00000000    0.01125233 -0.00000000   -0.00133219  0.00889799
  0.00000000  0.00000000    0.00133219  0.00889799   -0.03857609  0.00000000
    3    1
 -0.19323256 -0.03196165    0.00000000 -0.00000000    0.00000000  0.00000000
  0.00000000  0.00000000   -0.17351732 -0.06211005    0.02169844 -0.05975695
  0.00000000  0.00000000    0.01991888 -0.04785900   -0.26934456 -0.07028687
    3    2
  0.00542273  0.00000000    0.00000000  0.00000000    0.00000000  0.00000000
  0.00000000  0.00000000    0.01125233 -0.00000000    0.00133219 -0.00889799
  0.00000000  0.00000000   -0.00133219 -0.00889799   -0.03857609  0.00000000
    3    3
  0.19807839  0.00000000   -0.00000000  0.00000000    0.00000000  0.00000000
  0.00000000  0.00000000    0.20715878  0.00000000    0.00015046 -0.00476167
  0.00000000  0.00000000    0.00015046  0.00476167    0.32176180  0.00000000

     Dynamical  Matrix in cartesian axes

     q = (   -0.125000000  -0.072168784   0.000000000 ) 

    1    1
  0.43531051  0.00000000    0.00546260  0.00000000    0.00000000  0.00000000
  0.00546260  0.00000000    0.42900284  0.00000000    0.00000000  0.00000000
  0.00000000  0.00000000    0.00000000  0.00000000    0.60261857  0.00000000
    1    2
 -0.17844613 -0.05457295    0.00853695 -0.01305464    0.01725026 -0.04144711
  0.00853695 -0.01305464   -0.18830375 -0.03949875    0.00995944 -0.02392950
  0.01879140 -0.05175104    0.01084922 -0.02987848   -0.26934456 -0.07028687
    1    3
 -0.17844613 -0.05457295    0.00853695 -0.01305464   -0.01725026  0.04144711
  0.00853695 -0.01305464   -0.18830375 -0.03949875   -0.00995944  0.02392950
 -0.01879140  0.05175104   -0.01084922  0.02987848   -0.26934456 -0.07028687
    2    1
 -0.17844613  0.05457295    0.00853695  0.01305464    0.01879140  0.05175104
  0.00853695  0.01305464   -0.18830375  0.03949875    0.01084922  0.02987848
  0.01725026  0.04144711    0.00995944  0.02392950   -0.26934456  0.07028687
    2    2
  0.20488868  0.00000000    0.00393192  0.00000000    0.00013031  0.00412373
  0.00393192  0.00000000    0.20034849  0.00000000    0.00007523  0.00238083
  0.00013031 -0.00412373    0.00007523 -0.00238083    0.32176180  0.00000000
    2    3
  0.00979493  0.00000000    0.00252429  0.00000000    0.00115371  0.00770589
  0.00252429  0.00000000    0.00688013  0.00000000    0.00066609  0.00444900
 -0.00115371  0.00770589   -0.00066609  0.00444900   -0.03857609  0.00000000
    3    1
 -0.17844613  0.05457295    0.00853695  0.01305464   -0.01879140 -0.05175104
  0.00853695  0.01305464   -0.18830375  0.03949875   -0.01084922 -0.02987848
 -0.01725026 -0.04144711   -0.00995944 -0.02392950   -0.26934456  0.07028687
    3    2
  0.00979493  0.00000000    0.00252429  0.00000000   -0.00115371 -0.00770589
  0.00252429  0.00000000    0.00688013  0.00000000   -0.00066609 -0.00444900
  0.00115371 -0.00770589    0.00066609 -0.00444900   -0.03857609  0.00000000
    3    3
  0.20488868  0.00000000    0.00393192  0.00000000   -0.00013031 -0.00412373
  0.00393192  0.00000000    0.20034849  0.00000000   -0.00007523 -0.00238083
 -0.00013031  0.00412373   -0.00007523  0.00238083    0.32176180  0.00000000

     Dynamical  Matrix in cartesian axes

     q = (    0.125000000   0.072168784   0.000000000 ) 

    1    1
  0.43531051  0.00000000    0.00546260  0.00000000    0.00000000  0.00000000
  0.00546260  0.00000000    0.42900284  0.00000000    0.00000000  0.00000000
  0.00000000  0.00000000    0.00000000  0.00000000    0.60261857  0.00000000
    1    2
 -0.17844613  0.05457295    0.00853695  0.01305464    0.01725026  0.04144711
  0.00853695  0.01305464   -0.18830375  0.03949875    0.00995944  0.02392950
  0.01879140  0.05175104    0.01084922  0.02987848   -0.26934456  0.07028687
    1    3
 -0.17844613  0.05457295    0.00853695  0.01305464   -0.01725026 -0.04144711
  0.00853695  0.01305464   -0.18830375  0.03949875   -0.00995944 -0.02392950
 -0.01879140 -0.05175104   -0.01084922 -0.02987848   -0.26934456  0.07028687
    2    1
 -0.17844613 -0.05457295    0.00853695 -0.01305464    0.01879140 -0.05175104
  0.00853695 -0.01305464   -0.18830375 -0.03949875    0.01084922 -0.02987848
  0.01725026 -0.04144711    0.00995944 -0.02392950   -0.26934456 -0.07028687
    2    2
  0.20488868  0.00000000    0.00393192  0.00000000    0.00013031 -0.00412373
  0.00393192  0.00000000    0.20034849  0.00000000    0.00007523 -0.00238083
  0.00013031  0.00412373    0.00007523  0.00238083    0.32176180  0.00000000
    2    3
  0.00979493 -0.00000000    0.00252429 -0.00000000    0.00115371 -0.00770589
  0.00252429 -0.00000000    0.00688013 -0.00000000    0.00066609 -0.00444900
 -0.00115371 -0.00770589   -0.00066609 -0.00444900   -0.03857609  0.00000000
    3    1
 -0.17844613 -0.05457295    0.00853695 -0.01305464   -0.01879140  0.05175104
  0.00853695 -0.01305464   -0.18830375 -0.03949875   -0.01084922  0.02987848
 -0.01725026  0.04144711   -0.00995944  0.02392950   -0.26934456 -0.07028687
    3    2
  0.00979493 -0.00000000    0.00252429 -0.00000000   -0.00115371  0.00770589
  0.00252429 -0.00000000    0.00688013 -0.00000000   -0.00066609  0.00444900
  0.00115371  0.00770589    0.00066609  0.00444900   -0.03857609  0.00000000
    3    3
  0.20488868  0.00000000    0.00393192  0.00000000   -0.00013031  0.00412373
  0.00393192  0.00000000    0.20034849  0.00000000   -0.00007523  0.00238083
 -0.00013031 -0.00412373   -0.00007523 -0.00238083    0.32176180  0.00000000

     Dynamical  Matrix in cartesian axes

     q = (    0.125000000  -0.072168784   0.000000000 ) 

    1    1
  0.43531051  0.00000000   -0.00546260  0.00000000    0.00000000  0.00000000
 -0.00546260  0.00000000    0.42900284  0.00000000    0.00000000  0.00000000
  0.00000000  0.00000000    0.00000000  0.00000000    0.60261857  0.00000000
    1    2
 -0.16476937  0.08759157    0.00319449  0.01526756    0.01710976  0.04150530
  0.00319449  0.01526756   -0.16108070  0.10522103   -0.00987832 -0.02396310
  0.02330598  0.04988104   -0.01345572 -0.02879883   -0.24015569  0.14075504
    1    3
 -0.16476937  0.08759157    0.00319449  0.01526756   -0.01710976 -0.04150530
  0.00319449  0.01526756   -0.16108070  0.10522103    0.00987832  0.02396310
 -0.02330598 -0.04988104    0.01345572  0.02879883   -0.24015569  0.14075504
    2    1
 -0.16476937 -0.08759157    0.00319449 -0.01526756    0.02330598 -0.04988104
  0.00319449 -0.01526756   -0.16108070 -0.10522103   -0.01345572  0.02879883
  0.01710976 -0.04150530   -0.00987832  0.02396310   -0.24015569 -0.14075504
    2    2
  0.20488868  0.00000000   -0.00393192  0.00000000   -0.00013031 -0.00412373
 -0.00393192  0.00000000    0.20034849  0.00000000    0.00007523  0.00238083
 -0.00013031  0.00412373    0.00007523 -0.00238083    0.32176180  0.00000000
    2    3
  0.00979493  0.00000000   -0.00252429 -0.00000000   -0.00115371 -0.00770589
 -0.00252429 -0.00000000    0.00688013  0.00000000    0.00066609  0.00444900
  0.00115371 -0.00770589   -0.00066609  0.00444900   -0.03857609  0.00000000
    3    1
 -0.16476937 -0.08759157    0.00319449 -0.01526756   -0.02330598  0.04988104
  0.00319449 -0.01526756   -0.16108070 -0.10522103    0.01345572 -0.02879883
 -0.01710976  0.04150530    0.00987832 -0.02396310   -0.24015569 -0.14075504
    3    2
  0.00979493  0.00000000   -0.00252429 -0.00000000    0.00115371  0.00770589
 -0.00252429 -0.00000000    0.00688013  0.00000000   -0.00066609 -0.00444900
 -0.00115371  0.00770589    0.00066609 -0.00444900   -0.03857609  0.00000000
    3    3
  0.20488868  0.00000000   -0.00393192  0.00000000    0.00013031  0.00412373
 -0.00393192  0.00000000    0.20034849  0.00000000   -0.00007523 -0.00238083
  0.00013031 -0.00412373   -0.00007523  0.00238083    0.32176180  0.00000000

     Dynamical  Matrix in cartesian axes

     q = (   -0.125000000   0.072168784   0.000000000 ) 

    1    1
  0.43531051  0.00000000   -0.00546260  0.00000000    0.00000000  0.00000000
 -0.00546260  0.00000000    0.42900284  0.00000000    0.00000000  0.00000000
  0.00000000  0.00000000    0.00000000  0.00000000    0.60261857  0.00000000
    1    2
 -0.16476937 -0.08759157    0.00319449 -0.01526756    0.01710976 -0.04150530
  0.00319449 -0.01526756   -0.16108070 -0.10522103   -0.00987832  0.02396310
  0.02330598 -0.04988104   -0.01345572  0.02879883   -0.24015569 -0.14075504
    1    3
 -0.16476937 -0.08759157    0.00319449 -0.01526756   -0.01710976  0.04150530
  0.00319449 -0.01526756   -0.16108070 -0.10522103    0.00987832 -0.02396310
 -0.02330598  0.04988104    0.01345572 -0.02879883   -0.24015569 -0.14075504
    2    1
 -0.16476937  0.08759157    0.00319449  0.01526756    0.02330598  0.04988104
  0.00319449  0.01526756   -0.16108070  0.10522103   -0.01345572 -0.02879883
  0.01710976  0.04150530   -0.00987832 -0.02396310   -0.24015569  0.14075504
    2    2
  0.20488868  0.00000000   -0.00393192  0.00000000   -0.00013031  0.00412373
 -0.00393192  0.00000000    0.20034849  0.00000000    0.00007523 -0.00238083
 -0.00013031 -0.00412373    0.00007523  0.00238083    0.32176180  0.00000000
    2    3
  0.00979493 -0.00000000   -0.00252429  0.00000000   -0.00115371  0.00770589
 -0.00252429  0.00000000    0.00688013 -0.00000000    0.00066609 -0.00444900
  0.00115371  0.00770589   -0.00066609 -0.00444900   -0.03857609  0.00000000
    3    1
 -0.16476937  0.08759157    0.00319449  0.01526756   -0.02330598 -0.04988104
  0.00319449  0.01526756   -0.16108070  0.10522103    0.01345572  0.02879883
 -0.01710976 -0.04150530    0.00987832  0.02396310   -0.24015569  0.14075504
    3    2
  0.00979493 -0.00000000   -0.00252429  0.00000000    0.00115371 -0.00770589
 -0.00252429  0.00000000    0.00688013 -0.00000000   -0.00066609  0.00444900
 -0.00115371 -0.00770589    0.00066609  0.00444900   -0.03857609  0.00000000
    3    3
  0.20488868  0.00000000   -0.00393192  0.00000000    0.00013031 -0.00412373
 -0.00393192  0.00000000    0.20034849  0.00000000   -0.00007523  0.00238083
  0.00013031  0.00412373   -0.00007523 -0.00238083    0.32176180  0.00000000

     Diagonalizing the dynamical matrix

     q = (   -0.000000000   0.144337567   0.000000000 ) 

 **************************************************************************
     freq (    1) =      -0.619316 [THz] =     -20.658142 [cm-1]
 ( -0.000000 -0.000000 -0.000000 -0.000000 -0.532557 -0.138839 ) 
 ( -0.000000 -0.000000 -0.020685 -0.214997 -0.549456 -0.000000 ) 
 ( -0.000000 -0.000000  0.020685  0.214997 -0.549456  0.000000 ) 
     freq (    2) =       1.913686 [THz] =      63.833684 [cm-1]
 ( -0.549627 -0.161669 -0.000000  0.000000  0.000000  0.000000 ) 
 ( -0.575239 -0.070619 -0.000000  0.000000  0.000000 -0.000000 ) 
 ( -0.575239 -0.070619 -0.000000  0.000000  0.000000  0.000000 ) 
     freq (    3) =       2.965449 [THz] =      98.916742 [cm-1]
 ( -0.000000  0.000000  0.214227 -0.551061  0.000000  0.000000 ) 
 ( -0.000000  0.000000  0.014538 -0.561629  0.097882  0.000000 ) 
 ( -0.000000  0.000000  0.014538 -0.561629 -0.097882  0.000000 ) 
     freq (    4) =       8.446533 [THz] =     281.746010 [cm-1]
 (  0.000000  0.000000  0.000000 -0.000000 -0.000000 -0.000000 ) 
 ( -0.706560  0.027808  0.000000  0.000000 -0.000000  0.000000 ) 
 (  0.706560 -0.027808 -0.000000 -0.000000 -0.000000  0.000000 ) 
     freq (    5) =       8.736563 [THz] =     291.420372 [cm-1]
 (  0.000000  0.000000 -0.000000  0.000000  0.074272  0.019913 ) 
 ( -0.000000 -0.000000 -0.063841 -0.684765  0.155127 -0.000000 ) 
 (  0.000000  0.000000  0.063841  0.684765  0.155127  0.000000 ) 
     freq (    6) =      10.957088 [THz] =     365.489110 [cm-1]
 (  0.000000 -0.000000 -0.134151  0.278820 -0.000000  0.000000 ) 
 ( -0.000000  0.000000  0.052072 -0.551011 -0.381847  0.000000 ) 
 ( -0.000000  0.000000  0.052072 -0.551011  0.381847  0.000000 ) 
     freq (    7) =      11.153740 [THz] =     372.048723 [cm-1]
 ( -0.228309  0.366009 -0.000000  0.000000 -0.000000  0.000000 ) 
 (  0.244775 -0.589102 -0.000000 -0.000000 -0.000000 -0.000000 ) 
 (  0.244775 -0.589102  0.000000 -0.000000  0.000000  0.000000 ) 
     freq (    8) =      11.821126 [THz] =     394.310327 [cm-1]
 ( -0.000000 -0.000000  0.095470 -0.208950 -0.000000 -0.000000 ) 
 (  0.000000  0.000000 -0.027340  0.248742 -0.641087 -0.000000 ) 
 (  0.000000  0.000000 -0.027340  0.248742  0.641087  0.000000 ) 
     freq (    9) =      13.268743 [THz] =     442.597636 [cm-1]
 (  0.000000  0.000000 -0.000000  0.000000 -0.425205 -0.111037 ) 
 ( -0.000000 -0.000000  0.005920  0.068665  0.631416  0.000000 ) 
 ( -0.000000 -0.000000 -0.005920 -0.068665  0.631416  0.000000 ) 
 **************************************************************************
