Dynamical matrix file
                                                                           
  2    3  0  6.0182490  0.0000000  0.0000000  0.0000000  0.0000000  0.0000000
Basis vectors
      1.000000000    0.000000000    0.000000000
     -0.500000000    0.866025404    0.000000000
      0.000000000    0.000000000    7.270560906
           1  'Mo  '    87443.9605901702     
           2  'S   '    29226.3710682135     
    1    1      0.0000000000      0.5773502692      3.6352804530
    2    2      0.5000000000      0.2886751346      3.1443707363
    3    2      0.5000000000      0.2886751346      4.1261901697

     Dynamical  Matrix in cartesian axes

     q = (   -0.000000000   0.288675135   0.000000000 ) 

    1    1
  0.46349125  0.00000000   -0.00000000  0.00000000    0.00000000  0.00000000
  0.00000000  0.00000000    0.49908371  0.00000000    0.00000000  0.00000000
  0.00000000  0.00000000    0.00000000  0.00000000    0.57278861  0.00000000
    1    2
 -0.17210242 -0.04428886   -0.00000000  0.00000000    0.00000000  0.00000000
  0.00000000  0.00000000   -0.10138609 -0.08444969   -0.06745899  0.06876123
  0.00000000  0.00000000   -0.07195523  0.08075063   -0.18822117 -0.09428296
    1    3
 -0.17210242 -0.04428886   -0.00000000  0.00000000    0.00000000  0.00000000
  0.00000000  0.00000000   -0.10138609 -0.08444969    0.06745899 -0.06876123
  0.00000000  0.00000000    0.07195523 -0.08075063   -0.18822117 -0.09428296
    2    1
 -0.17210242  0.04428886   -0.00000000 -0.00000000    0.00000000  0.00000000
  0.00000000  0.00000000   -0.10138609  0.08444969   -0.07195523 -0.08075063
  0.00000000  0.00000000   -0.06745899 -0.06876123   -0.18822117  0.09428296
    2    2
  0.20191225  0.00000000   -0.00000000  0.00000000    0.00000000  0.00000000
  0.00000000  0.00000000    0.23203294  0.00000000    0.00058953 -0.00682174
  0.00000000  0.00000000    0.00058953  0.00682174    0.29642858  0.00000000
    2    3
 -0.00142876  0.00000000    0.00000000  0.00000000    0.00000000  0.00000000
  0.00000000  0.00000000    0.01542890  0.00000000   -0.00523367 -0.01242940
  0.00000000  0.00000000    0.00523367 -0.01242940   -0.03907508  0.00000000
    3    1
 -0.17210242  0.04428886    0.00000000 -0.00000000    0.00000000  0.00000000
  0.00000000  0.00000000   -0.10138609  0.08444969    0.07195523  0.08075063
  0.00000000  0.00000000    0.06745899  0.06876123   -0.18822117  0.09428296
    3    2
 -0.00142876  0.00000000    0.00000000  0.00000000    0.00000000  0.00000000
  0.00000000  0.00000000    0.01542890  0.00000000    0.00523367  0.01242940
  0.00000000  0.00000000   -0.00523367  0.01242940   -0.03907508  0.00000000
    3    3
  0.20191225  0.00000000   -0.00000000  0.00000000    0.00000000  0.00000000
  0.00000000  0.00000000    0.23203294  0.00000000   -0.00058953  0.00682174
  0.00000000  0.00000000   -0.00058953 -0.00682174    0.29642858  0.00000000

     Dynamical  Matrix in cartesian axes

     q = (    0.000000000  -0.288675135   0.000000000 ) 

    1    1
  0.46349125  0.00000000   -0.00000000  0.00000000    0.00000000  0.00000000
  0.00000000  0.00000000    0.49908371  0.00000000    0.00000000  0.00000000
  0.00000000  0.00000000    0.00000000  0.00000000    0.57278861  0.00000000
    1    2
 -0.17210242  0.04428886   -0.00000000 -0.00000000    0.00000000  0.00000000
  0.00000000  0.00000000   -0.10138609  0.08444969   -0.06745899 -0.06876123
  0.00000000  0.00000000   -0.07195523 -0.08075063   -0.18822117  0.09428296
    1    3
 -0.17210242  0.04428886   -0.00000000 -0.00000000    0.00000000  0.00000000
  0.00000000  0.00000000   -0.10138609  0.08444969    0.06745899  0.06876123
  0.00000000  0.00000000    0.07195523  0.08075063   -0.18822117  0.09428296
    2    1
 -0.17210242 -0.04428886   -0.00000000  0.00000000    0.00000000  0.00000000
  0.00000000  0.00000000   -0.10138609 -0.08444969   -0.07195523  0.08075063
  0.00000000  0.00000000   -0.06745899  0.06876123   -0.18822117 -0.09428296
    2    2
  0.20191225  0.00000000   -0.00000000  0.00000000    0.00000000  0.00000000
  0.00000000  0.00000000    0.23203294  0.00000000    0.00058953  0.00682174
  0.00000000  0.00000000    0.00058953 -0.00682174    0.29642858  0.00000000
    2    3
 -0.00142876  0.00000000    0.00000000  0.00000000    0.00000000  0.00000000
  0.00000000  0.00000000    0.01542890  0.00000000   -0.00523367  0.01242940
  0.00000000  0.00000000    0.00523367  0.01242940   -0.03907508  0.00000000
    3    1
 -0.17210242 -0.04428886    0.00000000  0.00000000    0.00000000  0.00000000
  0.00000000  0.00000000   -0.10138609 -0.08444969    0.07195523 -0.08075063
  0.00000000  0.00000000    0.06745899 -0.06876123   -0.18822117 -0.09428296
    3    2
 -0.00142876  0.00000000    0.00000000  0.00000000    0.00000000  0.00000000
  0.00000000  0.00000000    0.01542890  0.00000000    0.00523367 -0.01242940
  0.00000000  0.00000000   -0.00523367 -0.01242940   -0.03907508  0.00000000
    3    3
  0.20191225  0.00000000   -0.00000000  0.00000000    0.00000000  0.00000000
  0.00000000  0.00000000    0.23203294  0.00000000   -0.00058953 -0.00682174
  0.00000000  0.00000000   -0.00058953  0.00682174    0.29642858  0.00000000

     Dynamical  Matrix in cartesian axes

     q = (   -0.250000000  -0.144337567   0.000000000 ) 

    1    1
  0.49018559  0.00000000    0.01541199  0.00000000    0.00000000  0.00000000
  0.01541199  0.00000000    0.47238936  0.00000000    0.00000000  0.00000000
  0.00000000  0.00000000    0.00000000  0.00000000    0.57278861  0.00000000
    1    2
 -0.11906517 -0.07440948    0.03062107 -0.01739015    0.05842120 -0.05954898
  0.03062107 -0.01739015   -0.15442334 -0.05432907    0.03372950 -0.03438062
  0.06231506 -0.06993210    0.03597762 -0.04037531   -0.18822117 -0.09428296
    1    3
 -0.11906517 -0.07440948    0.03062107 -0.01739015   -0.05842120  0.05954898
  0.03062107 -0.01739015   -0.15442334 -0.05432907   -0.03372950  0.03438062
 -0.06231506  0.06993210   -0.03597762  0.04037531   -0.18822117 -0.09428296
    2    1
 -0.11906517  0.07440948    0.03062107  0.01739015    0.06231506  0.06993210
  0.03062107  0.01739015   -0.15442334  0.05432907    0.03597762  0.04037531
  0.05842120  0.05954898    0.03372950  0.03438062   -0.18822117  0.09428296
    2    2
  0.22450277  0.00000000    0.01304264  0.00000000   -0.00051055  0.00590780
  0.01304264  0.00000000    0.20944243  0.00000000   -0.00029477  0.00341087
 -0.00051055 -0.00590780   -0.00029477 -0.00341087    0.29642858  0.00000000
    2    3
  0.01121449  0.00000000    0.00729958  0.00000000    0.00453249  0.01076418
  0.00729958  0.00000000    0.00278566  0.00000000    0.00261683  0.00621470
 -0.00453249  0.01076418   -0.00261683  0.00621470   -0.03907508  0.00000000
    3    1
 -0.11906517  0.07440948    0.03062107  0.01739015   -0.06231506 -0.06993210
  0.03062107  0.01739015   -0.15442334  0.05432907   -0.03597762 -0.04037531
 -0.05842120 -0.05954898   -0.03372950 -0.03438062   -0.18822117  0.09428296
    3    2
  0.01121449  0.00000000    0.00729958  0.00000000   -0.00453249 -0.01076418
  0.00729958  0.00000000    0.00278566  0.00000000   -0.00261683 -0.00621470
  0.00453249 -0.01076418    0.00261683 -0.00621470   -0.03907508  0.00000000
    3    3
  0.22450277  0.00000000    0.01304264  0.00000000    0.00051055 -0.00590780
  0.01304264  0.00000000    0.20944243  0.00000000    0.00029477 -0.00341087
  0.00051055  0.00590780    0.00029477  0.00341087    0.29642858  0.00000000

     Dynamical  Matrix in cartesian axes

     q = (    0.250000000   0.144337567   0.000000000 ) 

    1    1
  0.49018559  0.00000000    0.01541199  0.00000000    0.00000000  0.00000000
  0.01541199  0.00000000    0.47238936  0.00000000    0.00000000  0.00000000
  0.00000000  0.00000000    0.00000000  0.00000000    0.57278861  0.00000000
    1    2
 -0.11906517  0.07440948    0.03062107  0.01739015    0.05842120  0.05954898
  0.03062107  0.01739015   -0.15442334  0.05432907    0.03372950  0.03438062
  0.06231506  0.06993210    0.03597762  0.04037531   -0.18822117  0.09428296
    1    3
 -0.11906517  0.07440948    0.03062107  0.01739015   -0.05842120 -0.05954898
  0.03062107  0.01739015   -0.15442334  0.05432907   -0.03372950 -0.03438062
 -0.06231506 -0.06993210   -0.03597762 -0.04037531   -0.18822117  0.09428296
    2    1
 -0.11906517 -0.07440948    0.03062107 -0.01739015    0.06231506 -0.06993210
  0.03062107 -0.01739015   -0.15442334 -0.05432907    0.03597762 -0.04037531
  0.05842120 -0.05954898    0.03372950 -0.03438062   -0.18822117 -0.09428296
    2    2
  0.22450277  0.00000000    0.01304264  0.00000000   -0.00051055 -0.00590780
  0.01304264  0.00000000    0.20944243  0.00000000   -0.00029477 -0.00341087
 -0.00051055  0.00590780   -0.00029477  0.00341087    0.29642858  0.00000000
    2    3
  0.01121449  0.00000000    0.00729958  0.00000000    0.00453249 -0.01076418
  0.00729958  0.00000000    0.00278566  0.00000000    0.00261683 -0.00621470
 -0.00453249 -0.01076418   -0.00261683 -0.00621470   -0.03907508  0.00000000
    3    1
 -0.11906517 -0.07440948    0.03062107 -0.01739015   -0.06231506  0.06993210
  0.03062107 -0.01739015   -0.15442334 -0.05432907   -0.03597762  0.04037531
 -0.05842120  0.05954898   -0.03372950  0.03438062   -0.18822117 -0.09428296
    3    2
  0.01121449  0.00000000    0.00729958  0.00000000   -0.00453249  0.01076418
  0.00729958  0.00000000    0.00278566  0.00000000   -0.00261683  0.00621470
  0.00453249  0.01076418    0.00261683  0.00621470   -0.03907508  0.00000000
    3    3
  0.22450277  0.00000000    0.01304264  0.00000000    0.00051055  0.00590780
  0.01304264  0.00000000    0.20944243  0.00000000    0.00029477  0.00341087
  0.00051055 -0.00590780    0.00029477 -0.00341087    0.29642858  0.00000000

     Dynamical  Matrix in cartesian axes

     q = (    0.250000000  -0.144337567   0.000000000 ) 

    1    1
  0.49018559  0.00000000   -0.01541199  0.00000000    0.00000000  0.00000000
 -0.01541199  0.00000000    0.47238936  0.00000000    0.00000000  0.00000000
  0.00000000  0.00000000    0.00000000  0.00000000    0.57278861  0.00000000
    1    2
 -0.07440948  0.11906517    0.01739015  0.03062107    0.05954898  0.05842120
  0.01739015  0.03062107   -0.05432907  0.15442334   -0.03438062 -0.03372950
  0.06993210  0.06231506   -0.04037531 -0.03597762   -0.09428296  0.18822117
    1    3
 -0.07440948  0.11906517    0.01739015  0.03062107   -0.05954898 -0.05842120
  0.01739015  0.03062107   -0.05432907  0.15442334    0.03438062  0.03372950
 -0.06993210 -0.06231506    0.04037531  0.03597762   -0.09428296  0.18822117
    2    1
 -0.07440948 -0.11906517    0.01739015 -0.03062107    0.06993210 -0.06231506
  0.01739015 -0.03062107   -0.05432907 -0.15442334   -0.04037531  0.03597762
  0.05954898 -0.05842120   -0.03438062  0.03372950   -0.09428296 -0.18822117
    2    2
  0.22450277  0.00000000   -0.01304264  0.00000000    0.00051055 -0.00590780
 -0.01304264  0.00000000    0.20944243  0.00000000   -0.00029477  0.00341087
  0.00051055  0.00590780   -0.00029477 -0.00341087    0.29642858  0.00000000
    2    3
  0.01121449  0.00000000   -0.00729958  0.00000000   -0.00453249 -0.01076418
 -0.00729958  0.00000000    0.00278566  0.00000000    0.00261683  0.00621470
  0.00453249 -0.01076418   -0.00261683  0.00621470   -0.03907508  0.00000000
    3    1
 -0.07440948 -0.11906517    0.01739015 -0.03062107   -0.06993210  0.06231506
  0.01739015 -0.03062107   -0.05432907 -0.15442334    0.04037531 -0.03597762
 -0.05954898  0.05842120    0.03438062 -0.03372950   -0.09428296 -0.18822117
    3    2
  0.01121449  0.00000000   -0.00729958  0.00000000    0.00453249  0.01076418
 -0.00729958  0.00000000    0.00278566  0.00000000   -0.00261683 -0.00621470
 -0.00453249  0.01076418    0.00261683 -0.00621470   -0.03907508  0.00000000
    3    3
  0.22450277  0.00000000   -0.01304264  0.00000000   -0.00051055  0.00590780
 -0.01304264  0.00000000    0.20944243  0.00000000    0.00029477 -0.00341087
 -0.00051055 -0.00590780    0.00029477  0.00341087    0.29642858  0.00000000

     Dynamical  Matrix in cartesian axes

     q = (   -0.250000000   0.144337567   0.000000000 ) 

    1    1
  0.49018559  0.00000000   -0.01541199  0.00000000    0.00000000  0.00000000
 -0.01541199  0.00000000    0.47238936  0.00000000    0.00000000  0.00000000
  0.00000000  0.00000000    0.00000000  0.00000000    0.57278861  0.00000000
    1    2
 -0.07440948 -0.11906517    0.01739015 -0.03062107    0.05954898 -0.05842120
  0.01739015 -0.03062107   -0.05432907 -0.15442334   -0.03438062  0.03372950
  0.06993210 -0.06231506   -0.04037531  0.03597762   -0.09428296 -0.18822117
    1    3
 -0.07440948 -0.11906517    0.01739015 -0.03062107   -0.05954898  0.05842120
  0.01739015 -0.03062107   -0.05432907 -0.15442334    0.03438062 -0.03372950
 -0.06993210  0.06231506    0.04037531 -0.03597762   -0.09428296 -0.18822117
    2    1
 -0.07440948  0.11906517    0.01739015  0.03062107    0.06993210  0.06231506
  0.01739015  0.03062107   -0.05432907  0.15442334   -0.04037531 -0.03597762
  0.05954898  0.05842120   -0.03438062 -0.03372950   -0.09428296  0.18822117
    2    2
  0.22450277  0.00000000   -0.01304264  0.00000000    0.00051055  0.00590780
 -0.01304264  0.00000000    0.20944243  0.00000000   -0.00029477 -0.00341087
  0.00051055 -0.00590780   -0.00029477  0.00341087    0.29642858  0.00000000
    2    3
  0.01121449  0.00000000   -0.00729958  0.00000000   -0.00453249  0.01076418
 -0.00729958  0.00000000    0.00278566  0.00000000    0.00261683 -0.00621470
  0.00453249  0.01076418   -0.00261683 -0.00621470   -0.03907508  0.00000000
    3    1
 -0.07440948  0.11906517    0.01739015  0.03062107   -0.06993210 -0.06231506
  0.01739015  0.03062107   -0.05432907  0.15442334    0.04037531  0.03597762
 -0.05954898 -0.05842120    0.03438062  0.03372950   -0.09428296  0.18822117
    3    2
  0.01121449  0.00000000   -0.00729958  0.00000000    0.00453249 -0.01076418
 -0.00729958  0.00000000    0.00278566  0.00000000   -0.00261683  0.00621470
 -0.00453249 -0.01076418    0.00261683  0.00621470   -0.03907508  0.00000000
    3    3
  0.22450277  0.00000000   -0.01304264  0.00000000   -0.00051055 -0.00590780
 -0.01304264  0.00000000    0.20944243  0.00000000    0.00029477  0.00341087
 -0.00051055  0.00590780    0.00029477 -0.00341087    0.29642858  0.00000000

     Diagonalizing the dynamical matrix

     q = (   -0.000000000   0.288675135   0.000000000 ) 

 **************************************************************************
     freq (    1) =       2.428056 [THz] =      80.991241 [cm-1]
 ( -0.000000 -0.000000  0.000000  0.000000  0.477603  0.240011 ) 
 ( -0.000000 -0.000000  0.086094  0.325590  0.493684  0.000000 ) 
 ( -0.000000 -0.000000 -0.086094 -0.325590  0.493684  0.000000 ) 
     freq (    2) =       3.367798 [THz] =     112.337662 [cm-1]
 ( -0.294112 -0.476501  0.000000 -0.000000 -0.000000  0.000000 ) 
 ( -0.422247 -0.406116  0.000000 -0.000000 -0.000000  0.000000 ) 
 ( -0.422247 -0.406116  0.000000 -0.000000 -0.000000  0.000000 ) 
     freq (    3) =       5.233525 [THz] =     174.571619 [cm-1]
 (  0.000000  0.000000  0.421925 -0.473015 -0.000000 -0.000000 ) 
 (  0.000000  0.000000  0.008146 -0.489651  0.243503  0.000000 ) 
 (  0.000000  0.000000  0.008146 -0.489651 -0.243503  0.000000 ) 
     freq (    4) =       8.677609 [THz] =     289.453881 [cm-1]
 ( -0.000000  0.000000 -0.000000  0.000000  0.000000  0.000000 ) 
 (  0.705003  0.054499 -0.000000 -0.000000 -0.000000  0.000000 ) 
 ( -0.705003 -0.054499  0.000000  0.000000  0.000000  0.000000 ) 
     freq (    5) =       9.430777 [THz] =     314.576850 [cm-1]
 ( -0.000000 -0.000000 -0.000000  0.000000 -0.076217 -0.036259 ) 
 (  0.000000  0.000000  0.167322  0.615832 -0.298652  0.000000 ) 
 ( -0.000000 -0.000000 -0.167322 -0.615832 -0.298652  0.000000 ) 
     freq (    6) =      10.459745 [THz] =     348.899540 [cm-1]
 (  0.000000  0.000000 -0.162099  0.108216  0.000000  0.000000 ) 
 ( -0.000000 -0.000000  0.104081 -0.560229 -0.395370  0.000000 ) 
 ( -0.000000 -0.000000  0.104081 -0.560229  0.395370  0.000000 ) 
     freq (    7) =      10.966658 [THz] =     365.808346 [cm-1]
 ( -0.229542 -0.379226 -0.000000 -0.000000  0.000000 -0.000000 ) 
 (  0.452995  0.443334  0.000000 -0.000000 -0.000000  0.000000 ) 
 (  0.452995  0.443334  0.000000 -0.000000  0.000000  0.000000 ) 
     freq (    8) =      11.868405 [THz] =     395.887362 [cm-1]
 (  0.000000 -0.000000 -0.223175  0.198504  0.000000  0.000000 ) 
 (  0.000000  0.000000  0.071083 -0.267252  0.615563 -0.000000 ) 
 ( -0.000000  0.000000  0.071083 -0.267252 -0.615563  0.000000 ) 
     freq (    9) =      12.311579 [THz] =     410.670081 [cm-1]
 ( -0.000000  0.000000 -0.000000 -0.000000  0.404265  0.201749 ) 
 (  0.000000 -0.000000 -0.051928 -0.184701 -0.600935  0.000000 ) 
 (  0.000000 -0.000000  0.051928  0.184701 -0.600935  0.000000 ) 
 **************************************************************************
