Dynamical matrix file
                                                                           
  2    3  0  6.0182490  0.0000000  0.0000000  0.0000000  0.0000000  0.0000000
Basis vectors
      1.000000000    0.000000000    0.000000000
     -0.500000000    0.866025404    0.000000000
      0.000000000    0.000000000    7.270560906
           1  'Mo  '    87443.9605901702     
           2  'S   '    29226.3710682135     
    1    1      0.0000000000      0.5773502692      3.6352804530
    2    2      0.5000000000      0.2886751346      3.1443707363
    3    2      0.5000000000      0.2886751346      4.1261901697

     Dynamical  Matrix in cartesian axes

     q = (    0.125000000   0.505181486   0.000000000 ) 

    1    1
  0.50457572  0.00000000   -0.00119349  0.06122764    0.00000000  0.00000000
 -0.00119349 -0.06122764    0.55874852 -0.00000000    0.00000000  0.00000000
  0.00000000  0.00000000    0.00000000  0.00000000    0.51059513  0.00000000
    1    2
 -0.13151165  0.03772230    0.01310011  0.02180406    0.01570169  0.03931680
  0.01378866  0.02931388   -0.01380076 -0.02975578   -0.10326670  0.07125690
  0.01499165  0.04046554   -0.10580647  0.07458961   -0.08430656 -0.00110870
    1    3
 -0.13151165  0.03772230    0.01310011  0.02180406   -0.01570169 -0.03931680
  0.01378866  0.02931388   -0.01380076 -0.02975578    0.10326670 -0.07125690
 -0.01499165 -0.04046554    0.10580647 -0.07458961   -0.08430656 -0.00110870
    2    1
 -0.13151165 -0.03772230    0.01378866 -0.02931388    0.01499165 -0.04046554
  0.01310011 -0.02180406   -0.01380076  0.02975578   -0.10580647 -0.07458961
  0.01570169 -0.03931680   -0.10326670 -0.07125690   -0.08430656  0.00110870
    2    2
  0.21509031  0.00000000    0.00394823 -0.00189073   -0.00043400 -0.00210212
  0.00394823  0.00189073    0.26662187  0.00000000    0.00224414 -0.00263677
 -0.00043400  0.00210212    0.00224414  0.00263677    0.26633840  0.00000000
    2    3
 -0.00624170  0.00000000    0.00171419  0.00781551    0.00157669 -0.00203020
  0.00171419 -0.00781551    0.01623352  0.00000000   -0.00952758 -0.00432643
 -0.00157669 -0.00203020    0.00952758 -0.00432643   -0.03509231  0.00000000
    3    1
 -0.13151165 -0.03772230    0.01378866 -0.02931388   -0.01499165  0.04046554
  0.01310011 -0.02180406   -0.01380076  0.02975578    0.10580647  0.07458961
 -0.01570169  0.03931680    0.10326670  0.07125690   -0.08430656  0.00110870
    3    2
 -0.00624170  0.00000000    0.00171419  0.00781551   -0.00157669  0.00203020
  0.00171419 -0.00781551    0.01623352  0.00000000    0.00952758  0.00432643
  0.00157669  0.00203020   -0.00952758  0.00432643   -0.03509231  0.00000000
    3    3
  0.21509031  0.00000000    0.00394823 -0.00189073    0.00043400  0.00210212
  0.00394823  0.00189073    0.26662187  0.00000000   -0.00224414  0.00263677
  0.00043400 -0.00210212   -0.00224414 -0.00263677    0.26633840  0.00000000

     Dynamical  Matrix in cartesian axes

     q = (   -0.125000000  -0.505181486   0.000000000 ) 

    1    1
  0.50457572  0.00000000   -0.00119349 -0.06122764    0.00000000  0.00000000
 -0.00119349  0.06122764    0.55874852  0.00000000    0.00000000  0.00000000
  0.00000000  0.00000000    0.00000000  0.00000000    0.51059513  0.00000000
    1    2
 -0.13151165 -0.03772230    0.01310011 -0.02180406    0.01570169 -0.03931680
  0.01378866 -0.02931388   -0.01380076  0.02975578   -0.10326670 -0.07125690
  0.01499165 -0.04046554   -0.10580647 -0.07458961   -0.08430656  0.00110870
    1    3
 -0.13151165 -0.03772230    0.01310011 -0.02180406   -0.01570169  0.03931680
  0.01378866 -0.02931388   -0.01380076  0.02975578    0.10326670  0.07125690
 -0.01499165  0.04046554    0.10580647  0.07458961   -0.08430656  0.00110870
    2    1
 -0.13151165  0.03772230    0.01378866  0.02931388    0.01499165  0.04046554
  0.01310011  0.02180406   -0.01380076 -0.02975578   -0.10580647  0.07458961
  0.01570169  0.03931680   -0.10326670  0.07125690   -0.08430656 -0.00110870
    2    2
  0.21509031  0.00000000    0.00394823  0.00189073   -0.00043400  0.00210212
  0.00394823 -0.00189073    0.26662187 -0.00000000    0.00224414  0.00263677
 -0.00043400 -0.00210212    0.00224414 -0.00263677    0.26633840  0.00000000
    2    3
 -0.00624170  0.00000000    0.00171419 -0.00781551    0.00157669  0.00203020
  0.00171419  0.00781551    0.01623352 -0.00000000   -0.00952758  0.00432643
 -0.00157669  0.00203020    0.00952758  0.00432643   -0.03509231  0.00000000
    3    1
 -0.13151165  0.03772230    0.01378866  0.02931388   -0.01499165 -0.04046554
  0.01310011  0.02180406   -0.01380076 -0.02975578    0.10580647 -0.07458961
 -0.01570169 -0.03931680    0.10326670 -0.07125690   -0.08430656 -0.00110870
    3    2
 -0.00624170  0.00000000    0.00171419 -0.00781551   -0.00157669 -0.00203020
  0.00171419  0.00781551    0.01623352 -0.00000000    0.00952758 -0.00432643
  0.00157669 -0.00203020   -0.00952758 -0.00432643   -0.03509231  0.00000000
    3    3
  0.21509031  0.00000000    0.00394823  0.00189073    0.00043400 -0.00210212
  0.00394823 -0.00189073    0.26662187 -0.00000000   -0.00224414 -0.00263677
  0.00043400  0.00210212   -0.00224414  0.00263677    0.26633840  0.00000000

     Dynamical  Matrix in cartesian axes

     q = (   -0.500000000  -0.144337567   0.000000000 ) 

    1    1
  0.54417173 -0.00000000    0.02405425  0.06122764    0.00000000  0.00000000
  0.02405425 -0.06122764    0.51915251 -0.00000000    0.00000000  0.00000000
  0.00000000  0.00000000    0.00000000  0.00000000    0.51059513  0.00000000
    1    2
 -0.02887383 -0.01579453    0.06339715 -0.00130774    0.11522265  0.00014994
  0.05857378  0.00448938   -0.07951074 -0.08132367    0.04724217  0.04500898
  0.11947597 -0.00049074    0.04818014  0.04499728   -0.05882977 -0.06039771
    1    3
 -0.02887383 -0.01579453    0.06339715 -0.00130774   -0.11522265 -0.00014994
  0.05857378  0.00448938   -0.07951074 -0.08132367   -0.04724217 -0.04500898
 -0.11947597  0.00049074   -0.04818014 -0.04499728   -0.05882977 -0.06039771
    2    1
 -0.02887383  0.01579453    0.05857378 -0.00448938    0.11947597  0.00049074
  0.06339715  0.00130774   -0.07951074  0.08132367    0.04818014 -0.04499728
  0.11522265 -0.00014994    0.04724217 -0.04500898   -0.05882977  0.06039771
    2    2
  0.25715824  0.00000000    0.02033971 -0.00189073   -0.00172648  0.00333457
  0.02033971  0.00189073    0.22455394  0.00000000   -0.00149793 -0.00050211
 -0.00172648 -0.00333457   -0.00149793  0.00050211    0.26633840  0.00000000
    2    3
  0.01209924  0.00000000    0.00887496  0.00781551    0.00746279  0.00476189
  0.00887496 -0.00781551   -0.00210743  0.00000000    0.00612924  0.00040501
 -0.00746279  0.00476189   -0.00612924  0.00040501   -0.03509231  0.00000000
    3    1
 -0.02887383  0.01579453    0.05857378 -0.00448938   -0.11947597 -0.00049074
  0.06339715  0.00130774   -0.07951074  0.08132367   -0.04818014  0.04499728
 -0.11522265  0.00014994   -0.04724217  0.04500898   -0.05882977  0.06039771
    3    2
  0.01209924  0.00000000    0.00887496  0.00781551   -0.00746279 -0.00476189
  0.00887496 -0.00781551   -0.00210743  0.00000000   -0.00612924 -0.00040501
  0.00746279 -0.00476189    0.00612924 -0.00040501   -0.03509231  0.00000000
    3    3
  0.25715824  0.00000000    0.02033971 -0.00189073    0.00172648 -0.00333457
  0.02033971  0.00189073    0.22455394  0.00000000    0.00149793  0.00050211
  0.00172648  0.00333457    0.00149793 -0.00050211    0.26633840  0.00000000

     Dynamical  Matrix in cartesian axes

     q = (    0.500000000   0.144337567   0.000000000 ) 

    1    1
  0.54417173  0.00000000    0.02405425 -0.06122764    0.00000000  0.00000000
  0.02405425  0.06122764    0.51915251  0.00000000    0.00000000  0.00000000
  0.00000000  0.00000000    0.00000000  0.00000000    0.51059513  0.00000000
    1    2
 -0.02887383  0.01579453    0.06339715  0.00130774    0.11522265 -0.00014994
  0.05857378 -0.00448938   -0.07951074  0.08132367    0.04724217 -0.04500898
  0.11947597  0.00049074    0.04818014 -0.04499728   -0.05882977  0.06039771
    1    3
 -0.02887383  0.01579453    0.06339715  0.00130774   -0.11522265  0.00014994
  0.05857378 -0.00448938   -0.07951074  0.08132367   -0.04724217  0.04500898
 -0.11947597 -0.00049074   -0.04818014  0.04499728   -0.05882977  0.06039771
    2    1
 -0.02887383 -0.01579453    0.05857378  0.00448938    0.11947597 -0.00049074
  0.06339715 -0.00130774   -0.07951074 -0.08132367    0.04818014  0.04499728
  0.11522265  0.00014994    0.04724217  0.04500898   -0.05882977 -0.06039771
    2    2
  0.25715824 -0.00000000    0.02033971  0.00189073   -0.00172648 -0.00333457
  0.02033971 -0.00189073    0.22455394 -0.00000000   -0.00149793  0.00050211
 -0.00172648  0.00333457   -0.00149793 -0.00050211    0.26633840  0.00000000
    2    3
  0.01209924 -0.00000000    0.00887496 -0.00781551    0.00746279 -0.00476189
  0.00887496  0.00781551   -0.00210743 -0.00000000    0.00612924 -0.00040501
 -0.00746279 -0.00476189   -0.00612924 -0.00040501   -0.03509231  0.00000000
    3    1
 -0.02887383 -0.01579453    0.05857378  0.00448938   -0.11947597  0.00049074
  0.06339715 -0.00130774   -0.07951074 -0.08132367   -0.04818014 -0.04499728
 -0.11522265 -0.00014994   -0.04724217 -0.04500898   -0.05882977 -0.06039771
    3    2
  0.01209924 -0.00000000    0.00887496 -0.00781551   -0.00746279  0.00476189
  0.00887496  0.00781551   -0.00210743 -0.00000000   -0.00612924  0.00040501
  0.00746279  0.00476189    0.00612924  0.00040501   -0.03509231  0.00000000
    3    3
  0.25715824 -0.00000000    0.02033971  0.00189073    0.00172648  0.00333457
  0.02033971 -0.00189073    0.22455394 -0.00000000    0.00149793 -0.00050211
  0.00172648 -0.00333457    0.00149793  0.00050211    0.26633840  0.00000000

     Dynamical  Matrix in cartesian axes

     q = (    0.375000000  -0.360843918   0.000000000 ) 

    1    1
  0.54623891 -0.00000000   -0.02286077  0.06122764    0.00000000  0.00000000
 -0.02286077 -0.06122764    0.51708533 -0.00000000    0.00000000  0.00000000
  0.00000000  0.00000000    0.00000000  0.00000000    0.51059513  0.00000000
    1    2
  0.01403655  0.06356369    0.05000747  0.03206892    0.09852424  0.03905389
  0.05483084  0.02627180    0.09434802  0.03355451   -0.07616466  0.02237464
  0.10146321  0.03872342   -0.07937915  0.02292363    0.05882977  0.06039771
    1    3
  0.01403655  0.06356369    0.05000747  0.03206892   -0.09852424 -0.03905389
  0.05483084  0.02627180    0.09434802  0.03355451    0.07616466 -0.02237464
 -0.10146321 -0.03872342    0.07937915 -0.02292363    0.05882977  0.06039771
    2    1
  0.01403655 -0.06356369    0.05483084 -0.02627180    0.10146321 -0.03872342
  0.05000747 -0.03206892    0.09434802 -0.03355451   -0.07937915 -0.02292363
  0.09852424 -0.03905389   -0.07616466 -0.02237464    0.05882977 -0.06039771
    2    2
  0.25031972  0.00000000   -0.02428793 -0.00189073    0.00216049 -0.00123245
 -0.02428793  0.00189073    0.23139246  0.00000000   -0.00074621  0.00313887
  0.00216049  0.00123245   -0.00074621 -0.00313887    0.26633840  0.00000000
    2    3
  0.00913018  0.00000000   -0.01058915  0.00781551   -0.00903947 -0.00273170
 -0.01058915 -0.00781551    0.00086163  0.00000000    0.00339834  0.00392142
  0.00903947 -0.00273170   -0.00339834  0.00392142   -0.03509231  0.00000000
    3    1
  0.01403655 -0.06356369    0.05483084 -0.02627180   -0.10146321  0.03872342
  0.05000747 -0.03206892    0.09434802 -0.03355451    0.07937915  0.02292363
 -0.09852424  0.03905389    0.07616466  0.02237464    0.05882977 -0.06039771
    3    2
  0.00913018  0.00000000   -0.01058915  0.00781551    0.00903947  0.00273170
 -0.01058915 -0.00781551    0.00086163  0.00000000   -0.00339834 -0.00392142
 -0.00903947  0.00273170    0.00339834 -0.00392142   -0.03509231  0.00000000
    3    3
  0.25031972  0.00000000   -0.02428793 -0.00189073   -0.00216049  0.00123245
 -0.02428793  0.00189073    0.23139246  0.00000000    0.00074621 -0.00313887
 -0.00216049 -0.00123245    0.00074621  0.00313887    0.26633840  0.00000000

     Dynamical  Matrix in cartesian axes

     q = (   -0.375000000   0.360843918   0.000000000 ) 

    1    1
  0.54623891  0.00000000   -0.02286077 -0.06122764    0.00000000  0.00000000
 -0.02286077  0.06122764    0.51708533  0.00000000    0.00000000  0.00000000
  0.00000000  0.00000000    0.00000000  0.00000000    0.51059513  0.00000000
    1    2
  0.01403655 -0.06356369    0.05000747 -0.03206892    0.09852424 -0.03905389
  0.05483084 -0.02627180    0.09434802 -0.03355451   -0.07616466 -0.02237464
  0.10146321 -0.03872342   -0.07937915 -0.02292363    0.05882977 -0.06039771
    1    3
  0.01403655 -0.06356369    0.05000747 -0.03206892   -0.09852424  0.03905389
  0.05483084 -0.02627180    0.09434802 -0.03355451    0.07616466  0.02237464
 -0.10146321  0.03872342    0.07937915  0.02292363    0.05882977 -0.06039771
    2    1
  0.01403655  0.06356369    0.05483084  0.02627180    0.10146321  0.03872342
  0.05000747  0.03206892    0.09434802  0.03355451   -0.07937915  0.02292363
  0.09852424  0.03905389   -0.07616466  0.02237464    0.05882977  0.06039771
    2    2
  0.25031972 -0.00000000   -0.02428793  0.00189073    0.00216049  0.00123245
 -0.02428793 -0.00189073    0.23139246 -0.00000000   -0.00074621 -0.00313887
  0.00216049 -0.00123245   -0.00074621  0.00313887    0.26633840  0.00000000
    2    3
  0.00913018 -0.00000000   -0.01058915 -0.00781551   -0.00903947  0.00273170
 -0.01058915  0.00781551    0.00086163 -0.00000000    0.00339834 -0.00392142
  0.00903947  0.00273170   -0.00339834 -0.00392142   -0.03509231  0.00000000
    3    1
  0.01403655  0.06356369    0.05483084  0.02627180   -0.10146321 -0.03872342
  0.05000747  0.03206892    0.09434802  0.03355451    0.07937915 -0.02292363
 -0.09852424 -0.03905389    0.07616466 -0.02237464    0.05882977  0.06039771
    3    2
  0.00913018 -0.00000000   -0.01058915 -0.00781551    0.00903947 -0.00273170
 -0.01058915  0.00781551    0.00086163 -0.00000000   -0.00339834  0.00392142
 -0.00903947 -0.00273170    0.00339834  0.00392142   -0.03509231  0.00000000
    3    3
  0.25031972 -0.00000000   -0.02428793  0.00189073   -0.00216049 -0.00123245
 -0.02428793 -0.00189073    0.23139246 -0.00000000    0.00074621  0.00313887
 -0.00216049  0.00123245    0.00074621 -0.00313887    0.26633840  0.00000000

     Dynamical  Matrix in cartesian axes

     q = (   -0.375000000  -0.360843918   0.000000000 ) 

    1    1
  0.54623891 -0.00000000    0.02286077 -0.06122764    0.00000000  0.00000000
  0.02286077  0.06122764    0.51708533 -0.00000000    0.00000000  0.00000000
  0.00000000  0.00000000    0.00000000  0.00000000    0.51059513  0.00000000
    1    2
 -0.05487166 -0.03502098    0.05803677 -0.01268447    0.09728243 -0.04205189
  0.05734823 -0.02019429   -0.09044074  0.04298750    0.03803529 -0.06967780
  0.09912692 -0.04436373    0.03992008 -0.07233900   -0.08430656 -0.00110870
    1    3
 -0.05487166 -0.03502098    0.05803677 -0.01268447   -0.09728243  0.04205189
  0.05734823 -0.02019429   -0.09044074  0.04298750   -0.03803529  0.06967780
 -0.09912692  0.04436373   -0.03992008  0.07233900   -0.08430656 -0.00110870
    2    1
 -0.05487166  0.03502098    0.05734823  0.02019429    0.09912692  0.04436373
  0.05803677  0.01268447   -0.09044074 -0.04298750    0.03992008  0.07233900
  0.09728243  0.04205189    0.03803529  0.06967780   -0.08430656  0.00110870
    2    2
  0.25031972  0.00000000    0.02428793  0.00189073   -0.00216049  0.00123245
  0.02428793 -0.00189073    0.23139246 -0.00000000   -0.00074621  0.00313887
 -0.00216049 -0.00123245   -0.00074621 -0.00313887    0.26633840  0.00000000
    2    3
  0.00913018  0.00000000    0.01058915 -0.00781551    0.00903947  0.00273170
  0.01058915  0.00781551    0.00086163 -0.00000000    0.00339834  0.00392142
 -0.00903947  0.00273170   -0.00339834  0.00392142   -0.03509231  0.00000000
    3    1
 -0.05487166  0.03502098    0.05734823  0.02019429   -0.09912692 -0.04436373
  0.05803677  0.01268447   -0.09044074 -0.04298750   -0.03992008 -0.07233900
 -0.09728243 -0.04205189   -0.03803529 -0.06967780   -0.08430656  0.00110870
    3    2
  0.00913018  0.00000000    0.01058915 -0.00781551   -0.00903947 -0.00273170
  0.01058915  0.00781551    0.00086163 -0.00000000   -0.00339834 -0.00392142
  0.00903947 -0.00273170    0.00339834 -0.00392142   -0.03509231  0.00000000
    3    3
  0.25031972  0.00000000    0.02428793  0.00189073    0.00216049 -0.00123245
  0.02428793 -0.00189073    0.23139246 -0.00000000    0.00074621 -0.00313887
  0.00216049  0.00123245    0.00074621  0.00313887    0.26633840  0.00000000

     Dynamical  Matrix in cartesian axes

     q = (    0.375000000   0.360843918   0.000000000 ) 

    1    1
  0.54623891  0.00000000    0.02286077  0.06122764    0.00000000  0.00000000
  0.02286077 -0.06122764    0.51708533  0.00000000    0.00000000  0.00000000
  0.00000000  0.00000000    0.00000000  0.00000000    0.51059513  0.00000000
    1    2
 -0.05487166  0.03502098    0.05803677  0.01268447    0.09728243  0.04205189
  0.05734823  0.02019429   -0.09044074 -0.04298750    0.03803529  0.06967780
  0.09912692  0.04436373    0.03992008  0.07233900   -0.08430656  0.00110870
    1    3
 -0.05487166  0.03502098    0.05803677  0.01268447   -0.09728243 -0.04205189
  0.05734823  0.02019429   -0.09044074 -0.04298750   -0.03803529 -0.06967780
 -0.09912692 -0.04436373   -0.03992008 -0.07233900   -0.08430656  0.00110870
    2    1
 -0.05487166 -0.03502098    0.05734823 -0.02019429    0.09912692 -0.04436373
  0.05803677 -0.01268447   -0.09044074  0.04298750    0.03992008 -0.07233900
  0.09728243 -0.04205189    0.03803529 -0.06967780   -0.08430656 -0.00110870
    2    2
  0.25031972 -0.00000000    0.02428793 -0.00189073   -0.00216049 -0.00123245
  0.02428793  0.00189073    0.23139246  0.00000000   -0.00074621 -0.00313887
 -0.00216049  0.00123245   -0.00074621  0.00313887    0.26633840  0.00000000
    2    3
  0.00913018 -0.00000000    0.01058915  0.00781551    0.00903947 -0.00273170
  0.01058915 -0.00781551    0.00086163  0.00000000    0.00339834 -0.00392142
 -0.00903947 -0.00273170   -0.00339834 -0.00392142   -0.03509231  0.00000000
    3    1
 -0.05487166 -0.03502098    0.05734823 -0.02019429   -0.09912692  0.04436373
  0.05803677 -0.01268447   -0.09044074  0.04298750   -0.03992008  0.07233900
 -0.09728243  0.04205189   -0.03803529  0.06967780   -0.08430656 -0.00110870
    3    2
  0.00913018 -0.00000000    0.01058915  0.00781551   -0.00903947  0.00273170
  0.01058915 -0.00781551    0.00086163  0.00000000   -0.00339834  0.00392142
  0.00903947  0.00273170    0.00339834  0.00392142   -0.03509231  0.00000000
    3    3
  0.25031972 -0.00000000    0.02428793 -0.00189073    0.00216049  0.00123245
  0.02428793  0.00189073    0.23139246  0.00000000    0.00074621  0.00313887
  0.00216049 -0.00123245    0.00074621 -0.00313887    0.26633840  0.00000000

     Dynamical  Matrix in cartesian axes

     q = (    0.500000000  -0.144337567   0.000000000 ) 

    1    1
  0.54417173 -0.00000000   -0.02405425 -0.06122764    0.00000000  0.00000000
 -0.02405425  0.06122764    0.51915251 -0.00000000    0.00000000  0.00000000
  0.00000000  0.00000000    0.00000000  0.00000000    0.51059513  0.00000000
    1    2
  0.02887383  0.01579453    0.06339715 -0.00130774    0.11522265  0.00014994
  0.05857378  0.00448938    0.07951074  0.08132367   -0.04724217 -0.04500898
  0.11947597 -0.00049074   -0.04818014 -0.04499728    0.05882977  0.06039771
    1    3
  0.02887383  0.01579453    0.06339715 -0.00130774   -0.11522265 -0.00014994
  0.05857378  0.00448938    0.07951074  0.08132367    0.04724217  0.04500898
 -0.11947597  0.00049074    0.04818014  0.04499728    0.05882977  0.06039771
    2    1
  0.02887383 -0.01579453    0.05857378 -0.00448938    0.11947597  0.00049074
  0.06339715  0.00130774    0.07951074 -0.08132367   -0.04818014  0.04499728
  0.11522265 -0.00014994   -0.04724217  0.04500898    0.05882977 -0.06039771
    2    2
  0.25715824  0.00000000   -0.02033971  0.00189073    0.00172648 -0.00333457
 -0.02033971 -0.00189073    0.22455394  0.00000000   -0.00149793 -0.00050211
  0.00172648  0.00333457   -0.00149793  0.00050211    0.26633840  0.00000000
    2    3
  0.01209924  0.00000000   -0.00887496 -0.00781551   -0.00746279 -0.00476189
 -0.00887496  0.00781551   -0.00210743 -0.00000000    0.00612924  0.00040501
  0.00746279 -0.00476189   -0.00612924  0.00040501   -0.03509231  0.00000000
    3    1
  0.02887383 -0.01579453    0.05857378 -0.00448938   -0.11947597 -0.00049074
  0.06339715  0.00130774    0.07951074 -0.08132367    0.04818014 -0.04499728
 -0.11522265  0.00014994    0.04724217 -0.04500898    0.05882977 -0.06039771
    3    2
  0.01209924  0.00000000   -0.00887496 -0.00781551    0.00746279  0.00476189
 -0.00887496  0.00781551   -0.00210743 -0.00000000   -0.00612924 -0.00040501
 -0.00746279  0.00476189    0.00612924 -0.00040501   -0.03509231  0.00000000
    3    3
  0.25715824  0.00000000   -0.02033971  0.00189073   -0.00172648  0.00333457
 -0.02033971 -0.00189073    0.22455394  0.00000000    0.00149793  0.00050211
 -0.00172648 -0.00333457    0.00149793 -0.00050211    0.26633840  0.00000000

     Dynamical  Matrix in cartesian axes

     q = (   -0.500000000   0.144337567   0.000000000 ) 

    1    1
  0.54417173  0.00000000   -0.02405425  0.06122764    0.00000000  0.00000000
 -0.02405425 -0.06122764    0.51915251  0.00000000    0.00000000  0.00000000
  0.00000000  0.00000000    0.00000000  0.00000000    0.51059513  0.00000000
    1    2
  0.02887383 -0.01579453    0.06339715  0.00130774    0.11522265 -0.00014994
  0.05857378 -0.00448938    0.07951074 -0.08132367   -0.04724217  0.04500898
  0.11947597  0.00049074   -0.04818014  0.04499728    0.05882977 -0.06039771
    1    3
  0.02887383 -0.01579453    0.06339715  0.00130774   -0.11522265  0.00014994
  0.05857378 -0.00448938    0.07951074 -0.08132367    0.04724217 -0.04500898
 -0.11947597 -0.00049074    0.04818014 -0.04499728    0.05882977 -0.06039771
    2    1
  0.02887383  0.01579453    0.05857378  0.00448938    0.11947597 -0.00049074
  0.06339715 -0.00130774    0.07951074  0.08132367   -0.04818014 -0.04499728
  0.11522265  0.00014994   -0.04724217 -0.04500898    0.05882977  0.06039771
    2    2
  0.25715824 -0.00000000   -0.02033971 -0.00189073    0.00172648  0.00333457
 -0.02033971  0.00189073    0.22455394 -0.00000000   -0.00149793  0.00050211
  0.00172648 -0.00333457   -0.00149793 -0.00050211    0.26633840  0.00000000
    2    3
  0.01209924 -0.00000000   -0.00887496  0.00781551   -0.00746279  0.00476189
 -0.00887496 -0.00781551   -0.00210743  0.00000000    0.00612924 -0.00040501
  0.00746279  0.00476189   -0.00612924 -0.00040501   -0.03509231  0.00000000
    3    1
  0.02887383  0.01579453    0.05857378  0.00448938   -0.11947597  0.00049074
  0.06339715 -0.00130774    0.07951074  0.08132367    0.04818014  0.04499728
 -0.11522265 -0.00014994    0.04724217  0.04500898    0.05882977  0.06039771
    3    2
  0.01209924 -0.00000000   -0.00887496  0.00781551    0.00746279 -0.00476189
 -0.00887496 -0.00781551   -0.00210743  0.00000000   -0.00612924  0.00040501
 -0.00746279 -0.00476189    0.00612924  0.00040501   -0.03509231  0.00000000
    3    3
  0.25715824 -0.00000000   -0.02033971 -0.00189073   -0.00172648 -0.00333457
 -0.02033971  0.00189073    0.22455394 -0.00000000    0.00149793 -0.00050211
 -0.00172648  0.00333457    0.00149793  0.00050211    0.26633840  0.00000000

     Dynamical  Matrix in cartesian axes

     q = (   -0.125000000   0.505181486   0.000000000 ) 

    1    1
  0.50457572  0.00000000    0.00119349 -0.06122764    0.00000000  0.00000000
  0.00119349  0.06122764    0.55874852 -0.00000000    0.00000000  0.00000000
  0.00000000  0.00000000    0.00000000  0.00000000    0.51059513  0.00000000
    1    2
 -0.11966647 -0.06631908    0.00615462 -0.02468098    0.01669841 -0.03890395
  0.01097799 -0.03047810    0.01128191 -0.03079912   -0.12340682 -0.02263434
  0.01801276 -0.03921416   -0.12755929 -0.02207365   -0.05882977 -0.06039771
    1    3
 -0.11966647 -0.06631908    0.00615462 -0.02468098   -0.01669841  0.03890395
  0.01097799 -0.03047810    0.01128191 -0.03079912    0.12340682  0.02263434
 -0.01801276  0.03921416    0.12755929  0.02207365   -0.05882977 -0.06039771
    2    1
 -0.11966647  0.06631908    0.01097799  0.03047810    0.01801276  0.03921416
  0.00615462  0.02468098    0.01128191  0.03079912   -0.12755929  0.02207365
  0.01669841  0.03890395   -0.12340682  0.02263434   -0.05882977  0.06039771
    2    2
  0.21509031  0.00000000   -0.00394823  0.00189073    0.00043400  0.00210212
 -0.00394823 -0.00189073    0.26662187  0.00000000    0.00224414 -0.00263677
  0.00043400 -0.00210212    0.00224414  0.00263677    0.26633840  0.00000000
    2    3
 -0.00624170  0.00000000   -0.00171419 -0.00781551   -0.00157669  0.00203020
 -0.00171419  0.00781551    0.01623352 -0.00000000   -0.00952758 -0.00432643
  0.00157669  0.00203020    0.00952758 -0.00432643   -0.03509231  0.00000000
    3    1
 -0.11966647  0.06631908    0.01097799  0.03047810   -0.01801276 -0.03921416
  0.00615462  0.02468098    0.01128191  0.03079912    0.12755929 -0.02207365
 -0.01669841 -0.03890395    0.12340682 -0.02263434   -0.05882977  0.06039771
    3    2
 -0.00624170  0.00000000   -0.00171419 -0.00781551    0.00157669 -0.00203020
 -0.00171419  0.00781551    0.01623352 -0.00000000    0.00952758  0.00432643
 -0.00157669 -0.00203020   -0.00952758  0.00432643   -0.03509231  0.00000000
    3    3
  0.21509031  0.00000000   -0.00394823  0.00189073   -0.00043400 -0.00210212
 -0.00394823 -0.00189073    0.26662187  0.00000000   -0.00224414  0.00263677
 -0.00043400  0.00210212   -0.00224414 -0.00263677    0.26633840  0.00000000

     Dynamical  Matrix in cartesian axes

     q = (    0.125000000  -0.505181486   0.000000000 ) 

    1    1
  0.50457572  0.00000000    0.00119349  0.06122764    0.00000000  0.00000000
  0.00119349 -0.06122764    0.55874852  0.00000000    0.00000000  0.00000000
  0.00000000  0.00000000    0.00000000  0.00000000    0.51059513  0.00000000
    1    2
 -0.11966647  0.06631908    0.00615462  0.02468098    0.01669841  0.03890395
  0.01097799  0.03047810    0.01128191  0.03079912   -0.12340682  0.02263434
  0.01801276  0.03921416   -0.12755929  0.02207365   -0.05882977  0.06039771
    1    3
 -0.11966647  0.06631908    0.00615462  0.02468098   -0.01669841 -0.03890395
  0.01097799  0.03047810    0.01128191  0.03079912    0.12340682 -0.02263434
 -0.01801276 -0.03921416    0.12755929 -0.02207365   -0.05882977  0.06039771
    2    1
 -0.11966647 -0.06631908    0.01097799 -0.03047810    0.01801276 -0.03921416
  0.00615462 -0.02468098    0.01128191 -0.03079912   -0.12755929 -0.02207365
  0.01669841 -0.03890395   -0.12340682 -0.02263434   -0.05882977 -0.06039771
    2    2
  0.21509031  0.00000000   -0.00394823 -0.00189073    0.00043400 -0.00210212
 -0.00394823  0.00189073    0.26662187 -0.00000000    0.00224414  0.00263677
  0.00043400  0.00210212    0.00224414 -0.00263677    0.26633840  0.00000000
    2    3
 -0.00624170  0.00000000   -0.00171419  0.00781551   -0.00157669 -0.00203020
 -0.00171419 -0.00781551    0.01623352  0.00000000   -0.00952758  0.00432643
  0.00157669 -0.00203020    0.00952758  0.00432643   -0.03509231  0.00000000
    3    1
 -0.11966647 -0.06631908    0.01097799 -0.03047810   -0.01801276  0.03921416
  0.00615462 -0.02468098    0.01128191 -0.03079912    0.12755929  0.02207365
 -0.01669841  0.03890395    0.12340682  0.02263434   -0.05882977 -0.06039771
    3    2
 -0.00624170  0.00000000   -0.00171419  0.00781551    0.00157669  0.00203020
 -0.00171419 -0.00781551    0.01623352  0.00000000    0.00952758 -0.00432643
 -0.00157669  0.00203020   -0.00952758 -0.00432643   -0.03509231  0.00000000
    3    3
  0.21509031  0.00000000   -0.00394823 -0.00189073   -0.00043400  0.00210212
 -0.00394823  0.00189073    0.26662187 -0.00000000   -0.00224414 -0.00263677
 -0.00043400 -0.00210212   -0.00224414  0.00263677    0.26633840  0.00000000

     Diagonalizing the dynamical matrix

     q = (    0.125000000   0.505181486   0.000000000 ) 

 **************************************************************************
     freq (    1) =       4.906181 [THz] =     163.652572 [cm-1]
 ( -0.000000 -0.000000  0.000000 -0.000000 -0.581014 -0.012782 ) 
 (  0.082262 -0.175820 -0.349450 -0.255482 -0.325674 -0.000000 ) 
 ( -0.082262  0.175820  0.349450  0.255482 -0.325674  0.000000 ) 
     freq (    2) =       5.044587 [THz] =     168.269314 [cm-1]
 ( -0.278179 -0.506944  0.110466 -0.039222  0.000000  0.000000 ) 
 ( -0.128438 -0.526715  0.079469 -0.006080  0.160199  0.000000 ) 
 ( -0.128438 -0.526715  0.079469 -0.006080 -0.160199  0.000000 ) 
     freq (    3) =       6.566793 [THz] =     219.044636 [cm-1]
 (  0.037290  0.008625  0.514133 -0.386216  0.000000  0.000000 ) 
 (  0.101129  0.261274 -0.074208 -0.129493  0.437896 -0.000000 ) 
 (  0.101129  0.261274 -0.074208 -0.129493 -0.437896  0.000000 ) 
     freq (    4) =       9.139819 [THz] =     304.871549 [cm-1]
 (  0.000000 -0.000000  0.000000 -0.000000 -0.039832 -0.007388 ) 
 ( -0.450272  0.488459  0.017850 -0.082316 -0.225273  0.000000 ) 
 (  0.450272 -0.488459 -0.017850  0.082316 -0.225273  0.000000 ) 
     freq (    5) =       9.556124 [THz] =     318.757995 [cm-1]
 (  0.000000 -0.000000 -0.000000 -0.000000 -0.068361 -0.009496 ) 
 ( -0.144373  0.095834 -0.279346 -0.234431  0.578445 -0.000000 ) 
 (  0.144373 -0.095834  0.279346  0.234431  0.578445  0.000000 ) 
     freq (    6) =      10.226624 [THz] =     341.123447 [cm-1]
 (  0.085486 -0.024595  0.018607  0.019816  0.000000  0.000000 ) 
 ( -0.228480  0.012790 -0.331201  0.560828  0.138152 -0.000000 ) 
 ( -0.228480  0.012790 -0.331201  0.560828 -0.138152  0.000000 ) 
     freq (    7) =      10.791365 [THz] =     359.961182 [cm-1]
 (  0.237256 -0.343547 -0.142016 -0.080904 -0.000000  0.000000 ) 
 ( -0.445263  0.355698 -0.039919 -0.260974 -0.070746  0.000000 ) 
 ( -0.445263  0.355698 -0.039919 -0.260974  0.070746  0.000000 ) 
     freq (    8) =      11.162079 [THz] =     372.326872 [cm-1]
 ( -0.000000 -0.000000  0.000000 -0.000000 -0.410031  0.006399 ) 
 ( -0.011679  0.101571  0.475075  0.327007  0.269877 -0.000000 ) 
 (  0.011679 -0.101571 -0.475075 -0.327007  0.269877  0.000000 ) 
     freq (    9) =      11.649609 [THz] =     388.589139 [cm-1]
 (  0.032521  0.058395 -0.262724  0.164005 -0.000000  0.000000 ) 
 ( -0.006517  0.006270  0.097530 -0.105764  0.655000 -0.000000 ) 
 ( -0.006517  0.006270  0.097530 -0.105764 -0.655000  0.000000 ) 
 **************************************************************************
