Dynamical matrix file
                                                                           
  1    4  0  6.2464249  0.0000000  0.0000000  0.0000000  0.0000000  0.0000000
Basis vectors
      1.000000000    0.000000000    0.000000000
      0.000000000    1.395973545    0.000000000
      0.000000000    0.000000000    6.711099855
           1  'P   '    28230.8552091869     
    1    1      0.5000000000      1.2725434099      3.0363525217
    2    1      0.5000000000      0.1234301352      3.6747473333
    3    1      1.0000000000      0.8214168301      3.0363525203
    4    1      1.0000000000      0.5745567150      3.6747473347

     Dynamical  Matrix in cartesian axes

     q = (    0.000000000  -0.358172977   0.000000000 ) 

    1    1
  0.22468775  0.00000000    0.00000000  0.00000000    0.00000000  0.00000000
  0.00000000  0.00000000    0.26082376  0.00000000    0.01646150  0.00000000
  0.00000000  0.00000000    0.01646150  0.00000000    0.21685043  0.00000000
    1    2
  0.01946471  0.00000000    0.00000000  0.00000000    0.00000000  0.00000000
  0.00000000  0.00000000    0.01178536  0.00000000    0.02343651  0.00000000
  0.00000000  0.00000000    0.02343651  0.00000000    0.15621724  0.00000000
    1    3
 -0.18472815  0.00000000    0.00000000  0.00000000    0.00000000  0.00000000
  0.00000000  0.00000000   -0.20726951  0.00000000    0.01652833  0.00000000
  0.00000000  0.00000000   -0.01652753  0.00000000   -0.07566609  0.00000000
    1    4
 -0.00000067  0.00000000    0.00000000  0.00000000    0.00000000  0.00000000
  0.00000000  0.00000000    0.00000041  0.00000000    0.02050199  0.00000000
  0.00000000  0.00000000    0.02050209  0.00000000    0.00000299  0.00000000
    2    1
  0.01946471  0.00000000    0.00000000  0.00000000    0.00000000  0.00000000
  0.00000000  0.00000000    0.01178536  0.00000000    0.02343651  0.00000000
  0.00000000  0.00000000    0.02343651  0.00000000    0.15621724  0.00000000
    2    2
  0.22468775  0.00000000    0.00000000  0.00000000    0.00000000  0.00000000
  0.00000000  0.00000000    0.26082376  0.00000000    0.01646150  0.00000000
  0.00000000  0.00000000    0.01646150  0.00000000    0.21685043  0.00000000
    2    3
 -0.00000067  0.00000000    0.00000000  0.00000000    0.00000000  0.00000000
  0.00000000  0.00000000    0.00000041  0.00000000    0.02050199  0.00000000
  0.00000000  0.00000000    0.02050209  0.00000000    0.00000299  0.00000000
    2    4
 -0.18472815  0.00000000    0.00000000  0.00000000    0.00000000  0.00000000
  0.00000000  0.00000000   -0.20726951  0.00000000    0.01652833  0.00000000
  0.00000000  0.00000000   -0.01652753  0.00000000   -0.07566609  0.00000000
    3    1
 -0.18472815  0.00000000    0.00000000  0.00000000    0.00000000  0.00000000
  0.00000000  0.00000000   -0.20726951  0.00000000   -0.01652753  0.00000000
  0.00000000  0.00000000    0.01652833  0.00000000   -0.07566609  0.00000000
    3    2
 -0.00000067  0.00000000    0.00000000  0.00000000    0.00000000  0.00000000
  0.00000000  0.00000000    0.00000041  0.00000000    0.02050209  0.00000000
  0.00000000  0.00000000    0.02050199  0.00000000    0.00000299  0.00000000
    3    3
  0.22469157  0.00000000    0.00000000  0.00000000    0.00000000  0.00000000
  0.00000000  0.00000000    0.26079773  0.00000000   -0.01646094  0.00000000
  0.00000000  0.00000000   -0.01646094  0.00000000    0.21685514  0.00000000
    3    4
 -0.01946565  0.00000000    0.00000000  0.00000000    0.00000000  0.00000000
  0.00000000  0.00000000   -0.01178047  0.00000000    0.02343678  0.00000000
  0.00000000  0.00000000    0.02343678  0.00000000   -0.15622075  0.00000000
    4    1
 -0.00000067  0.00000000    0.00000000  0.00000000    0.00000000  0.00000000
  0.00000000  0.00000000    0.00000041  0.00000000    0.02050209  0.00000000
  0.00000000  0.00000000    0.02050199  0.00000000    0.00000299  0.00000000
    4    2
 -0.18472815  0.00000000    0.00000000  0.00000000    0.00000000  0.00000000
  0.00000000  0.00000000   -0.20726951  0.00000000   -0.01652753  0.00000000
  0.00000000  0.00000000    0.01652833  0.00000000   -0.07566609  0.00000000
    4    3
 -0.01946565  0.00000000    0.00000000  0.00000000    0.00000000  0.00000000
  0.00000000  0.00000000   -0.01178047  0.00000000    0.02343678  0.00000000
  0.00000000  0.00000000    0.02343678  0.00000000   -0.15622075  0.00000000
    4    4
  0.22469157  0.00000000    0.00000000  0.00000000    0.00000000  0.00000000
  0.00000000  0.00000000    0.26079773  0.00000000   -0.01646094  0.00000000
  0.00000000  0.00000000   -0.01646094  0.00000000    0.21685514  0.00000000

     Diagonalizing the dynamical matrix

     q = (    0.000000000  -0.358172977   0.000000000 ) 

 **************************************************************************
     freq (    1) =       1.938884 [THz] =      64.674224 [cm-1]
 ( -0.000000  0.000000  0.313902  0.000000  0.512360  0.000000 ) 
 (  0.000000  0.000000 -0.313902  0.000000 -0.512360  0.000000 ) 
 ( -0.000000  0.000000  0.342234  0.000000  0.147745  0.000000 ) 
 (  0.000000  0.000000 -0.342234  0.000000 -0.147745  0.000000 ) 
     freq (    2) =       1.939305 [THz] =      64.688254 [cm-1]
 ( -0.000000  0.000000 -0.342212  0.000000  0.147742  0.000000 ) 
 ( -0.000000  0.000000 -0.342212  0.000000  0.147742  0.000000 ) 
 ( -0.000000  0.000000 -0.313918  0.000000  0.512366  0.000000 ) 
 ( -0.000000  0.000000 -0.313918  0.000000  0.512366  0.000000 ) 
     freq (    3) =       3.863662 [THz] =     128.877882 [cm-1]
 (  0.473080  0.000000 -0.000000  0.000000  0.000000  0.000000 ) 
 (  0.473080  0.000000  0.000000  0.000000 -0.000000  0.000000 ) 
 (  0.525543  0.000000 -0.000000  0.000000  0.000000  0.000000 ) 
 (  0.525543  0.000000  0.000000  0.000000  0.000000  0.000000 ) 
     freq (    4) =       3.863755 [THz] =     128.880981 [cm-1]
 ( -0.525548  0.000000 -0.000000  0.000000 -0.000000  0.000000 ) 
 (  0.525548  0.000000 -0.000000  0.000000  0.000000  0.000000 ) 
 ( -0.473074  0.000000 -0.000000  0.000000  0.000000  0.000000 ) 
 (  0.473074  0.000000  0.000000  0.000000  0.000000  0.000000 ) 
     freq (    5) =       5.653843 [THz] =     188.591892 [cm-1]
 (  0.000000  0.000000  0.408105  0.000000 -0.459701  0.000000 ) 
 (  0.000000  0.000000 -0.408105  0.000000  0.459701  0.000000 ) 
 (  0.000000  0.000000  0.342933  0.000000 -0.067247  0.000000 ) 
 (  0.000000  0.000000 -0.342933  0.000000  0.067247  0.000000 ) 
     freq (    6) =       5.653946 [THz] =     188.595341 [cm-1]
 (  0.000000  0.000000 -0.342909  0.000000 -0.067241  0.000000 ) 
 (  0.000000  0.000000 -0.342909  0.000000 -0.067241  0.000000 ) 
 (  0.000000  0.000000 -0.408131  0.000000 -0.459697  0.000000 ) 
 (  0.000000  0.000000 -0.408131  0.000000 -0.459697  0.000000 ) 
     freq (    7) =      12.177434 [THz] =     406.195467 [cm-1]
 (  0.000000  0.000000 -0.092506  0.000000  0.665403  0.000000 ) 
 ( -0.000000  0.000000 -0.092506  0.000000  0.665403  0.000000 ) 
 ( -0.000000  0.000000  0.150170  0.000000 -0.161650  0.000000 ) 
 (  0.000000  0.000000  0.150170  0.000000 -0.161650  0.000000 ) 
     freq (    8) =      12.177591 [THz] =     406.200714 [cm-1]
 ( -0.000000  0.000000 -0.150189  0.000000 -0.161655  0.000000 ) 
 (  0.000000  0.000000  0.150189  0.000000  0.161655  0.000000 ) 
 (  0.000000  0.000000  0.092513  0.000000  0.665396  0.000000 ) 
 ( -0.000000  0.000000 -0.092513  0.000000 -0.665396  0.000000 ) 
     freq (    9) =      12.544060 [THz] =     418.424813 [cm-1]
 ( -0.525543  0.000000  0.000000  0.000000 -0.000000  0.000000 ) 
 ( -0.525543  0.000000 -0.000000  0.000000 -0.000000  0.000000 ) 
 (  0.473080  0.000000 -0.000000  0.000000  0.000000  0.000000 ) 
 (  0.473080  0.000000  0.000000  0.000000 -0.000000  0.000000 ) 
     freq (   10) =      12.544060 [THz] =     418.424817 [cm-1]
 (  0.473074  0.000000  0.000000  0.000000 -0.000000  0.000000 ) 
 ( -0.473074  0.000000 -0.000000  0.000000 -0.000000  0.000000 ) 
 ( -0.525548  0.000000 -0.000000  0.000000  0.000000  0.000000 ) 
 (  0.525548  0.000000 -0.000000  0.000000 -0.000000  0.000000 ) 
     freq (   11) =      13.499294 [THz] =     450.287983 [cm-1]
 ( -0.000000  0.000000  0.460825  0.000000  0.005418  0.000000 ) 
 (  0.000000  0.000000 -0.460825  0.000000 -0.005418  0.000000 ) 
 (  0.000000  0.000000 -0.506670  0.000000  0.175775  0.000000 ) 
 ( -0.000000  0.000000  0.506670  0.000000 -0.175775  0.000000 ) 
     freq (   12) =      13.499372 [THz] =     450.290575 [cm-1]
 (  0.000000  0.000000 -0.506702  0.000000 -0.175755  0.000000 ) 
 (  0.000000  0.000000 -0.506702  0.000000 -0.175755  0.000000 ) 
 ( -0.000000  0.000000  0.460797  0.000000 -0.005427  0.000000 ) 
 ( -0.000000  0.000000  0.460797  0.000000 -0.005427  0.000000 ) 
 **************************************************************************
