   8   6   1
  20
   0.000000000000000E+00   0.000000000000000E+00   0.000000000000000E+00
   0.000000000000000E+00   0.119390992226694E+00   0.000000000000000E+00
   0.000000000000000E+00   0.238781984453388E+00   0.000000000000000E+00
   0.000000000000000E+00  -0.358172976680082E+00   0.000000000000000E+00
   0.125000000000000E+00   0.000000000000000E+00   0.000000000000000E+00
   0.125000000000000E+00   0.119390992226694E+00   0.000000000000000E+00
   0.125000000000000E+00   0.238781984453388E+00   0.000000000000000E+00
   0.125000000000000E+00  -0.358172976680082E+00   0.000000000000000E+00
   0.250000000000000E+00   0.000000000000000E+00   0.000000000000000E+00
   0.250000000000000E+00   0.119390992226694E+00   0.000000000000000E+00
   0.250000000000000E+00   0.238781984453388E+00   0.000000000000000E+00
   0.250000000000000E+00  -0.358172976680082E+00   0.000000000000000E+00
   0.375000000000000E+00   0.000000000000000E+00   0.000000000000000E+00
   0.375000000000000E+00   0.119390992226694E+00   0.000000000000000E+00
   0.375000000000000E+00   0.238781984453388E+00   0.000000000000000E+00
   0.375000000000000E+00  -0.358172976680082E+00   0.000000000000000E+00
  -0.500000000000000E+00   0.000000000000000E+00   0.000000000000000E+00
  -0.500000000000000E+00   0.119390992226694E+00   0.000000000000000E+00
  -0.500000000000000E+00   0.238781984453388E+00   0.000000000000000E+00
  -0.500000000000000E+00  -0.358172976680082E+00   0.000000000000000E+00
