Dynamical matrix file
                                                                           
  1    4  0  6.2464249  0.0000000  0.0000000  0.0000000  0.0000000  0.0000000
Basis vectors
      1.000000000    0.000000000    0.000000000
      0.000000000    1.395973545    0.000000000
      0.000000000    0.000000000    6.711099855
           1  'P   '    28230.8552091869     
    1    1      0.5000000000      1.2725434099      3.0363525217
    2    1      0.5000000000      0.1234301352      3.6747473333
    3    1      1.0000000000      0.8214168301      3.0363525203
    4    1      1.0000000000      0.5745567150      3.6747473347

     Dynamical  Matrix in cartesian axes

     q = (    0.125000000  -0.358172977   0.000000000 ) 

    1    1
  0.23482547  0.00000000    0.00000000  0.01087563    0.00000000  0.00988283
  0.00000000 -0.01087563    0.24280635  0.00000000    0.01966878  0.00000000
  0.00000000 -0.00988283    0.01966878  0.00000000    0.21234949  0.00000000
    1    2
  0.01999192  0.00000000    0.00000000  0.00261419    0.00000000 -0.00246136
  0.00000000  0.00261419    0.01086619  0.00000000    0.02529973  0.00000000
  0.00000000 -0.00246136    0.02529973  0.00000000    0.15742441  0.00000000
    1    3
 -0.15460516  0.06403955    0.01707047  0.04121176   -0.00562582 -0.01358194
  0.01707016  0.04121101   -0.16480434  0.06826419    0.01496087 -0.00619700
  0.00562575  0.01358175   -0.01496099  0.00619704   -0.06264777  0.02594956
    1    4
 -0.00000052  0.00000021    0.00485125  0.01171196    0.00311934  0.00753074
  0.00485108  0.01171155    0.00000013 -0.00000005    0.01434619 -0.00594238
 -0.00311909 -0.00753014    0.01434697 -0.00594271    0.00000223 -0.00000092
    2    1
  0.01999192  0.00000000    0.00000000 -0.00261419    0.00000000  0.00246136
  0.00000000 -0.00261419    0.01086619  0.00000000    0.02529973  0.00000000
  0.00000000  0.00246136    0.02529973  0.00000000    0.15742441  0.00000000
    2    2
  0.23482547  0.00000000    0.00000000 -0.01087563    0.00000000 -0.00988283
  0.00000000  0.01087563    0.24280635  0.00000000    0.01966878  0.00000000
  0.00000000  0.00988283    0.01966878  0.00000000    0.21234949  0.00000000
    2    3
 -0.00000052  0.00000021   -0.00485125 -0.01171196   -0.00311934 -0.00753074
 -0.00485108 -0.01171155    0.00000013 -0.00000005    0.01434619 -0.00594238
  0.00311909  0.00753014    0.01434697 -0.00594271    0.00000223 -0.00000092
    2    4
 -0.15460516  0.06403955   -0.01707047 -0.04121176    0.00562582  0.01358194
 -0.01707016 -0.04121101   -0.16480434  0.06826419    0.01496087 -0.00619700
 -0.00562575 -0.01358175   -0.01496099  0.00619704   -0.06264777  0.02594956
    3    1
 -0.15460516 -0.06403955    0.01707016 -0.04121101    0.00562575 -0.01358175
  0.01707047 -0.04121176   -0.16480434 -0.06826419   -0.01496099 -0.00619704
 -0.00562582  0.01358194    0.01496087  0.00619700   -0.06264777 -0.02594956
    3    2
 -0.00000052 -0.00000021   -0.00485108  0.01171155    0.00311909 -0.00753014
 -0.00485125  0.01171196    0.00000013  0.00000005    0.01434697  0.00594271
 -0.00311934  0.00753074    0.01434619  0.00594238    0.00000223  0.00000092
    3    3
  0.23482951  0.00000000    0.00000000 -0.01087440    0.00000000  0.00988290
  0.00000000  0.01087440    0.24278173  0.00000000   -0.01966898  0.00000000
  0.00000000 -0.00988290   -0.01966898  0.00000000    0.21235490  0.00000000
    3    4
 -0.01999278  0.00000000    0.00000000  0.00261335    0.00000000  0.00246202
  0.00000000  0.00261335   -0.01086249  0.00000000    0.02530059  0.00000000
  0.00000000  0.00246202    0.02530059  0.00000000   -0.15742766  0.00000000
    4    1
 -0.00000052 -0.00000021    0.00485108 -0.01171155   -0.00311909  0.00753014
  0.00485125 -0.01171196    0.00000013  0.00000005    0.01434697  0.00594271
  0.00311934 -0.00753074    0.01434619  0.00594238    0.00000223  0.00000092
    4    2
 -0.15460516 -0.06403955   -0.01707016  0.04121101   -0.00562575  0.01358175
 -0.01707047  0.04121176   -0.16480434 -0.06826419   -0.01496099 -0.00619704
  0.00562582 -0.01358194    0.01496087  0.00619700   -0.06264777 -0.02594956
    4    3
 -0.01999278  0.00000000    0.00000000 -0.00261335    0.00000000 -0.00246202
  0.00000000 -0.00261335   -0.01086249  0.00000000    0.02530059  0.00000000
  0.00000000 -0.00246202    0.02530059  0.00000000   -0.15742766  0.00000000
    4    4
  0.23482951  0.00000000    0.00000000  0.01087440    0.00000000 -0.00988290
  0.00000000 -0.01087440    0.24278173  0.00000000   -0.01966898  0.00000000
  0.00000000  0.00988290   -0.01966898  0.00000000    0.21235490  0.00000000

     Dynamical  Matrix in cartesian axes

     q = (   -0.125000000   0.358172977   0.000000000 ) 

    1    1
  0.23482547  0.00000000    0.00000000 -0.01087563    0.00000000 -0.00988283
  0.00000000  0.01087563    0.24280635  0.00000000    0.01966878  0.00000000
  0.00000000  0.00988283    0.01966878  0.00000000    0.21234949  0.00000000
    1    2
  0.01999192  0.00000000    0.00000000 -0.00261419    0.00000000  0.00246136
  0.00000000 -0.00261419    0.01086619  0.00000000    0.02529973  0.00000000
  0.00000000  0.00246136    0.02529973  0.00000000    0.15742441  0.00000000
    1    3
 -0.15460516 -0.06403955    0.01707047 -0.04121176   -0.00562582  0.01358194
  0.01707016 -0.04121101   -0.16480434 -0.06826419    0.01496087  0.00619700
  0.00562575 -0.01358175   -0.01496099 -0.00619704   -0.06264777 -0.02594956
    1    4
 -0.00000052 -0.00000021    0.00485125 -0.01171196    0.00311934 -0.00753074
  0.00485108 -0.01171155    0.00000013  0.00000005    0.01434619  0.00594238
 -0.00311909  0.00753014    0.01434697  0.00594271    0.00000223  0.00000092
    2    1
  0.01999192  0.00000000    0.00000000  0.00261419    0.00000000 -0.00246136
  0.00000000  0.00261419    0.01086619  0.00000000    0.02529973  0.00000000
  0.00000000 -0.00246136    0.02529973  0.00000000    0.15742441  0.00000000
    2    2
  0.23482547  0.00000000    0.00000000  0.01087563    0.00000000  0.00988283
  0.00000000 -0.01087563    0.24280635  0.00000000    0.01966878  0.00000000
  0.00000000 -0.00988283    0.01966878  0.00000000    0.21234949  0.00000000
    2    3
 -0.00000052 -0.00000021   -0.00485125  0.01171196   -0.00311934  0.00753074
 -0.00485108  0.01171155    0.00000013  0.00000005    0.01434619  0.00594238
  0.00311909 -0.00753014    0.01434697  0.00594271    0.00000223  0.00000092
    2    4
 -0.15460516 -0.06403955   -0.01707047  0.04121176    0.00562582 -0.01358194
 -0.01707016  0.04121101   -0.16480434 -0.06826419    0.01496087  0.00619700
 -0.00562575  0.01358175   -0.01496099 -0.00619704   -0.06264777 -0.02594956
    3    1
 -0.15460516  0.06403955    0.01707016  0.04121101    0.00562575  0.01358175
  0.01707047  0.04121176   -0.16480434  0.06826419   -0.01496099  0.00619704
 -0.00562582 -0.01358194    0.01496087 -0.00619700   -0.06264777  0.02594956
    3    2
 -0.00000052  0.00000021   -0.00485108 -0.01171155    0.00311909  0.00753014
 -0.00485125 -0.01171196    0.00000013 -0.00000005    0.01434697 -0.00594271
 -0.00311934 -0.00753074    0.01434619 -0.00594238    0.00000223 -0.00000092
    3    3
  0.23482951  0.00000000    0.00000000  0.01087440    0.00000000 -0.00988290
  0.00000000 -0.01087440    0.24278173  0.00000000   -0.01966898  0.00000000
  0.00000000  0.00988290   -0.01966898  0.00000000    0.21235490  0.00000000
    3    4
 -0.01999278  0.00000000    0.00000000 -0.00261335    0.00000000 -0.00246202
  0.00000000 -0.00261335   -0.01086249  0.00000000    0.02530059  0.00000000
  0.00000000 -0.00246202    0.02530059  0.00000000   -0.15742766  0.00000000
    4    1
 -0.00000052  0.00000021    0.00485108  0.01171155   -0.00311909 -0.00753014
  0.00485125  0.01171196    0.00000013 -0.00000005    0.01434697 -0.00594271
  0.00311934  0.00753074    0.01434619 -0.00594238    0.00000223 -0.00000092
    4    2
 -0.15460516  0.06403955   -0.01707016 -0.04121101   -0.00562575 -0.01358175
 -0.01707047 -0.04121176   -0.16480434  0.06826419   -0.01496099  0.00619704
  0.00562582  0.01358194    0.01496087 -0.00619700   -0.06264777  0.02594956
    4    3
 -0.01999278  0.00000000    0.00000000  0.00261335    0.00000000  0.00246202
  0.00000000  0.00261335   -0.01086249  0.00000000    0.02530059  0.00000000
  0.00000000  0.00246202    0.02530059  0.00000000   -0.15742766  0.00000000
    4    4
  0.23482951  0.00000000    0.00000000 -0.01087440    0.00000000  0.00988290
  0.00000000  0.01087440    0.24278173  0.00000000   -0.01966898  0.00000000
  0.00000000 -0.00988290   -0.01966898  0.00000000    0.21235490  0.00000000

     Diagonalizing the dynamical matrix

     q = (    0.125000000  -0.358172977   0.000000000 ) 

 **************************************************************************
     freq (    1) =       2.101717 [THz] =      70.105738 [cm-1]
 ( -0.015303 -0.036944 -0.290819  0.120461 -0.463004  0.191783 ) 
 ( -0.015303 -0.036944  0.290819 -0.120461  0.463004 -0.191783 ) 
 (  0.000000 -0.154456 -0.325892 -0.000000 -0.134532 -0.000000 ) 
 (  0.000000 -0.154456  0.325892  0.000000  0.134532  0.000000 ) 
     freq (    2) =       2.102064 [THz] =      70.117301 [cm-1]
 (  0.059122  0.142733 -0.301070  0.124707  0.124284 -0.051480 ) 
 ( -0.059122 -0.142733 -0.301070  0.124707  0.124284 -0.051480 ) 
 ( -0.000000  0.040013 -0.314814  0.000000  0.501130  0.000000 ) 
 ( -0.000000 -0.040013 -0.314814 -0.000000  0.501130  0.000000 ) 
     freq (    3) =       4.522555 [THz] =     150.856194 [cm-1]
 ( -0.170050 -0.410538  0.085053 -0.035230  0.041841 -0.017331 ) 
 (  0.170050  0.410538  0.085053 -0.035230  0.041841 -0.017331 ) 
 (  0.000000 -0.361931  0.207101 -0.000000  0.343701  0.000000 ) 
 (  0.000000  0.361931  0.207101  0.000000  0.343701  0.000000 ) 
     freq (    4) =       4.522614 [THz] =     150.858162 [cm-1]
 ( -0.138515 -0.334406 -0.191333  0.079253  0.317484 -0.131506 ) 
 ( -0.138515 -0.334406  0.191333 -0.079253 -0.317484  0.131506 ) 
 (  0.000000 -0.444387 -0.092074 -0.000000  0.045275  0.000000 ) 
 (  0.000000 -0.444387  0.092074  0.000000 -0.045275  0.000000 ) 
     freq (    5) =       5.924638 [THz] =     197.624664 [cm-1]
 (  0.118700  0.286567 -0.318154  0.131784  0.304333 -0.126059 ) 
 (  0.118700  0.286567  0.318154 -0.131784 -0.304333  0.126059 ) 
 (  0.000000  0.238276 -0.343388  0.000000  0.044730 -0.000000 ) 
 (  0.000000  0.238276  0.343388 -0.000000 -0.044730  0.000000 ) 
     freq (    6) =       5.924808 [THz] =     197.630324 [cm-1]
 ( -0.091196 -0.220166 -0.317223  0.131398 -0.041320  0.017115 ) 
 (  0.091196  0.220166 -0.317223  0.131398 -0.041320  0.017115 ) 
 ( -0.000000 -0.310201 -0.344380 -0.000000 -0.329381  0.000000 ) 
 ( -0.000000  0.310201 -0.344380  0.000000 -0.329381  0.000000 ) 
     freq (    7) =      11.682528 [THz] =     389.687200 [cm-1]
 ( -0.077661 -0.187490 -0.189238  0.078385  0.514000 -0.212906 ) 
 (  0.077661  0.187490 -0.189238  0.078385  0.514000 -0.212906 ) 
 ( -0.000000  0.244539  0.175660  0.000000 -0.129155 -0.000000 ) 
 (  0.000000 -0.244539  0.175660  0.000000 -0.129155  0.000000 ) 
     freq (    8) =      11.682604 [THz] =     389.689731 [cm-1]
 (  0.093592  0.225952 -0.162322  0.067236 -0.119321  0.049425 ) 
 (  0.093592  0.225952  0.162322 -0.067236  0.119321 -0.049425 ) 
 (  0.000000 -0.202963  0.204848 -0.000000  0.556309  0.000000 ) 
 ( -0.000000 -0.202963 -0.204848 -0.000000 -0.556309  0.000000 ) 
     freq (    9) =      12.745402 [THz] =     425.140860 [cm-1]
 (  0.158600  0.382893 -0.164427  0.068108  0.146731 -0.060778 ) 
 ( -0.158600 -0.382893 -0.164427  0.068108  0.146731 -0.060778 ) 
 (  0.000000 -0.417851  0.304950  0.000000 -0.061200 -0.000000 ) 
 ( -0.000000  0.417851  0.304950  0.000000 -0.061200  0.000000 ) 
     freq (   10) =      12.745445 [THz] =     425.142296 [cm-1]
 (  0.159897  0.386025  0.281765 -0.116711  0.056543 -0.023421 ) 
 (  0.159897  0.386025 -0.281765  0.116711 -0.056543  0.023421 ) 
 (  0.000000 -0.414435 -0.177981  0.000000 -0.158825 -0.000000 ) 
 ( -0.000000 -0.414435  0.177981  0.000000  0.158825  0.000000 ) 
     freq (   11) =      13.043672 [THz] =     435.090065 [cm-1]
 (  0.073392  0.177184 -0.314056  0.130086  0.039423 -0.016330 ) 
 (  0.073392  0.177184  0.314056 -0.130086 -0.039423  0.016330 ) 
 (  0.000000 -0.094543  0.440183 -0.000000 -0.378345 -0.000000 ) 
 ( -0.000000 -0.094543 -0.440183 -0.000000  0.378345  0.000000 ) 
     freq (   12) =      13.043708 [THz] =     435.091270 [cm-1]
 ( -0.036181 -0.087349 -0.406721  0.168469 -0.349494  0.144765 ) 
 (  0.036181  0.087349 -0.406721  0.168469 -0.349494  0.144765 ) 
 ( -0.000000  0.191785  0.339931  0.000000  0.042655  0.000000 ) 
 (  0.000000 -0.191785  0.339931  0.000000  0.042655  0.000000 ) 
 **************************************************************************
