Dynamical matrix file
                                                                           
  1    4  0  6.2464249  0.0000000  0.0000000  0.0000000  0.0000000  0.0000000
Basis vectors
      1.000000000    0.000000000    0.000000000
      0.000000000    1.395973545    0.000000000
      0.000000000    0.000000000    6.711099855
           1  'P   '    28230.8552091869     
    1    1      0.5000000000      1.2725434099      3.0363525217
    2    1      0.5000000000      0.1234301352      3.6747473333
    3    1      1.0000000000      0.8214168301      3.0363525203
    4    1      1.0000000000      0.5745567150      3.6747473347

     Dynamical  Matrix in cartesian axes

     q = (    0.375000000   0.000000000   0.000000000 ) 

    1    1
  0.26653987  0.00000000    0.00000000  0.00688066    0.00000000  0.00298327
  0.00000000 -0.00688066    0.20567467  0.00000000    0.02808595  0.00000000
  0.00000000 -0.00298327    0.02808595  0.00000000    0.20390916  0.00000000
    1    2
 -0.02366264  0.00000000    0.00000000  0.00182826    0.00000000 -0.00843465
  0.00000000  0.00182826   -0.00428905  0.00000000   -0.03095815  0.00000000
  0.00000000 -0.00843465   -0.03095815  0.00000000   -0.15009101  0.00000000
    1    3
 -0.02393024  0.05777271    0.11453601  0.04744237   -0.02470082 -0.01023141
  0.11453708  0.04744281   -0.02608199  0.06296750    0.00245716 -0.00593210
  0.02470121  0.01023158   -0.00245766  0.00593333   -0.00708109  0.01709527
    1    4
 -0.00389044  0.00939236    0.00607973  0.00251831   -0.02351939 -0.00974205
 -0.00608079 -0.00251875   -0.00358696  0.00865968   -0.00214773  0.00518509
 -0.02351993 -0.00974228    0.00214682 -0.00518288    0.00421851 -0.01018438
    2    1
 -0.02366264  0.00000000    0.00000000 -0.00182826    0.00000000  0.00843465
  0.00000000 -0.00182826   -0.00428905  0.00000000   -0.03095815  0.00000000
  0.00000000  0.00843465   -0.03095815  0.00000000   -0.15009101  0.00000000
    2    2
  0.26653987  0.00000000    0.00000000 -0.00688066    0.00000000 -0.00298327
  0.00000000  0.00688066    0.20567467  0.00000000    0.02808595  0.00000000
  0.00000000  0.00298327    0.02808595  0.00000000    0.20390916  0.00000000
    2    3
 -0.00389044  0.00939236   -0.00607973 -0.00251831    0.02351939  0.00974205
  0.00608079  0.00251875   -0.00358696  0.00865968   -0.00214773  0.00518509
  0.02351993  0.00974228    0.00214682 -0.00518288    0.00421851 -0.01018438
    2    4
 -0.02393024  0.05777271   -0.11453601 -0.04744237    0.02470082  0.01023141
 -0.11453708 -0.04744281   -0.02608199  0.06296750    0.00245716 -0.00593210
 -0.02470121 -0.01023158   -0.00245766  0.00593333   -0.00708109  0.01709527
    3    1
 -0.02393024 -0.05777271    0.11453708 -0.04744281    0.02470121 -0.01023158
  0.11453601 -0.04744237   -0.02608199 -0.06296750   -0.00245766 -0.00593333
 -0.02470082  0.01023141    0.00245716  0.00593210   -0.00708109 -0.01709527
    3    2
 -0.00389044 -0.00939236    0.00608079 -0.00251875    0.02351993 -0.00974228
 -0.00607973  0.00251831   -0.00358696 -0.00865968    0.00214682  0.00518288
  0.02351939 -0.00974205   -0.00214773 -0.00518509    0.00421851  0.01018438
    3    3
  0.26654926  0.00000000    0.00000000 -0.00688091    0.00000000  0.00298293
  0.00000000  0.00688091    0.20564669  0.00000000   -0.02808701  0.00000000
  0.00000000 -0.00298293   -0.02808701  0.00000000    0.20391559  0.00000000
    3    4
 -0.02366714  0.00000000    0.00000000 -0.00182768    0.00000000 -0.00843491
  0.00000000 -0.00182768   -0.00428606  0.00000000    0.03095774  0.00000000
  0.00000000 -0.00843491    0.03095774  0.00000000   -0.15009299  0.00000000
    4    1
 -0.00389044 -0.00939236   -0.00608079  0.00251875   -0.02351993  0.00974228
  0.00607973 -0.00251831   -0.00358696 -0.00865968    0.00214682  0.00518288
 -0.02351939  0.00974205   -0.00214773 -0.00518509    0.00421851  0.01018438
    4    2
 -0.02393024 -0.05777271   -0.11453708  0.04744281   -0.02470121  0.01023158
 -0.11453601  0.04744237   -0.02608199 -0.06296750   -0.00245766 -0.00593333
  0.02470082 -0.01023141    0.00245716  0.00593210   -0.00708109 -0.01709527
    4    3
 -0.02366714  0.00000000    0.00000000  0.00182768    0.00000000  0.00843491
  0.00000000  0.00182768   -0.00428606  0.00000000    0.03095774  0.00000000
  0.00000000  0.00843491    0.03095774  0.00000000   -0.15009299  0.00000000
    4    4
  0.26654926  0.00000000    0.00000000  0.00688091    0.00000000 -0.00298293
  0.00000000 -0.00688091    0.20564669  0.00000000   -0.02808701  0.00000000
  0.00000000  0.00298293   -0.02808701  0.00000000    0.20391559  0.00000000

     Dynamical  Matrix in cartesian axes

     q = (   -0.375000000   0.000000000   0.000000000 ) 

    1    1
  0.26653987  0.00000000    0.00000000 -0.00688066    0.00000000 -0.00298327
  0.00000000  0.00688066    0.20567467  0.00000000    0.02808595  0.00000000
  0.00000000  0.00298327    0.02808595  0.00000000    0.20390916  0.00000000
    1    2
 -0.02366264  0.00000000    0.00000000 -0.00182826    0.00000000  0.00843465
  0.00000000 -0.00182826   -0.00428905  0.00000000   -0.03095815  0.00000000
  0.00000000  0.00843465   -0.03095815  0.00000000   -0.15009101  0.00000000
    1    3
 -0.02393024 -0.05777271    0.11453601 -0.04744237   -0.02470082  0.01023141
  0.11453708 -0.04744281   -0.02608199 -0.06296750    0.00245716  0.00593210
  0.02470121 -0.01023158   -0.00245766 -0.00593333   -0.00708109 -0.01709527
    1    4
 -0.00389044 -0.00939236    0.00607973 -0.00251831   -0.02351939  0.00974205
 -0.00608079  0.00251875   -0.00358696 -0.00865968   -0.00214773 -0.00518509
 -0.02351993  0.00974228    0.00214682  0.00518288    0.00421851  0.01018438
    2    1
 -0.02366264  0.00000000    0.00000000  0.00182826    0.00000000 -0.00843465
  0.00000000  0.00182826   -0.00428905  0.00000000   -0.03095815  0.00000000
  0.00000000 -0.00843465   -0.03095815  0.00000000   -0.15009101  0.00000000
    2    2
  0.26653987  0.00000000    0.00000000  0.00688066    0.00000000  0.00298327
  0.00000000 -0.00688066    0.20567467  0.00000000    0.02808595  0.00000000
  0.00000000 -0.00298327    0.02808595  0.00000000    0.20390916  0.00000000
    2    3
 -0.00389044 -0.00939236   -0.00607973  0.00251831    0.02351939 -0.00974205
  0.00608079 -0.00251875   -0.00358696 -0.00865968   -0.00214773 -0.00518509
  0.02351993 -0.00974228    0.00214682  0.00518288    0.00421851  0.01018438
    2    4
 -0.02393024 -0.05777271   -0.11453601  0.04744237    0.02470082 -0.01023141
 -0.11453708  0.04744281   -0.02608199 -0.06296750    0.00245716  0.00593210
 -0.02470121  0.01023158   -0.00245766 -0.00593333   -0.00708109 -0.01709527
    3    1
 -0.02393024  0.05777271    0.11453708  0.04744281    0.02470121  0.01023158
  0.11453601  0.04744237   -0.02608199  0.06296750   -0.00245766  0.00593333
 -0.02470082 -0.01023141    0.00245716 -0.00593210   -0.00708109  0.01709527
    3    2
 -0.00389044  0.00939236    0.00608079  0.00251875    0.02351993  0.00974228
 -0.00607973 -0.00251831   -0.00358696  0.00865968    0.00214682 -0.00518288
  0.02351939  0.00974205   -0.00214773  0.00518509    0.00421851 -0.01018438
    3    3
  0.26654926  0.00000000    0.00000000  0.00688091    0.00000000 -0.00298293
  0.00000000 -0.00688091    0.20564669  0.00000000   -0.02808701  0.00000000
  0.00000000  0.00298293   -0.02808701  0.00000000    0.20391559  0.00000000
    3    4
 -0.02366714  0.00000000    0.00000000  0.00182768    0.00000000  0.00843491
  0.00000000  0.00182768   -0.00428606  0.00000000    0.03095774  0.00000000
  0.00000000  0.00843491    0.03095774  0.00000000   -0.15009299  0.00000000
    4    1
 -0.00389044  0.00939236   -0.00608079 -0.00251875   -0.02351993 -0.00974228
  0.00607973  0.00251831   -0.00358696  0.00865968    0.00214682 -0.00518288
 -0.02351939 -0.00974205   -0.00214773  0.00518509    0.00421851 -0.01018438
    4    2
 -0.02393024  0.05777271   -0.11453708 -0.04744281   -0.02470121 -0.01023158
 -0.11453601 -0.04744237   -0.02608199  0.06296750   -0.00245766  0.00593333
  0.02470082  0.01023141    0.00245716 -0.00593210   -0.00708109  0.01709527
    4    3
 -0.02366714  0.00000000    0.00000000 -0.00182768    0.00000000 -0.00843491
  0.00000000 -0.00182768   -0.00428606  0.00000000    0.03095774  0.00000000
  0.00000000 -0.00843491    0.03095774  0.00000000   -0.15009299  0.00000000
    4    4
  0.26654926  0.00000000    0.00000000 -0.00688091    0.00000000  0.00298293
  0.00000000  0.00688091    0.20564669  0.00000000   -0.02808701  0.00000000
  0.00000000 -0.00298293   -0.02808701  0.00000000    0.20391559  0.00000000

     Diagonalizing the dynamical matrix

     q = (    0.375000000   0.000000000   0.000000000 ) 

 **************************************************************************
     freq (    1) =       3.045699 [THz] =     101.593599 [cm-1]
 (  0.160604  0.066524  0.033267 -0.080313  0.176314 -0.425660 ) 
 ( -0.160604 -0.066524  0.033267 -0.080313  0.176314 -0.425660 ) 
 (  0.000000  0.173877 -0.086864 -0.000000  0.460621  0.000000 ) 
 (  0.000000 -0.173877 -0.086864 -0.000000  0.460621  0.000000 ) 
     freq (    2) =       3.546139 [THz] =     118.286461 [cm-1]
 (  0.174801  0.072405 -0.116124  0.280348 -0.133710  0.322804 ) 
 ( -0.174801 -0.072405 -0.116124  0.280348 -0.133710  0.322804 ) 
 (  0.000000 -0.189123 -0.303519 -0.000000  0.349500 -0.000000 ) 
 (  0.000000  0.189123 -0.303519  0.000000  0.349500  0.000000 ) 
     freq (    3) =       5.537847 [THz] =     184.722704 [cm-1]
 ( -0.106077 -0.043938  0.128168 -0.309425 -0.135090  0.326136 ) 
 (  0.106077  0.043938  0.128168 -0.309425 -0.135090  0.326136 ) 
 ( -0.000000  0.114784  0.334975  0.000000  0.353056  0.000000 ) 
 ( -0.000000 -0.114784  0.334975 -0.000000  0.353056  0.000000 ) 
     freq (    4) =       5.595276 [THz] =     186.638308 [cm-1]
 (  0.210976  0.087389 -0.168650  0.407158  0.022565 -0.054476 ) 
 (  0.210976  0.087389  0.168650 -0.407158 -0.022565  0.054476 ) 
 (  0.000000 -0.227100 -0.441661 -0.000000 -0.059294 -0.000000 ) 
 (  0.000000 -0.227100  0.441661  0.000000  0.059294  0.000000 ) 
     freq (    5) =       5.770870 [THz] =     192.495507 [cm-1]
 (  0.366878  0.151966  0.109542 -0.264458 -0.039214  0.094672 ) 
 (  0.366878  0.151966 -0.109542  0.264458  0.039214 -0.094672 ) 
 (  0.000000  0.397846 -0.284827  0.000000 -0.102277  0.000000 ) 
 (  0.000000  0.397846  0.284827 -0.000000  0.102277  0.000000 ) 
     freq (    6) =       7.661680 [THz] =     255.566143 [cm-1]
 ( -0.309145 -0.128052 -0.122895  0.296694  0.071509 -0.172639 ) 
 (  0.309145  0.128052 -0.122895  0.296694  0.071509 -0.172639 ) 
 ( -0.000000 -0.334658  0.321051 -0.000000  0.186854 -0.000000 ) 
 ( -0.000000  0.334658  0.321051  0.000000  0.186854  0.000000 ) 
     freq (    7) =      10.456912 [THz] =     348.805051 [cm-1]
 (  0.240435  0.099592 -0.089649  0.216432  0.136599 -0.329779 ) 
 (  0.240435  0.099592  0.089649 -0.216432 -0.136599  0.329779 ) 
 (  0.000000  0.260199  0.234259  0.000000  0.356929 -0.000000 ) 
 (  0.000000  0.260199 -0.234259  0.000000 -0.356929  0.000000 ) 
     freq (    8) =      11.600964 [THz] =     386.966512 [cm-1]
 (  0.321941  0.133353  0.051784 -0.125017 -0.127092  0.306827 ) 
 (  0.321941  0.133353 -0.051784  0.125017  0.127092 -0.306827 ) 
 ( -0.000000 -0.348431  0.135400 -0.000000  0.332004  0.000000 ) 
 ( -0.000000 -0.348431 -0.135400  0.000000 -0.332004  0.000000 ) 
     freq (    9) =      12.161256 [THz] =     405.655830 [cm-1]
 ( -0.303461 -0.125698  0.142830 -0.344822  0.020463 -0.049401 ) 
 (  0.303461  0.125698  0.142830 -0.344822  0.020463 -0.049401 ) 
 (  0.000000 -0.328170 -0.373351 -0.000000  0.053510  0.000000 ) 
 ( -0.000000  0.328170 -0.373351 -0.000000  0.053510  0.000000 ) 
     freq (   10) =      12.248085 [THz] =     408.552150 [cm-1]
 ( -0.143990 -0.059642  0.128983 -0.311393  0.128107 -0.309278 ) 
 ( -0.143990 -0.059642 -0.128983  0.311393 -0.128107  0.309278 ) 
 (  0.000000 -0.155895 -0.337012 -0.000000  0.334907  0.000000 ) 
 ( -0.000000 -0.155895  0.337012 -0.000000 -0.334907  0.000000 ) 
     freq (   11) =      12.612425 [THz] =     420.705203 [cm-1]
 (  0.414145  0.171545  0.081861 -0.197630  0.021834 -0.052711 ) 
 ( -0.414145 -0.171545  0.081861 -0.197630  0.021834 -0.052711 ) 
 (  0.000000 -0.448478  0.213677  0.000000 -0.057025 -0.000000 ) 
 ( -0.000000  0.448478  0.213677  0.000000 -0.057025  0.000000 ) 
     freq (   12) =      12.652542 [THz] =     422.043382 [cm-1]
 (  0.255886  0.105992  0.073659 -0.177829  0.141256 -0.341021 ) 
 (  0.255886  0.105992 -0.073659  0.177829 -0.141256  0.341021 ) 
 (  0.000000 -0.277006  0.192410  0.000000 -0.369102 -0.000000 ) 
 ( -0.000000 -0.277006 -0.192410  0.000000  0.369102  0.000000 ) 
 **************************************************************************
