Dynamical matrix file
                                                                           
  1    4  0  6.2464249  0.0000000  0.0000000  0.0000000  0.0000000  0.0000000
Basis vectors
      1.000000000    0.000000000    0.000000000
      0.000000000    1.395973545    0.000000000
      0.000000000    0.000000000    6.711099855
           1  'P   '    28230.8552091869     
    1    1      0.5000000000      1.2725434099      3.0363525217
    2    1      0.5000000000      0.1234301352      3.6747473333
    3    1      1.0000000000      0.8214168301      3.0363525203
    4    1      1.0000000000      0.5745567150      3.6747473347

     Dynamical  Matrix in cartesian axes

     q = (   -0.500000000   0.119390992   0.000000000 ) 

    1    1
  0.27468596  0.00000000    0.00000000  0.00000000    0.00000000  0.00000000
  0.00000000  0.00000000    0.20279584  0.00000000    0.02955520  0.00526828
  0.00000000  0.00000000    0.02955520 -0.00526828    0.20601671  0.00000000
    1    2
 -0.01238846 -0.02275440    0.00000000  0.00000000    0.00000000  0.00000000
  0.00000000  0.00000000    0.00435896 -0.00798842   -0.02047365 -0.02104149
  0.00000000  0.00000000   -0.02047365 -0.02104149   -0.06425842 -0.13961120
    1    3
  0.00000000 -0.00000000    0.13631525  0.00036826   -0.03107303  0.00381787
  0.13631580  0.00036810    0.00000000 -0.00000000    0.00000000  0.00000000
  0.03107334 -0.00381746   -0.00000000 -0.00000000    0.00000000  0.00000000
    1    4
  0.00000000  0.00000000    0.01322414 -0.01423114   -0.01583217 -0.02498169
  0.00571312 -0.01856759    0.00000000  0.00000000   -0.00000000  0.00000000
 -0.02955017 -0.00122015    0.00000000  0.00000000   -0.00000000 -0.00000000
    2    1
 -0.01238846  0.02275440    0.00000000  0.00000000    0.00000000  0.00000000
  0.00000000  0.00000000    0.00435896  0.00798842   -0.02047365  0.02104149
  0.00000000  0.00000000   -0.02047365  0.02104149   -0.06425842  0.13961120
    2    2
  0.27468596  0.00000000    0.00000000  0.00000000    0.00000000  0.00000000
  0.00000000  0.00000000    0.20279584  0.00000000    0.02955520 -0.00526828
  0.00000000  0.00000000    0.02955520  0.00526828    0.20601671  0.00000000
    2    3
  0.00000000 -0.00000000   -0.01322414 -0.01423114    0.01583217 -0.02498169
 -0.00571312 -0.01856759    0.00000000 -0.00000000   -0.00000000  0.00000000
  0.02955017 -0.00122015    0.00000000 -0.00000000   -0.00000000  0.00000000
    2    4
  0.00000000  0.00000000   -0.13631525  0.00036826    0.03107303  0.00381787
 -0.13631580  0.00036810    0.00000000  0.00000000    0.00000000 -0.00000000
 -0.03107334 -0.00381746   -0.00000000  0.00000000    0.00000000 -0.00000000
    3    1
  0.00000000  0.00000000    0.13631580 -0.00036810    0.03107334  0.00381746
  0.13631525 -0.00036826    0.00000000  0.00000000   -0.00000000  0.00000000
 -0.03107303 -0.00381787    0.00000000 -0.00000000    0.00000000 -0.00000000
    3    2
  0.00000000  0.00000000   -0.00571312  0.01856759    0.02955017  0.00122015
 -0.01322414  0.01423114    0.00000000  0.00000000    0.00000000  0.00000000
  0.01583217  0.02498169   -0.00000000 -0.00000000   -0.00000000 -0.00000000
    3    3
  0.27469078  0.00000000    0.00000000  0.00000000    0.00000000  0.00000000
  0.00000000  0.00000000    0.20276989  0.00000000   -0.02955758  0.00526790
  0.00000000  0.00000000   -0.02955758 -0.00526790    0.20602092  0.00000000
    3    4
 -0.02590168  0.00064807    0.00000000  0.00000000    0.00000000  0.00000000
  0.00000000  0.00000000   -0.00473650  0.00776955    0.02845806  0.00720983
  0.00000000  0.00000000    0.02845806  0.00720983   -0.15303469  0.01415677
    4    1
  0.00000000 -0.00000000    0.00571312  0.01856759   -0.02955017  0.00122015
  0.01322414  0.01423114    0.00000000 -0.00000000    0.00000000 -0.00000000
 -0.01583217  0.02498169   -0.00000000  0.00000000   -0.00000000  0.00000000
    4    2
  0.00000000 -0.00000000   -0.13631580 -0.00036810   -0.03107334  0.00381746
 -0.13631525 -0.00036826    0.00000000 -0.00000000   -0.00000000 -0.00000000
  0.03107303 -0.00381787    0.00000000  0.00000000    0.00000000  0.00000000
    4    3
 -0.02590168 -0.00064807    0.00000000  0.00000000    0.00000000  0.00000000
  0.00000000  0.00000000   -0.00473650 -0.00776955    0.02845806 -0.00720983
  0.00000000  0.00000000    0.02845806 -0.00720983   -0.15303469 -0.01415677
    4    4
  0.27469078  0.00000000    0.00000000  0.00000000    0.00000000  0.00000000
  0.00000000  0.00000000    0.20276989  0.00000000   -0.02955758 -0.00526790
  0.00000000  0.00000000   -0.02955758  0.00526790    0.20602092  0.00000000

     Dynamical  Matrix in cartesian axes

     q = (    0.500000000  -0.119390992   0.000000000 ) 

    1    1
  0.27468596  0.00000000    0.00000000  0.00000000    0.00000000  0.00000000
  0.00000000  0.00000000    0.20279584  0.00000000    0.02955520 -0.00526828
  0.00000000  0.00000000    0.02955520  0.00526828    0.20601671  0.00000000
    1    2
 -0.01238846  0.02275440    0.00000000  0.00000000    0.00000000  0.00000000
  0.00000000  0.00000000    0.00435896  0.00798842   -0.02047365  0.02104149
  0.00000000  0.00000000   -0.02047365  0.02104149   -0.06425842  0.13961120
    1    3
 -0.00000000 -0.00000000    0.13631525 -0.00036826   -0.03107303 -0.00381787
  0.13631580 -0.00036810   -0.00000000 -0.00000000   -0.00000000  0.00000000
  0.03107334  0.00381746    0.00000000 -0.00000000   -0.00000000  0.00000000
    1    4
 -0.00000000  0.00000000    0.01322414  0.01423114   -0.01583217  0.02498169
  0.00571312  0.01856759   -0.00000000  0.00000000    0.00000000  0.00000000
 -0.02955017  0.00122015   -0.00000000  0.00000000    0.00000000 -0.00000000
    2    1
 -0.01238846 -0.02275440    0.00000000  0.00000000    0.00000000  0.00000000
  0.00000000  0.00000000    0.00435896 -0.00798842   -0.02047365 -0.02104149
  0.00000000  0.00000000   -0.02047365 -0.02104149   -0.06425842 -0.13961120
    2    2
  0.27468596  0.00000000    0.00000000  0.00000000    0.00000000  0.00000000
  0.00000000  0.00000000    0.20279584  0.00000000    0.02955520  0.00526828
  0.00000000  0.00000000    0.02955520 -0.00526828    0.20601671  0.00000000
    2    3
 -0.00000000 -0.00000000   -0.01322414  0.01423114    0.01583217  0.02498169
 -0.00571312  0.01856759   -0.00000000 -0.00000000    0.00000000  0.00000000
  0.02955017  0.00122015   -0.00000000 -0.00000000    0.00000000  0.00000000
    2    4
 -0.00000000  0.00000000   -0.13631525 -0.00036826    0.03107303 -0.00381787
 -0.13631580 -0.00036810   -0.00000000  0.00000000   -0.00000000 -0.00000000
 -0.03107334  0.00381746    0.00000000  0.00000000   -0.00000000 -0.00000000
    3    1
 -0.00000000  0.00000000    0.13631580  0.00036810    0.03107334 -0.00381746
  0.13631525  0.00036826   -0.00000000  0.00000000    0.00000000  0.00000000
 -0.03107303  0.00381787   -0.00000000 -0.00000000   -0.00000000 -0.00000000
    3    2
 -0.00000000  0.00000000   -0.00571312 -0.01856759    0.02955017 -0.00122015
 -0.01322414 -0.01423114   -0.00000000  0.00000000   -0.00000000  0.00000000
  0.01583217 -0.02498169    0.00000000 -0.00000000    0.00000000 -0.00000000
    3    3
  0.27469078  0.00000000    0.00000000  0.00000000    0.00000000  0.00000000
  0.00000000  0.00000000    0.20276989  0.00000000   -0.02955758 -0.00526790
  0.00000000  0.00000000   -0.02955758  0.00526790    0.20602092  0.00000000
    3    4
 -0.02590168 -0.00064807    0.00000000  0.00000000    0.00000000  0.00000000
  0.00000000  0.00000000   -0.00473650 -0.00776955    0.02845806 -0.00720983
  0.00000000  0.00000000    0.02845806 -0.00720983   -0.15303469 -0.01415677
    4    1
 -0.00000000 -0.00000000    0.00571312 -0.01856759   -0.02955017 -0.00122015
  0.01322414 -0.01423114   -0.00000000 -0.00000000   -0.00000000 -0.00000000
 -0.01583217 -0.02498169    0.00000000  0.00000000    0.00000000  0.00000000
    4    2
 -0.00000000 -0.00000000   -0.13631580  0.00036810   -0.03107334 -0.00381746
 -0.13631525  0.00036826   -0.00000000 -0.00000000    0.00000000 -0.00000000
  0.03107303  0.00381787   -0.00000000  0.00000000   -0.00000000  0.00000000
    4    3
 -0.02590168  0.00064807    0.00000000  0.00000000    0.00000000  0.00000000
  0.00000000  0.00000000   -0.00473650  0.00776955    0.02845806  0.00720983
  0.00000000  0.00000000    0.02845806  0.00720983   -0.15303469  0.01415677
    4    4
  0.27469078  0.00000000    0.00000000  0.00000000    0.00000000  0.00000000
  0.00000000  0.00000000    0.20276989  0.00000000   -0.02955758  0.00526790
  0.00000000  0.00000000   -0.02955758 -0.00526790    0.20602092  0.00000000

     Diagonalizing the dynamical matrix

     q = (   -0.500000000   0.119390992   0.000000000 ) 

 **************************************************************************
     freq (    1) =       3.596700 [THz] =     119.972987 [cm-1]
 ( -0.000000 -0.000000  0.147567  0.127506  0.282258  0.576502 ) 
 (  0.000000 -0.000000  0.178368  0.078858  0.641833  0.008580 ) 
 ( -0.156415 -0.159615  0.000000  0.000000 -0.000000  0.000000 ) 
 (  0.211177  0.073123  0.000000 -0.000000 -0.000000  0.000000 ) 
     freq (    2) =       3.596900 [THz] =     119.979665 [cm-1]
 ( -0.215708 -0.058535 -0.000000 -0.000000 -0.000000 -0.000000 ) 
 (  0.212169 -0.070290 -0.000000 -0.000000 -0.000000 -0.000000 ) 
 (  0.000000  0.000000  0.183381  0.066500 -0.640899  0.035239 ) 
 ( -0.000000 -0.000000  0.179453 -0.076467 -0.641867  0.000000 ) 
     freq (    3) =       5.001773 [THz] =     166.841186 [cm-1]
 (  0.087789 -0.416716  0.000000  0.000000 -0.000000 -0.000000 ) 
 ( -0.419009 -0.076098 -0.000000 -0.000000  0.000000  0.000000 ) 
 ( -0.000000 -0.000000 -0.129236  0.522226 -0.064558  0.158274 ) 
 ( -0.000000 -0.000000 -0.532358 -0.077570 -0.170934  0.000000 ) 
     freq (    4) =       5.002406 [THz] =     166.862312 [cm-1]
 ( -0.000000  0.000000  0.433524  0.318541 -0.150858 -0.080302 ) 
 (  0.000000  0.000000 -0.166950 -0.511409  0.029084  0.168406 ) 
 ( -0.334178 -0.264022  0.000000 -0.000000  0.000000 -0.000000 ) 
 ( -0.146242 -0.399994  0.000000  0.000000  0.000000  0.000000 ) 
     freq (    5) =       7.256702 [THz] =     242.057535 [cm-1]
 (  0.141670  0.321096  0.000000  0.000000 -0.000000 -0.000000 ) 
 ( -0.246568  0.249755  0.000000  0.000000 -0.000000 -0.000000 ) 
 ( -0.000000 -0.000000 -0.287127 -0.480645 -0.235280 -0.089490 ) 
 (  0.000000  0.000000 -0.439244  0.347169 -0.251725  0.000000 ) 
     freq (    6) =       7.257180 [THz] =     242.073485 [cm-1]
 ( -0.000000 -0.000000  0.497186  0.257412 -0.103603 -0.229378 ) 
 (  0.000000 -0.000000  0.238030  0.506751 -0.225208 -0.112380 ) 
 ( -0.329138 -0.121924  0.000000  0.000000  0.000000  0.000000 ) 
 (  0.109130  0.333599  0.000000 -0.000000  0.000000  0.000000 ) 
     freq (    7) =      10.962416 [THz] =     365.666839 [cm-1]
 (  0.441887 -0.058845 -0.000000 -0.000000  0.000000  0.000000 ) 
 (  0.439049  0.077218  0.000000 -0.000000 -0.000000 -0.000000 ) 
 ( -0.000000 -0.000000  0.237561 -0.054582  0.491364  0.020505 ) 
 ( -0.000000  0.000000 -0.235079 -0.064439 -0.491792  0.000000 ) 
     freq (    8) =      10.962486 [THz] =     365.669169 [cm-1]
 (  0.000000 -0.000000  0.065833  0.234685 -0.253317 -0.421583 ) 
 (  0.000000  0.000000 -0.236562  0.058734  0.491691  0.011909 ) 
 (  0.159927  0.416066  0.000000 -0.000000  0.000000  0.000000 ) 
 (  0.440747 -0.066557 -0.000000 -0.000000 -0.000000  0.000000 ) 
     freq (    9) =      12.223551 [THz] =     407.733762 [cm-1]
 (  0.185797  0.452185  0.000000  0.000000  0.000000  0.000000 ) 
 (  0.318255 -0.371087 -0.000000 -0.000000 -0.000000 -0.000000 ) 
 (  0.000000  0.000000  0.221468  0.375269 -0.253248 -0.083657 ) 
 (  0.000000  0.000000 -0.328000  0.286864  0.266708  0.000000 ) 
     freq (   10) =      12.223740 [THz] =     407.740077 [cm-1]
 (  0.000000  0.000000 -0.378771 -0.215468 -0.087689 -0.251866 ) 
 (  0.000000 -0.000000  0.147242  0.410139  0.233072  0.129628 ) 
 ( -0.455077 -0.178564  0.000000  0.000000 -0.000000 -0.000000 ) 
 ( -0.097785 -0.478976 -0.000000  0.000000  0.000000  0.000000 ) 
     freq (   11) =      12.800532 [THz] =     426.979777 [cm-1]
 (  0.187243 -0.415612  0.000000  0.000000  0.000000 -0.000000 ) 
 (  0.312637  0.331739  0.000000  0.000000  0.000000  0.000000 ) 
 (  0.000000  0.000000  0.189880 -0.271517 -0.403730  0.139404 ) 
 ( -0.000000 -0.000000 -0.268100 -0.194675  0.427120  0.000000 ) 
     freq (   12) =      12.800624 [THz] =     426.982871 [cm-1]
 ( -0.000000  0.000000  0.310269  0.116313  0.411672 -0.113670 ) 
 ( -0.000000 -0.000000  0.215071  0.252072  0.033401  0.425769 ) 
 (  0.389671  0.236572 -0.000000  0.000000  0.000000 -0.000000 ) 
 ( -0.355188 -0.285746  0.000000  0.000000 -0.000000  0.000000 ) 
 **************************************************************************
