Dynamical matrix file
                                                                           
  1    4  0  6.2464249  0.0000000  0.0000000  0.0000000  0.0000000  0.0000000
Basis vectors
      1.000000000    0.000000000    0.000000000
      0.000000000    1.395973545    0.000000000
      0.000000000    0.000000000    6.711099855
           1  'P   '    28230.8552091869     
    1    1      0.5000000000      1.2725434099      3.0363525217
    2    1      0.5000000000      0.1234301352      3.6747473333
    3    1      1.0000000000      0.8214168301      3.0363525203
    4    1      1.0000000000      0.5745567150      3.6747473347

     Dynamical  Matrix in cartesian axes

     q = (    0.125000000   0.238781984   0.000000000 ) 

    1    1
  0.23454470  0.00000000   -0.00099489  0.01076088   -0.00078277  0.00828473
 -0.00099489 -0.01076088    0.24443909  0.00000000    0.01922573 -0.00292068
 -0.00078277 -0.00828473    0.01922573  0.00292068    0.20811610  0.00000000
    1    2
  0.00910423 -0.01838115   -0.00001284  0.00314726    0.00176146 -0.00262567
 -0.00001284  0.00314726    0.00367397 -0.01279865    0.01547995 -0.01765069
  0.00176146 -0.00262567    0.01547995 -0.01765069    0.07502564 -0.14144361
    1    3
 -0.15470452  0.06390136    0.01716447  0.04095922   -0.00524688 -0.01228586
  0.01716412  0.04095998   -0.16612155  0.06661643    0.01692392 -0.00437864
  0.00524671  0.01228591   -0.01692436  0.00437718   -0.05290258  0.03200288
    1    4
 -0.00584146 -0.00448259    0.00714757  0.00918404    0.00687463  0.00121538
  0.01072138  0.00452689   -0.01327974 -0.01019001   -0.00006628 -0.01735966
 -0.00295345 -0.00632502    0.01678330 -0.00443065    0.00830357  0.00637164
    2    1
  0.00910423  0.01838115   -0.00001284 -0.00314726    0.00176146  0.00262567
 -0.00001284 -0.00314726    0.00367397  0.01279865    0.01547995  0.01765069
  0.00176146  0.00262567    0.01547995  0.01765069    0.07502564  0.14144361
    2    2
  0.23454470  0.00000000   -0.00099489 -0.01076088   -0.00078277 -0.00828473
 -0.00099489  0.01076088    0.24443909  0.00000000    0.01922573  0.00292068
 -0.00078277  0.00828473    0.01922573 -0.00292068    0.20811610  0.00000000
    2    3
 -0.00096087  0.00730021   -0.00144000 -0.01154819    0.00400170 -0.00572050
  0.00438017 -0.01078216   -0.00218477  0.01659562    0.01222827  0.01232200
  0.00238406  0.00656087    0.01500053 -0.00873465    0.00136609 -0.01037694
    2    4
 -0.15457770  0.06420753   -0.01682543 -0.04109965    0.00497731  0.01239752
 -0.01682621 -0.04109995   -0.16457061  0.07036075    0.01506318 -0.00887085
 -0.00497747 -0.01239743   -0.01506247  0.00887219   -0.06003722  0.01477832
    3    1
 -0.15470452 -0.06390136    0.01716412 -0.04095998    0.00524671 -0.01228591
  0.01716447 -0.04095922   -0.16612155 -0.06661643   -0.01692436 -0.00437718
 -0.00524688  0.01228586    0.01692392  0.00437864   -0.05290258 -0.03200288
    3    2
 -0.00096087 -0.00730021    0.00438017  0.01078216    0.00238406 -0.00656087
 -0.00144000  0.01154819   -0.00218477 -0.01659562    0.01500053  0.00873465
  0.00400170  0.00572050    0.01222827 -0.01232200    0.00136609  0.01037694
    3    3
  0.23455297  0.00000000   -0.00099618 -0.01076069    0.00078308  0.00828501
 -0.00099618  0.01076069    0.24441220  0.00000000   -0.01922666 -0.00291956
  0.00078308 -0.00828501   -0.01922666  0.00291956    0.20812281  0.00000000
    3    4
 -0.02047450 -0.00130828    0.00273219  0.00156281    0.00315450 -0.00021243
  0.00273219  0.00156281   -0.01291608 -0.00321554    0.02302442 -0.00458143
  0.00315450 -0.00021243    0.02302442 -0.00458143   -0.16000886 -0.00574880
    4    1
 -0.00584146  0.00448259    0.01072138 -0.00452689   -0.00295345  0.00632502
  0.00714757 -0.00918404   -0.01327974  0.01019001    0.01678330  0.00443065
  0.00687463 -0.00121538   -0.00006628  0.01735966    0.00830357 -0.00637164
    4    2
 -0.15457770 -0.06420753   -0.01682621  0.04109995   -0.00497747  0.01239743
 -0.01682543  0.04109965   -0.16457061 -0.07036075   -0.01506247 -0.00887219
  0.00497731 -0.01239752    0.01506318  0.00887085   -0.06003722 -0.01477832
    4    3
 -0.02047450  0.00130828    0.00273219 -0.00156281    0.00315450  0.00021243
  0.00273219 -0.00156281   -0.01291608  0.00321554    0.02302442  0.00458143
  0.00315450  0.00021243    0.02302442  0.00458143   -0.16000886  0.00574880
    4    4
  0.23455297  0.00000000   -0.00099618  0.01076069    0.00078308 -0.00828501
 -0.00099618 -0.01076069    0.24441220  0.00000000   -0.01922666  0.00291956
  0.00078308  0.00828501   -0.01922666 -0.00291956    0.20812281  0.00000000

     Dynamical  Matrix in cartesian axes

     q = (    0.125000000  -0.238781984   0.000000000 ) 

    1    1
  0.23454470  0.00000000    0.00099489  0.01076088    0.00078277  0.00828473
  0.00099489 -0.01076088    0.24443909  0.00000000    0.01922573  0.00292068
  0.00078277 -0.00828473    0.01922573 -0.00292068    0.20811610  0.00000000
    1    2
  0.00910423  0.01838115    0.00001284  0.00314726   -0.00176146 -0.00262567
  0.00001284  0.00314726    0.00367397  0.01279865    0.01547995  0.01765069
 -0.00176146 -0.00262567    0.01547995  0.01765069    0.07502564  0.14144361
    1    3
 -0.15457770  0.06420753    0.01682543  0.04109965   -0.00497731 -0.01239752
  0.01682621  0.04109995   -0.16457061  0.07036075    0.01506318 -0.00887085
  0.00497747  0.01239743   -0.01506247  0.00887219   -0.06003722  0.01477832
    1    4
 -0.00096087  0.00730021    0.00144000  0.01154819   -0.00400170  0.00572050
 -0.00438017  0.01078216   -0.00218477  0.01659562    0.01222827  0.01232200
 -0.00238406 -0.00656087    0.01500053 -0.00873465    0.00136609 -0.01037694
    2    1
  0.00910423 -0.01838115    0.00001284 -0.00314726   -0.00176146  0.00262567
  0.00001284 -0.00314726    0.00367397 -0.01279865    0.01547995 -0.01765069
 -0.00176146  0.00262567    0.01547995 -0.01765069    0.07502564 -0.14144361
    2    2
  0.23454470  0.00000000    0.00099489 -0.01076088    0.00078277 -0.00828473
  0.00099489  0.01076088    0.24443909  0.00000000    0.01922573 -0.00292068
  0.00078277  0.00828473    0.01922573  0.00292068    0.20811610  0.00000000
    2    3
 -0.00584146 -0.00448259   -0.00714757 -0.00918404   -0.00687463 -0.00121538
 -0.01072138 -0.00452689   -0.01327974 -0.01019001   -0.00006628 -0.01735966
  0.00295345  0.00632502    0.01678330 -0.00443065    0.00830357  0.00637164
    2    4
 -0.15470452  0.06390136   -0.01716447 -0.04095922    0.00524688  0.01228586
 -0.01716412 -0.04095998   -0.16612155  0.06661643    0.01692392 -0.00437864
 -0.00524671 -0.01228591   -0.01692436  0.00437718   -0.05290258  0.03200288
    3    1
 -0.15457770 -0.06420753    0.01682621 -0.04109995    0.00497747 -0.01239743
  0.01682543 -0.04109965   -0.16457061 -0.07036075   -0.01506247 -0.00887219
 -0.00497731  0.01239752    0.01506318  0.00887085   -0.06003722 -0.01477832
    3    2
 -0.00584146  0.00448259   -0.01072138  0.00452689    0.00295345 -0.00632502
 -0.00714757  0.00918404   -0.01327974  0.01019001    0.01678330  0.00443065
 -0.00687463  0.00121538   -0.00006628  0.01735966    0.00830357 -0.00637164
    3    3
  0.23455297  0.00000000    0.00099618 -0.01076069   -0.00078308  0.00828501
  0.00099618  0.01076069    0.24441220  0.00000000   -0.01922666  0.00291956
 -0.00078308 -0.00828501   -0.01922666 -0.00291956    0.20812281  0.00000000
    3    4
 -0.02047450  0.00130828   -0.00273219  0.00156281   -0.00315450 -0.00021243
 -0.00273219  0.00156281   -0.01291608  0.00321554    0.02302442  0.00458143
 -0.00315450 -0.00021243    0.02302442  0.00458143   -0.16000886  0.00574880
    4    1
 -0.00096087 -0.00730021   -0.00438017 -0.01078216   -0.00238406  0.00656087
  0.00144000 -0.01154819   -0.00218477 -0.01659562    0.01500053  0.00873465
 -0.00400170 -0.00572050    0.01222827 -0.01232200    0.00136609  0.01037694
    4    2
 -0.15470452 -0.06390136   -0.01716412  0.04095998   -0.00524671  0.01228591
 -0.01716447  0.04095922   -0.16612155 -0.06661643   -0.01692436 -0.00437718
  0.00524688 -0.01228586    0.01692392  0.00437864   -0.05290258 -0.03200288
    4    3
 -0.02047450 -0.00130828   -0.00273219 -0.00156281   -0.00315450  0.00021243
 -0.00273219 -0.00156281   -0.01291608 -0.00321554    0.02302442 -0.00458143
 -0.00315450  0.00021243    0.02302442 -0.00458143   -0.16000886 -0.00574880
    4    4
  0.23455297  0.00000000    0.00099618  0.01076069   -0.00078308 -0.00828501
  0.00099618 -0.01076069    0.24441220  0.00000000   -0.01922666 -0.00291956
 -0.00078308  0.00828501   -0.01922666  0.00291956    0.20812281  0.00000000

     Dynamical  Matrix in cartesian axes

     q = (   -0.125000000  -0.238781984   0.000000000 ) 

    1    1
  0.23454470  0.00000000   -0.00099489 -0.01076088   -0.00078277 -0.00828473
 -0.00099489  0.01076088    0.24443909  0.00000000    0.01922573  0.00292068
 -0.00078277  0.00828473    0.01922573 -0.00292068    0.20811610  0.00000000
    1    2
  0.00910423  0.01838115   -0.00001284 -0.00314726    0.00176146  0.00262567
 -0.00001284 -0.00314726    0.00367397  0.01279865    0.01547995  0.01765069
  0.00176146  0.00262567    0.01547995  0.01765069    0.07502564  0.14144361
    1    3
 -0.15470452 -0.06390136    0.01716447 -0.04095922   -0.00524688  0.01228586
  0.01716412 -0.04095998   -0.16612155 -0.06661643    0.01692392  0.00437864
  0.00524671 -0.01228591   -0.01692436 -0.00437718   -0.05290258 -0.03200288
    1    4
 -0.00584146  0.00448259    0.00714757 -0.00918404    0.00687463 -0.00121538
  0.01072138 -0.00452689   -0.01327974  0.01019001   -0.00006628  0.01735966
 -0.00295345  0.00632502    0.01678330  0.00443065    0.00830357 -0.00637164
    2    1
  0.00910423 -0.01838115   -0.00001284  0.00314726    0.00176146 -0.00262567
 -0.00001284  0.00314726    0.00367397 -0.01279865    0.01547995 -0.01765069
  0.00176146 -0.00262567    0.01547995 -0.01765069    0.07502564 -0.14144361
    2    2
  0.23454470  0.00000000   -0.00099489  0.01076088   -0.00078277  0.00828473
 -0.00099489 -0.01076088    0.24443909  0.00000000    0.01922573 -0.00292068
 -0.00078277 -0.00828473    0.01922573  0.00292068    0.20811610  0.00000000
    2    3
 -0.00096087 -0.00730021   -0.00144000  0.01154819    0.00400170  0.00572050
  0.00438017  0.01078216   -0.00218477 -0.01659562    0.01222827 -0.01232200
  0.00238406 -0.00656087    0.01500053  0.00873465    0.00136609  0.01037694
    2    4
 -0.15457770 -0.06420753   -0.01682543  0.04109965    0.00497731 -0.01239752
 -0.01682621  0.04109995   -0.16457061 -0.07036075    0.01506318  0.00887085
 -0.00497747  0.01239743   -0.01506247 -0.00887219   -0.06003722 -0.01477832
    3    1
 -0.15470452  0.06390136    0.01716412  0.04095998    0.00524671  0.01228591
  0.01716447  0.04095922   -0.16612155  0.06661643   -0.01692436  0.00437718
 -0.00524688 -0.01228586    0.01692392 -0.00437864   -0.05290258  0.03200288
    3    2
 -0.00096087  0.00730021    0.00438017 -0.01078216    0.00238406  0.00656087
 -0.00144000 -0.01154819   -0.00218477  0.01659562    0.01500053 -0.00873465
  0.00400170 -0.00572050    0.01222827  0.01232200    0.00136609 -0.01037694
    3    3
  0.23455297  0.00000000   -0.00099618  0.01076069    0.00078308 -0.00828501
 -0.00099618 -0.01076069    0.24441220  0.00000000   -0.01922666  0.00291956
  0.00078308  0.00828501   -0.01922666 -0.00291956    0.20812281  0.00000000
    3    4
 -0.02047450  0.00130828    0.00273219 -0.00156281    0.00315450  0.00021243
  0.00273219 -0.00156281   -0.01291608  0.00321554    0.02302442  0.00458143
  0.00315450  0.00021243    0.02302442  0.00458143   -0.16000886  0.00574880
    4    1
 -0.00584146 -0.00448259    0.01072138  0.00452689   -0.00295345 -0.00632502
  0.00714757  0.00918404   -0.01327974 -0.01019001    0.01678330 -0.00443065
  0.00687463  0.00121538   -0.00006628 -0.01735966    0.00830357  0.00637164
    4    2
 -0.15457770  0.06420753   -0.01682621 -0.04109995   -0.00497747 -0.01239743
 -0.01682543 -0.04109965   -0.16457061  0.07036075   -0.01506247  0.00887219
  0.00497731  0.01239752    0.01506318 -0.00887085   -0.06003722  0.01477832
    4    3
 -0.02047450 -0.00130828    0.00273219  0.00156281    0.00315450 -0.00021243
  0.00273219  0.00156281   -0.01291608 -0.00321554    0.02302442 -0.00458143
  0.00315450 -0.00021243    0.02302442 -0.00458143   -0.16000886 -0.00574880
    4    4
  0.23455297  0.00000000   -0.00099618 -0.01076069    0.00078308  0.00828501
 -0.00099618  0.01076069    0.24441220  0.00000000   -0.01922666 -0.00291956
  0.00078308 -0.00828501   -0.01922666  0.00291956    0.20812281  0.00000000

     Dynamical  Matrix in cartesian axes

     q = (   -0.125000000   0.238781984   0.000000000 ) 

    1    1
  0.23454470  0.00000000    0.00099489 -0.01076088    0.00078277 -0.00828473
  0.00099489  0.01076088    0.24443909  0.00000000    0.01922573 -0.00292068
  0.00078277  0.00828473    0.01922573  0.00292068    0.20811610  0.00000000
    1    2
  0.00910423 -0.01838115    0.00001284 -0.00314726   -0.00176146  0.00262567
  0.00001284 -0.00314726    0.00367397 -0.01279865    0.01547995 -0.01765069
 -0.00176146  0.00262567    0.01547995 -0.01765069    0.07502564 -0.14144361
    1    3
 -0.15457770 -0.06420753    0.01682543 -0.04109965   -0.00497731  0.01239752
  0.01682621 -0.04109995   -0.16457061 -0.07036075    0.01506318  0.00887085
  0.00497747 -0.01239743   -0.01506247 -0.00887219   -0.06003722 -0.01477832
    1    4
 -0.00096087 -0.00730021    0.00144000 -0.01154819   -0.00400170 -0.00572050
 -0.00438017 -0.01078216   -0.00218477 -0.01659562    0.01222827 -0.01232200
 -0.00238406  0.00656087    0.01500053  0.00873465    0.00136609  0.01037694
    2    1
  0.00910423  0.01838115    0.00001284  0.00314726   -0.00176146 -0.00262567
  0.00001284  0.00314726    0.00367397  0.01279865    0.01547995  0.01765069
 -0.00176146 -0.00262567    0.01547995  0.01765069    0.07502564  0.14144361
    2    2
  0.23454470  0.00000000    0.00099489  0.01076088    0.00078277  0.00828473
  0.00099489 -0.01076088    0.24443909  0.00000000    0.01922573  0.00292068
  0.00078277 -0.00828473    0.01922573 -0.00292068    0.20811610  0.00000000
    2    3
 -0.00584146  0.00448259   -0.00714757  0.00918404   -0.00687463  0.00121538
 -0.01072138  0.00452689   -0.01327974  0.01019001   -0.00006628  0.01735966
  0.00295345 -0.00632502    0.01678330  0.00443065    0.00830357 -0.00637164
    2    4
 -0.15470452 -0.06390136   -0.01716447  0.04095922    0.00524688 -0.01228586
 -0.01716412  0.04095998   -0.16612155 -0.06661643    0.01692392  0.00437864
 -0.00524671  0.01228591   -0.01692436 -0.00437718   -0.05290258 -0.03200288
    3    1
 -0.15457770  0.06420753    0.01682621  0.04109995    0.00497747  0.01239743
  0.01682543  0.04109965   -0.16457061  0.07036075   -0.01506247  0.00887219
 -0.00497731 -0.01239752    0.01506318 -0.00887085   -0.06003722  0.01477832
    3    2
 -0.00584146 -0.00448259   -0.01072138 -0.00452689    0.00295345  0.00632502
 -0.00714757 -0.00918404   -0.01327974 -0.01019001    0.01678330 -0.00443065
 -0.00687463 -0.00121538   -0.00006628 -0.01735966    0.00830357  0.00637164
    3    3
  0.23455297  0.00000000    0.00099618  0.01076069   -0.00078308 -0.00828501
  0.00099618 -0.01076069    0.24441220  0.00000000   -0.01922666 -0.00291956
 -0.00078308  0.00828501   -0.01922666  0.00291956    0.20812281  0.00000000
    3    4
 -0.02047450 -0.00130828   -0.00273219 -0.00156281   -0.00315450  0.00021243
 -0.00273219 -0.00156281   -0.01291608 -0.00321554    0.02302442 -0.00458143
 -0.00315450  0.00021243    0.02302442 -0.00458143   -0.16000886 -0.00574880
    4    1
 -0.00096087  0.00730021   -0.00438017  0.01078216   -0.00238406 -0.00656087
  0.00144000  0.01154819   -0.00218477  0.01659562    0.01500053 -0.00873465
 -0.00400170  0.00572050    0.01222827  0.01232200    0.00136609 -0.01037694
    4    2
 -0.15470452  0.06390136   -0.01716412 -0.04095998   -0.00524671 -0.01228591
 -0.01716447 -0.04095922   -0.16612155  0.06661643   -0.01692436  0.00437718
  0.00524688  0.01228586    0.01692392 -0.00437864   -0.05290258  0.03200288
    4    3
 -0.02047450  0.00130828   -0.00273219  0.00156281   -0.00315450 -0.00021243
 -0.00273219  0.00156281   -0.01291608  0.00321554    0.02302442  0.00458143
 -0.00315450 -0.00021243    0.02302442  0.00458143   -0.16000886  0.00574880
    4    4
  0.23455297  0.00000000    0.00099618 -0.01076069   -0.00078308  0.00828501
  0.00099618  0.01076069    0.24441220  0.00000000   -0.01922666  0.00291956
 -0.00078308 -0.00828501   -0.01922666 -0.00291956    0.20812281  0.00000000

     Diagonalizing the dynamical matrix

     q = (    0.125000000   0.238781984   0.000000000 ) 

 **************************************************************************
     freq (    1) =       1.554216 [THz] =      51.843081 [cm-1]
 ( -0.005857 -0.097342  0.070918 -0.204246 -0.349202 -0.268095 ) 
 (  0.034371  0.091260  0.148084  0.157534 -0.209422  0.387246 ) 
 (  0.086151 -0.045954  0.136521 -0.167673 -0.411041 -0.157119 ) 
 (  0.064064  0.073686  0.067654  0.205366 -0.440046  0.000000 ) 
     freq (    2) =       2.129074 [THz] =      71.018258 [cm-1]
 ( -0.175873 -0.038145  0.412751 -0.083390  0.158971  0.122277 ) 
 (  0.024328  0.178310  0.115289 -0.405001 -0.109522 -0.168014 ) 
 ( -0.173545  0.047281  0.416646  0.061207 -0.152727  0.130590 ) 
 ( -0.162628  0.076847  0.276890 -0.317288 -0.200945  0.000000 ) 
     freq (    3) =       3.820217 [THz] =     127.428708 [cm-1]
 (  0.384377 -0.016350  0.000152 -0.054267  0.249656  0.191587 ) 
 (  0.164522 -0.347772  0.050056  0.020961 -0.079436 -0.304505 ) 
 (  0.366275  0.117701 -0.014244  0.052359 -0.291567  0.118500 ) 
 (  0.295005 -0.246948 -0.032909 -0.043143 -0.314728  0.000000 ) 
     freq (    4) =       5.232040 [THz] =     174.522067 [cm-1]
 (  0.270701 -0.013272  0.255747  0.008538 -0.264383 -0.202874 ) 
 (  0.154113 -0.222945  0.127696 -0.221751  0.032827  0.331631 ) 
 (  0.241189  0.123617  0.236542  0.097672  0.324520 -0.075830 ) 
 (  0.206735 -0.175255  0.208113 -0.148932  0.333261  0.000000 ) 
     freq (    5) =       5.387986 [THz] =     179.723882 [cm-1]
 (  0.041005 -0.419001 -0.012368 -0.197051  0.145824  0.111894 ) 
 (  0.274468  0.319234  0.103183  0.168331  0.054971 -0.175394 ) 
 (  0.280648 -0.313804  0.153377 -0.124328  0.181034  0.031600 ) 
 (  0.222508  0.357388  0.129714  0.148850  0.183771  0.000000 ) 
     freq (    6) =       6.406265 [THz] =     213.689986 [cm-1]
 ( -0.119521  0.228926  0.117982 -0.383508  0.118456  0.090888 ) 
 ( -0.213991 -0.144569  0.286134  0.281293  0.060998 -0.136278 ) 
 ( -0.115363  0.231045  0.241582 -0.320418  0.143089  0.042687 ) 
 ( -0.044499 -0.254382  0.139900  0.376108  0.149320  0.000000 ) 
     freq (    7) =      10.992964 [THz] =     366.685796 [cm-1]
 ( -0.114947 -0.017458  0.215172 -0.031618 -0.345099 -0.264779 ) 
 (  0.024706 -0.113610 -0.106313  0.189727 -0.124216 -0.416859 ) 
 (  0.115863  0.009673 -0.201964 -0.080623 -0.397044  0.177570 ) 
 ( -0.101818  0.056132  0.151450 -0.156052  0.434943  0.000000 ) 
     freq (    8) =      12.121334 [THz] =     404.324189 [cm-1]
 (  0.092406 -0.342970 -0.013376 -0.122741  0.261433  0.200615 ) 
 ( -0.221667 -0.277545 -0.036747 -0.117873 -0.159582  0.288317 ) 
 ( -0.246193  0.256030 -0.112110  0.051786 -0.306661 -0.120586 ) 
 (  0.135423  0.328364  0.085383  0.089221  0.329517  0.000000 ) 
     freq (    9) =      12.690370 [THz] =     423.305185 [cm-1]
 (  0.413539 -0.222677  0.093517 -0.134075 -0.040972 -0.031450 ) 
 (  0.000954  0.469679 -0.073416  0.146054 -0.047159 -0.021068 ) 
 ( -0.465539  0.062317 -0.154387 -0.053814 -0.014747  0.049523 ) 
 (  0.192589 -0.428392 -0.007514 -0.163324  0.051672  0.000000 ) 
     freq (   10) =      12.859483 [THz] =     428.946194 [cm-1]
 ( -0.104263  0.320247  0.118009 -0.180816  0.237946  0.182574 ) 
 (  0.222409  0.252909 -0.179895 -0.119409 -0.146348  0.261789 ) 
 (  0.221679 -0.253558 -0.094928  0.193898 -0.278665 -0.110924 ) 
 ( -0.112188 -0.317564  0.016488  0.215258  0.299930  0.000000 ) 
     freq (   11) =      12.982998 [THz] =     433.066188 [cm-1]
 ( -0.037491 -0.074463  0.066177 -0.432455 -0.180279 -0.138316 ) 
 ( -0.013084 -0.082335 -0.306390 -0.312284  0.065484 -0.217586 ) 
 ( -0.079946  0.023687 -0.269751  0.344419  0.224377  0.036527 ) 
 (  0.075101  0.036224  0.210906  0.383287 -0.227331  0.000000 ) 
     freq (   12) =      13.112380 [THz] =     437.381905 [cm-1]
 ( -0.100216 -0.044652  0.419282  0.066731  0.190641  0.146292 ) 
 (  0.022834 -0.107311 -0.192645  0.378336  0.006180  0.240223 ) 
 (  0.109417  0.008595 -0.400119 -0.141758  0.237332 -0.037472 ) 
 ( -0.106738  0.025554  0.373115 -0.202424 -0.240272  0.000000 ) 
 **************************************************************************
