Dynamical matrix file
                                                                           
  1    4  0  6.2464249  0.0000000  0.0000000  0.0000000  0.0000000  0.0000000
Basis vectors
      1.000000000    0.000000000    0.000000000
      0.000000000    1.395973545    0.000000000
      0.000000000    0.000000000    6.711099855
           1  'P   '    28230.8552091869     
    1    1      0.5000000000      1.2725434099      3.0363525217
    2    1      0.5000000000      0.1234301352      3.6747473333
    3    1      1.0000000000      0.8214168301      3.0363525203
    4    1      1.0000000000      0.5745567150      3.6747473347

     Dynamical  Matrix in cartesian axes

     q = (    0.000000000   0.000000000   0.000000000 ) 

    1    1
  0.22627734  0.00000000    0.00000000  0.00000000    0.00000000  0.00000000
  0.00000000  0.00000000    0.26640653  0.00000000    0.01480794  0.00000000
  0.00000000  0.00000000    0.01480794  0.00000000    0.19366308  0.00000000
    1    2
 -0.02432198  0.00000000    0.00000000  0.00000000    0.00000000  0.00000000
  0.00000000  0.00000000   -0.01893548  0.00000000   -0.01480837  0.00000000
  0.00000000  0.00000000   -0.01480837  0.00000000   -0.17180210  0.00000000
    1    3
 -0.18501565  0.00000000    0.00000000  0.00000000    0.00000000  0.00000000
  0.00000000  0.00000000   -0.20822535  0.00000000    0.01861985  0.00000000
  0.00000000  0.00000000   -0.01862082  0.00000000   -0.04125888  0.00000000
    1    4
 -0.01692729  0.00000000    0.00000000  0.00000000    0.00000000  0.00000000
  0.00000000  0.00000000   -0.03923657  0.00000000   -0.01862084  0.00000000
  0.00000000  0.00000000    0.01861860  0.00000000    0.01941215  0.00000000
    2    1
 -0.02432198  0.00000000    0.00000000  0.00000000    0.00000000  0.00000000
  0.00000000  0.00000000   -0.01893548  0.00000000   -0.01480837  0.00000000
  0.00000000  0.00000000   -0.01480837  0.00000000   -0.17180210  0.00000000
    2    2
  0.22627734  0.00000000    0.00000000  0.00000000    0.00000000  0.00000000
  0.00000000  0.00000000    0.26640653  0.00000000    0.01480794  0.00000000
  0.00000000  0.00000000    0.01480794  0.00000000    0.19366308  0.00000000
    2    3
 -0.01692729  0.00000000    0.00000000  0.00000000    0.00000000  0.00000000
  0.00000000  0.00000000   -0.03923657  0.00000000   -0.01862084  0.00000000
  0.00000000  0.00000000    0.01861860  0.00000000    0.01941215  0.00000000
    2    4
 -0.18501565  0.00000000    0.00000000  0.00000000    0.00000000  0.00000000
  0.00000000  0.00000000   -0.20822535  0.00000000    0.01861985  0.00000000
  0.00000000  0.00000000   -0.01862082  0.00000000   -0.04125888  0.00000000
    3    1
 -0.18501565  0.00000000    0.00000000  0.00000000    0.00000000  0.00000000
  0.00000000  0.00000000   -0.20822535  0.00000000   -0.01862082  0.00000000
  0.00000000  0.00000000    0.01861985  0.00000000   -0.04125888  0.00000000
    3    2
 -0.01692729  0.00000000    0.00000000  0.00000000    0.00000000  0.00000000
  0.00000000  0.00000000   -0.03923657  0.00000000    0.01861860  0.00000000
  0.00000000  0.00000000   -0.01862084  0.00000000    0.01941215  0.00000000
    3    3
  0.22628674  0.00000000    0.00000000  0.00000000    0.00000000  0.00000000
  0.00000000  0.00000000    0.26637746  0.00000000   -0.01480711  0.00000000
  0.00000000  0.00000000   -0.01480711  0.00000000    0.19366312  0.00000000
    3    4
 -0.02432638  0.00000000    0.00000000  0.00000000    0.00000000  0.00000000
  0.00000000  0.00000000   -0.01893189  0.00000000    0.01480674  0.00000000
  0.00000000  0.00000000    0.01480674  0.00000000   -0.17180506  0.00000000
    4    1
 -0.01692729  0.00000000    0.00000000  0.00000000    0.00000000  0.00000000
  0.00000000  0.00000000   -0.03923657  0.00000000    0.01861860  0.00000000
  0.00000000  0.00000000   -0.01862084  0.00000000    0.01941215  0.00000000
    4    2
 -0.18501565  0.00000000    0.00000000  0.00000000    0.00000000  0.00000000
  0.00000000  0.00000000   -0.20822535  0.00000000   -0.01862082  0.00000000
  0.00000000  0.00000000    0.01861985  0.00000000   -0.04125888  0.00000000
    4    3
 -0.02432638  0.00000000    0.00000000  0.00000000    0.00000000  0.00000000
  0.00000000  0.00000000   -0.01893189  0.00000000    0.01480674  0.00000000
  0.00000000  0.00000000    0.01480674  0.00000000   -0.17180506  0.00000000
    4    4
  0.22628674  0.00000000    0.00000000  0.00000000    0.00000000  0.00000000
  0.00000000  0.00000000    0.26637746  0.00000000   -0.01480711  0.00000000
  0.00000000  0.00000000   -0.01480711  0.00000000    0.19366312  0.00000000

     Dielectric Tensor:

          3.726048376954          0.000000000000          0.000000000000
          0.000000000000          5.335245262560          0.000004310664
          0.000000000000          0.000004686321          1.204856403802

     Effective Charges E-U: Z_{alpha}{s,beta}

     atom #    1
         -0.011845429259          0.000000000000          0.000000000000
          0.000000000000         -0.054685292424         -0.531112900756
          0.000000000000         -0.009787233941         -0.004201502614
     atom #    2
         -0.011845429259          0.000000000000          0.000000000000
          0.000000000000         -0.054685292424         -0.531112900756
          0.000000000000         -0.009787233941         -0.004201502614
     atom #    3
         -0.011850379499          0.000000000000          0.000000000000
          0.000000000000         -0.054698301051          0.531110366055
          0.000000000000          0.010312878403         -0.003345318966
     atom #    4
         -0.011850379499          0.000000000000          0.000000000000
          0.000000000000         -0.054698301051          0.531110366055
          0.000000000000          0.010312878403         -0.003345318966

     Diagonalizing the dynamical matrix

     q = (    0.000000000   0.000000000   0.000000000 ) 

 **************************************************************************
     freq (    1) =      -0.038444 [THz] =      -1.282366 [cm-1]
 (  0.000000  0.000000 -0.496394  0.000000 -0.059843  0.000000 ) 
 (  0.000000  0.000000 -0.496394  0.000000 -0.059843  0.000000 ) 
 (  0.000000  0.000000 -0.496419  0.000000 -0.059832  0.000000 ) 
 (  0.000000  0.000000 -0.496419  0.000000 -0.059832  0.000000 ) 
     freq (    2) =       0.070663 [THz] =       2.357050 [cm-1]
 ( -0.000000  0.000000 -0.059836  0.000000  0.496389  0.000000 ) 
 ( -0.000000  0.000000 -0.059836  0.000000  0.496389  0.000000 ) 
 ( -0.000000  0.000000 -0.059838  0.000000  0.496424  0.000000 ) 
 ( -0.000000  0.000000 -0.059838  0.000000  0.496424  0.000000 ) 
     freq (    3) =       0.075623 [THz] =       2.522525 [cm-1]
 (  0.500003  0.000000  0.000000  0.000000  0.000000  0.000000 ) 
 (  0.500003  0.000000  0.000000  0.000000  0.000000  0.000000 ) 
 (  0.499997  0.000000  0.000000  0.000000  0.000000  0.000000 ) 
 (  0.499997  0.000000  0.000000  0.000000  0.000000  0.000000 ) 
     freq (    4) =       4.093406 [THz] =     136.541317 [cm-1]
 (  0.000000  0.000000 -0.000009  0.000000  0.500017  0.000000 ) 
 (  0.000000  0.000000 -0.000009  0.000000  0.500017  0.000000 ) 
 (  0.000000  0.000000 -0.000006  0.000000 -0.499983  0.000000 ) 
 ( -0.000000  0.000000 -0.000006  0.000000 -0.499983  0.000000 ) 
     freq (    5) =       5.624540 [THz] =     187.614455 [cm-1]
 ( -0.500010  0.000000  0.000000  0.000000  0.000000  0.000000 ) 
 (  0.500010  0.000000  0.000000  0.000000  0.000000  0.000000 ) 
 ( -0.499990  0.000000  0.000000  0.000000 -0.000000  0.000000 ) 
 (  0.499990  0.000000 -0.000000  0.000000 -0.000000  0.000000 ) 
     freq (    6) =       6.673004 [THz] =     222.587458 [cm-1]
 ( -0.000000  0.000000 -0.499824  0.000000 -0.012299  0.000000 ) 
 (  0.000000  0.000000  0.499824  0.000000  0.012299  0.000000 ) 
 ( -0.000000  0.000000 -0.499874  0.000000  0.012291  0.000000 ) 
 (  0.000000  0.000000  0.499874  0.000000 -0.012291  0.000000 ) 
     freq (    7) =      10.347118 [THz] =     345.142704 [cm-1]
 (  0.000000  0.000000 -0.178403  0.000000  0.467099  0.000000 ) 
 ( -0.000000  0.000000  0.178403  0.000000 -0.467099  0.000000 ) 
 (  0.000000  0.000000  0.178378  0.000000  0.467089  0.000000 ) 
 (  0.000000  0.000000 -0.178378  0.000000 -0.467089  0.000000 ) 
     freq (    8) =      12.443724 [THz] =     415.077962 [cm-1]
 (  0.499997  0.000000 -0.000000  0.000000 -0.000000  0.000000 ) 
 (  0.499997  0.000000 -0.000000  0.000000  0.000000  0.000000 ) 
 ( -0.500003  0.000000  0.000000  0.000000  0.000000  0.000000 ) 
 ( -0.500003  0.000000 -0.000000  0.000000 -0.000000  0.000000 ) 
     freq (    9) =      12.669565 [THz] =     422.611183 [cm-1]
 ( -0.499990  0.000000 -0.000000  0.000000 -0.000000  0.000000 ) 
 (  0.499990  0.000000 -0.000000  0.000000  0.000000  0.000000 ) 
 (  0.500010  0.000000  0.000000  0.000000  0.000000  0.000000 ) 
 ( -0.500010  0.000000  0.000000  0.000000 -0.000000  0.000000 ) 
     freq (   10) =      12.784494 [THz] =     426.444831 [cm-1]
 ( -0.000000  0.000000 -0.012290  0.000000  0.499845  0.000000 ) 
 (  0.000000  0.000000  0.012290  0.000000 -0.499845  0.000000 ) 
 (  0.000000  0.000000 -0.012300  0.000000 -0.499852  0.000000 ) 
 ( -0.000000  0.000000  0.012300  0.000000  0.499852  0.000000 ) 
     freq (   11) =      13.563277 [THz] =     452.422233 [cm-1]
 (  0.000000  0.000000 -0.467116  0.000000 -0.178388  0.000000 ) 
 (  0.000000  0.000000  0.467116  0.000000  0.178388  0.000000 ) 
 ( -0.000000  0.000000  0.467072  0.000000 -0.178394  0.000000 ) 
 ( -0.000000  0.000000 -0.467072  0.000000  0.178394  0.000000 ) 
     freq (   12) =      13.774652 [THz] =     459.472922 [cm-1]
 (  0.000000  0.000000 -0.500013  0.000000 -0.000002  0.000000 ) 
 ( -0.000000  0.000000 -0.500013  0.000000 -0.000002  0.000000 ) 
 ( -0.000000  0.000000  0.499987  0.000000  0.000001  0.000000 ) 
 (  0.000000  0.000000  0.499987  0.000000  0.000001  0.000000 ) 
 **************************************************************************
