Dynamical matrix file
                                                                           
  1    4  0  6.2464249  0.0000000  0.0000000  0.0000000  0.0000000  0.0000000
Basis vectors
      1.000000000    0.000000000    0.000000000
      0.000000000    1.395973545    0.000000000
      0.000000000    0.000000000    6.711099855
           1  'P   '    28230.8552091869     
    1    1      0.5000000000      1.2725434099      3.0363525217
    2    1      0.5000000000      0.1234301352      3.6747473333
    3    1      1.0000000000      0.8214168301      3.0363525203
    4    1      1.0000000000      0.5745567150      3.6747473347

     Dynamical  Matrix in cartesian axes

     q = (    0.000000000   0.238781984   0.000000000 ) 

    1    1
  0.22491742  0.00000000    0.00000000  0.00000000    0.00000000  0.00000000
  0.00000000  0.00000000    0.26310571  0.00000000    0.01521980 -0.00464479
  0.00000000  0.00000000    0.01521980  0.00464479    0.21173821  0.00000000
    1    2
  0.00907683 -0.01854112    0.00000000  0.00000000    0.00000000  0.00000000
  0.00000000  0.00000000    0.00426482 -0.01385014    0.01566859 -0.01441928
  0.00000000  0.00000000    0.01566859 -0.01441928    0.07242098 -0.14426913
    1    3
 -0.18493781  0.00012087    0.00000000  0.00000000    0.00000000  0.00000000
  0.00000000  0.00000000   -0.20699946 -0.00119555    0.01844087  0.00313660
  0.00000000  0.00000000   -0.01844122 -0.00313805   -0.06789906  0.00998368
    1    4
 -0.00390847 -0.00676987    0.00000000  0.00000000    0.00000000  0.00000000
  0.00000000  0.00000000   -0.00977674 -0.01693360    0.00923071 -0.01990159
  0.00000000  0.00000000    0.02184991  0.00195428    0.00663085  0.01148500
    2    1
  0.00907683  0.01854112    0.00000000  0.00000000    0.00000000  0.00000000
  0.00000000  0.00000000    0.00426482  0.01385014    0.01566859  0.01441928
  0.00000000  0.00000000    0.01566859  0.01441928    0.07242098  0.14426913
    2    2
  0.22491742  0.00000000    0.00000000  0.00000000    0.00000000  0.00000000
  0.00000000  0.00000000    0.26310571  0.00000000    0.01521980  0.00464479
  0.00000000  0.00000000    0.01521980 -0.00464479    0.21173821  0.00000000
    2    3
 -0.00390847  0.00676987    0.00000000  0.00000000    0.00000000  0.00000000
  0.00000000  0.00000000   -0.00977674  0.01693360    0.00923071  0.01990159
  0.00000000  0.00000000    0.02184991 -0.00195428    0.00663085 -0.01148500
    2    4
 -0.18493781 -0.00012087    0.00000000  0.00000000    0.00000000  0.00000000
  0.00000000  0.00000000   -0.20699946  0.00119555    0.01844087 -0.00313660
  0.00000000  0.00000000   -0.01844122  0.00313805   -0.06789906 -0.00998368
    3    1
 -0.18493781 -0.00012087    0.00000000  0.00000000    0.00000000  0.00000000
  0.00000000  0.00000000   -0.20699946  0.00119555   -0.01844122  0.00313805
  0.00000000  0.00000000    0.01844087 -0.00313660   -0.06789906 -0.00998368
    3    2
 -0.00390847 -0.00676987    0.00000000  0.00000000    0.00000000  0.00000000
  0.00000000  0.00000000   -0.00977674 -0.01693360    0.02184991  0.00195428
  0.00000000  0.00000000    0.00923071 -0.01990159    0.00663085  0.01148500
    3    3
  0.22492619  0.00000000    0.00000000  0.00000000    0.00000000  0.00000000
  0.00000000  0.00000000    0.26307929  0.00000000   -0.01522079 -0.00464637
  0.00000000  0.00000000   -0.01522079  0.00464637    0.21174491  0.00000000
    3    4
 -0.02059951 -0.00141169    0.00000000  0.00000000    0.00000000  0.00000000
  0.00000000  0.00000000   -0.01412448 -0.00323153    0.02032105 -0.00635953
  0.00000000  0.00000000    0.02032105 -0.00635953   -0.16115306 -0.00941627
    4    1
 -0.00390847  0.00676987    0.00000000  0.00000000    0.00000000  0.00000000
  0.00000000  0.00000000   -0.00977674  0.01693360    0.02184991 -0.00195428
  0.00000000  0.00000000    0.00923071  0.01990159    0.00663085 -0.01148500
    4    2
 -0.18493781  0.00012087    0.00000000  0.00000000    0.00000000  0.00000000
  0.00000000  0.00000000   -0.20699946 -0.00119555   -0.01844122 -0.00313805
  0.00000000  0.00000000    0.01844087  0.00313660   -0.06789906  0.00998368
    4    3
 -0.02059951  0.00141169    0.00000000  0.00000000    0.00000000  0.00000000
  0.00000000  0.00000000   -0.01412448  0.00323153    0.02032105  0.00635953
  0.00000000  0.00000000    0.02032105  0.00635953   -0.16115306  0.00941627
    4    4
  0.22492619  0.00000000    0.00000000  0.00000000    0.00000000  0.00000000
  0.00000000  0.00000000    0.26307929  0.00000000   -0.01522079  0.00464637
  0.00000000  0.00000000   -0.01522079 -0.00464637    0.21174491  0.00000000

     Dynamical  Matrix in cartesian axes

     q = (    0.000000000  -0.238781984   0.000000000 ) 

    1    1
  0.22491742  0.00000000    0.00000000  0.00000000    0.00000000  0.00000000
  0.00000000  0.00000000    0.26310571  0.00000000    0.01521980  0.00464479
  0.00000000  0.00000000    0.01521980 -0.00464479    0.21173821  0.00000000
    1    2
  0.00907683  0.01854112    0.00000000  0.00000000    0.00000000  0.00000000
  0.00000000  0.00000000    0.00426482  0.01385014    0.01566859  0.01441928
  0.00000000  0.00000000    0.01566859  0.01441928    0.07242098  0.14426913
    1    3
 -0.18493781 -0.00012087    0.00000000  0.00000000    0.00000000  0.00000000
  0.00000000  0.00000000   -0.20699946  0.00119555    0.01844087 -0.00313660
  0.00000000  0.00000000   -0.01844122  0.00313805   -0.06789906 -0.00998368
    1    4
 -0.00390847  0.00676987    0.00000000  0.00000000    0.00000000  0.00000000
  0.00000000  0.00000000   -0.00977674  0.01693360    0.00923071  0.01990159
  0.00000000  0.00000000    0.02184991 -0.00195428    0.00663085 -0.01148500
    2    1
  0.00907683 -0.01854112    0.00000000  0.00000000    0.00000000  0.00000000
  0.00000000  0.00000000    0.00426482 -0.01385014    0.01566859 -0.01441928
  0.00000000  0.00000000    0.01566859 -0.01441928    0.07242098 -0.14426913
    2    2
  0.22491742  0.00000000    0.00000000  0.00000000    0.00000000  0.00000000
  0.00000000  0.00000000    0.26310571  0.00000000    0.01521980 -0.00464479
  0.00000000  0.00000000    0.01521980  0.00464479    0.21173821  0.00000000
    2    3
 -0.00390847 -0.00676987    0.00000000  0.00000000    0.00000000  0.00000000
  0.00000000  0.00000000   -0.00977674 -0.01693360    0.00923071 -0.01990159
  0.00000000  0.00000000    0.02184991  0.00195428    0.00663085  0.01148500
    2    4
 -0.18493781  0.00012087    0.00000000  0.00000000    0.00000000  0.00000000
  0.00000000  0.00000000   -0.20699946 -0.00119555    0.01844087  0.00313660
  0.00000000  0.00000000   -0.01844122 -0.00313805   -0.06789906  0.00998368
    3    1
 -0.18493781  0.00012087    0.00000000  0.00000000    0.00000000  0.00000000
  0.00000000  0.00000000   -0.20699946 -0.00119555   -0.01844122 -0.00313805
  0.00000000  0.00000000    0.01844087  0.00313660   -0.06789906  0.00998368
    3    2
 -0.00390847  0.00676987    0.00000000  0.00000000    0.00000000  0.00000000
  0.00000000  0.00000000   -0.00977674  0.01693360    0.02184991 -0.00195428
  0.00000000  0.00000000    0.00923071  0.01990159    0.00663085 -0.01148500
    3    3
  0.22492619  0.00000000    0.00000000  0.00000000    0.00000000  0.00000000
  0.00000000  0.00000000    0.26307929  0.00000000   -0.01522079  0.00464637
  0.00000000  0.00000000   -0.01522079 -0.00464637    0.21174491  0.00000000
    3    4
 -0.02059951  0.00141169    0.00000000  0.00000000    0.00000000  0.00000000
  0.00000000  0.00000000   -0.01412448  0.00323153    0.02032105  0.00635953
  0.00000000  0.00000000    0.02032105  0.00635953   -0.16115306  0.00941627
    4    1
 -0.00390847 -0.00676987    0.00000000  0.00000000    0.00000000  0.00000000
  0.00000000  0.00000000   -0.00977674 -0.01693360    0.02184991  0.00195428
  0.00000000  0.00000000    0.00923071 -0.01990159    0.00663085  0.01148500
    4    2
 -0.18493781 -0.00012087    0.00000000  0.00000000    0.00000000  0.00000000
  0.00000000  0.00000000   -0.20699946  0.00119555   -0.01844122  0.00313805
  0.00000000  0.00000000    0.01844087 -0.00313660   -0.06789906 -0.00998368
    4    3
 -0.02059951 -0.00141169    0.00000000  0.00000000    0.00000000  0.00000000
  0.00000000  0.00000000   -0.01412448 -0.00323153    0.02032105 -0.00635953
  0.00000000  0.00000000    0.02032105 -0.00635953   -0.16115306 -0.00941627
    4    4
  0.22492619  0.00000000    0.00000000  0.00000000    0.00000000  0.00000000
  0.00000000  0.00000000    0.26307929  0.00000000   -0.01522079 -0.00464637
  0.00000000  0.00000000   -0.01522079  0.00464637    0.21174491  0.00000000

     Diagonalizing the dynamical matrix

     q = (    0.000000000   0.238781984   0.000000000 ) 

 **************************************************************************
     freq (    1) =       1.117223 [THz] =      37.266558 [cm-1]
 (  0.000000  0.000000 -0.155907  0.162454  0.223172  0.386723 ) 
 (  0.000000 -0.000000 -0.084330 -0.208774  0.350957 -0.276025 ) 
 (  0.000000  0.000000 -0.138416  0.177635  0.414353  0.165952 ) 
 (  0.000000 -0.000000 -0.062449 -0.216363  0.446350  0.000000 ) 
     freq (    2) =       2.207352 [THz] =      73.629349 [cm-1]
 (  0.000000 -0.000000  0.434719  0.062394  0.119288  0.206950 ) 
 ( -0.000000 -0.000000  0.280858 -0.337628 -0.050141 -0.233546 ) 
 (  0.000000 -0.000000  0.432867  0.074247 -0.177492  0.160246 ) 
 ( -0.000000 -0.000000  0.271539 -0.345185 -0.239128  0.000000 ) 
     freq (    3) =       2.762880 [THz] =      92.159770 [cm-1]
 (  0.170491 -0.470037 -0.000000  0.000000 -0.000000 -0.000000 ) 
 ( -0.353617 -0.353493  0.000000  0.000000  0.000000  0.000000 ) 
 (  0.129305 -0.482989 -0.000000  0.000000  0.000000 -0.000000 ) 
 ( -0.321800 -0.382678  0.000000  0.000000  0.000000  0.000000 ) 
     freq (    4) =       4.734375 [THz] =     157.921742 [cm-1]
 (  0.122196 -0.484848 -0.000000 -0.000000  0.000000  0.000000 ) 
 (  0.322539  0.382071 -0.000000  0.000000  0.000000 -0.000000 ) 
 (  0.169590 -0.470350 -0.000000 -0.000000 -0.000000  0.000000 ) 
 (  0.358766  0.348249 -0.000000  0.000000 -0.000000  0.000000 ) 
     freq (    5) =       4.849462 [THz] =     161.760625 [cm-1]
 ( -0.000000  0.000000 -0.205444 -0.117080  0.220274  0.381527 ) 
 ( -0.000000 -0.000000 -0.163860  0.170484  0.103167 -0.428299 ) 
 ( -0.000000  0.000000 -0.229580 -0.056682 -0.422500  0.124803 ) 
 ( -0.000000 -0.000000 -0.204118  0.119398 -0.440547  0.000000 ) 
     freq (    6) =       6.373903 [THz] =     212.610533 [cm-1]
 ( -0.000000 -0.000000  0.268893 -0.356873  0.112173  0.194258 ) 
 (  0.000000 -0.000000  0.134253  0.426190  0.170614 -0.145635 ) 
 ( -0.000000 -0.000000  0.301983 -0.329396  0.211447  0.074928 ) 
 ( -0.000000 -0.000000  0.174620  0.411343  0.224330  0.000000 ) 
     freq (    7) =      11.271424 [THz] =     375.974218 [cm-1]
 (  0.000000  0.000000  0.171277  0.011548 -0.234830 -0.406696 ) 
 ( -0.000000  0.000000 -0.150685  0.082240  0.042852 -0.467665 ) 
 ( -0.000000  0.000000 -0.146543 -0.089377 -0.426401  0.196729 ) 
 (  0.000000 -0.000000  0.095621 -0.142548  0.469596  0.000000 ) 
     freq (    8) =      12.491565 [THz] =     416.673749 [cm-1]
 ( -0.336664  0.369683 -0.000000 -0.000000 -0.000000 -0.000000 ) 
 (  0.103673  0.489142 -0.000000  0.000000  0.000000 -0.000000 ) 
 (  0.371597 -0.334526  0.000000  0.000000  0.000000  0.000000 ) 
 ( -0.151585 -0.476460  0.000000 -0.000000 -0.000000  0.000000 ) 
     freq (    9) =      12.602872 [THz] =     420.386550 [cm-1]
 ( -0.414366  0.279787  0.000000  0.000000  0.000000  0.000000 ) 
 ( -0.077775 -0.493894  0.000000  0.000000 -0.000000  0.000000 ) 
 (  0.388716 -0.314516 -0.000000 -0.000000 -0.000000 -0.000000 ) 
 (  0.034880  0.498802 -0.000000 -0.000000  0.000000  0.000000 ) 
     freq (   10) =      12.769508 [THz] =     425.944931 [cm-1]
 ( -0.000000  0.000000 -0.007789  0.003163 -0.249967 -0.432942 ) 
 ( -0.000000 -0.000000  0.006096  0.005789  0.390805 -0.311759 ) 
 (  0.000000 -0.000000  0.002011 -0.008139  0.465410  0.182567 ) 
 (  0.000000  0.000000  0.001100 -0.008311 -0.499937  0.000000 ) 
     freq (   11) =      13.545670 [THz] =     451.834914 [cm-1]
 (  0.000000 -0.000000  0.399042  0.249955  0.084063  0.145551 ) 
 (  0.000000  0.000000 -0.390751  0.262727 -0.079313  0.148193 ) 
 ( -0.000000  0.000000 -0.423408 -0.206122  0.168066 -0.005437 ) 
 ( -0.000000 -0.000000  0.416522 -0.219705 -0.168154  0.000000 ) 
     freq (   12) =      13.575964 [THz] =     452.845406 [cm-1]
 (  0.000000 -0.000000  0.258545  0.427497  0.010970  0.018396 ) 
 (  0.000000  0.000000  0.499239  0.018950  0.021408  0.000680 ) 
 ( -0.000000  0.000000 -0.234022 -0.441277  0.010290  0.018570 ) 
 ( -0.000000 -0.000000 -0.499407  0.009179  0.021230  0.000000 ) 
 **************************************************************************
