Dynamical matrix file
                                                                           
  1    4  0  6.2464249  0.0000000  0.0000000  0.0000000  0.0000000  0.0000000
Basis vectors
      1.000000000    0.000000000    0.000000000
      0.000000000    1.395973545    0.000000000
      0.000000000    0.000000000    6.711099855
           1  'P   '    28230.8552091869     
    1    1      0.5000000000      1.2725434099      3.0363525217
    2    1      0.5000000000      0.1234301352      3.6747473333
    3    1      1.0000000000      0.8214168301      3.0363525203
    4    1      1.0000000000      0.5745567150      3.6747473347

     Dynamical  Matrix in cartesian axes

     q = (    0.375000000   0.119390992   0.000000000 ) 

    1    1
  0.26905554  0.00000000   -0.00096959  0.00674897   -0.00043565  0.00530407
 -0.00096959 -0.00674897    0.20758950  0.00000000    0.02789984  0.00420967
 -0.00043565 -0.00530407    0.02789984 -0.00420967    0.20393637  0.00000000
    1    2
 -0.01296005 -0.02160835    0.00150086  0.00291794    0.00213386 -0.00551455
  0.00150086  0.00291794    0.00134462 -0.00928765   -0.01842392 -0.02103987
  0.00213386 -0.00551455   -0.01842392 -0.02103987   -0.06859176 -0.13880817
    1    3
 -0.02423638  0.05872546    0.11401724  0.04766249   -0.02735269 -0.00828054
  0.11401779  0.04766234   -0.02710384  0.06130950    0.00336436 -0.00604969
  0.02735292  0.00828082   -0.00336529  0.00605045   -0.00377725  0.02120856
    1    4
 -0.00662601  0.00508417    0.01745918 -0.00658457   -0.00486655 -0.02494611
  0.01087884 -0.01516006   -0.00676050  0.00518750   -0.00479611  0.00182813
 -0.02283654 -0.01115790    0.00300484 -0.00415763    0.00575058 -0.00441254
    2    1
 -0.01296005  0.02160835    0.00150086 -0.00291794    0.00213386  0.00551455
  0.00150086 -0.00291794    0.00134462  0.00928765   -0.01842392  0.02103987
  0.00213386  0.00551455   -0.01842392  0.02103987   -0.06859176  0.13880817
    2    2
  0.26905554  0.00000000   -0.00096959 -0.00674897   -0.00043565 -0.00530407
 -0.00096959  0.00674897    0.20758950  0.00000000    0.02789984 -0.00420967
 -0.00043565  0.00530407    0.02789984  0.00420967    0.20393637  0.00000000
    2    3
  0.00109024  0.00828034   -0.00768951 -0.01700150    0.02108073 -0.01419839
  0.00302728 -0.01841228    0.00111228  0.00844851    0.00209867  0.00468405
  0.02403770  0.00825805    0.00081515 -0.00506463   -0.00094614 -0.00718641
    2    4
 -0.02438746  0.05866288   -0.11432484 -0.04691989    0.02519650  0.01348604
 -0.11432511 -0.04692039   -0.02418706  0.06251767    0.00189882 -0.00665674
 -0.02519686 -0.01348601   -0.00189869  0.00665794   -0.01232580  0.01766763
    3    1
 -0.02423638 -0.05872546    0.11401779 -0.04766234    0.02735292 -0.00828082
  0.11401724 -0.04766249   -0.02710384 -0.06130950   -0.00336529 -0.00605045
 -0.02735269  0.00828054    0.00336436  0.00604969   -0.00377725 -0.02120856
    3    2
  0.00109024 -0.00828034    0.00302728  0.01841228    0.02403770 -0.00825805
 -0.00768951  0.01700150    0.00111228 -0.00844851    0.00081515  0.00506463
  0.02108073  0.01419839    0.00209867 -0.00468405   -0.00094614  0.00718641
    3    3
  0.26906414  0.00000000   -0.00097021 -0.00674752    0.00043568  0.00530405
 -0.00097021  0.00674752    0.20756334  0.00000000   -0.02790119  0.00420964
  0.00043568 -0.00530405   -0.02790119 -0.00420964    0.20394278  0.00000000
    3    4
 -0.02519679 -0.00042025    0.00327739 -0.00015973    0.00370914 -0.00460551
  0.00327739 -0.00015973   -0.00736751  0.00580858    0.02743192  0.00543554
  0.00370914 -0.00460551    0.02743192  0.00543554   -0.15450961  0.01000158
    4    1
 -0.00662601 -0.00508417    0.01087884  0.01516006   -0.02283654  0.01115790
  0.01745918  0.00658457   -0.00676050 -0.00518750    0.00300484  0.00415763
 -0.00486655  0.02494611   -0.00479611 -0.00182813    0.00575058  0.00441254
    4    2
 -0.02438746 -0.05866288   -0.11432511  0.04692039   -0.02519686  0.01348601
 -0.11432484  0.04691989   -0.02418706 -0.06251767   -0.00189869 -0.00665794
  0.02519650 -0.01348604    0.00189882  0.00665674   -0.01232580 -0.01766763
    4    3
 -0.02519679  0.00042025    0.00327739  0.00015973    0.00370914  0.00460551
  0.00327739  0.00015973   -0.00736751 -0.00580858    0.02743192 -0.00543554
  0.00370914  0.00460551    0.02743192 -0.00543554   -0.15450961 -0.01000158
    4    4
  0.26906414  0.00000000   -0.00097021  0.00674752    0.00043568 -0.00530405
 -0.00097021 -0.00674752    0.20756334  0.00000000   -0.02790119 -0.00420964
  0.00043568  0.00530405   -0.02790119  0.00420964    0.20394278  0.00000000

     Dynamical  Matrix in cartesian axes

     q = (    0.375000000  -0.119390992   0.000000000 ) 

    1    1
  0.26905554  0.00000000    0.00096959  0.00674897    0.00043565  0.00530407
  0.00096959 -0.00674897    0.20758950  0.00000000    0.02789984 -0.00420967
  0.00043565 -0.00530407    0.02789984  0.00420967    0.20393637  0.00000000
    1    2
 -0.01296005  0.02160835   -0.00150086  0.00291794   -0.00213386 -0.00551455
 -0.00150086  0.00291794    0.00134462  0.00928765   -0.01842392  0.02103987
 -0.00213386 -0.00551455   -0.01842392  0.02103987   -0.06859176  0.13880817
    1    3
 -0.02438746  0.05866288    0.11432484  0.04691989   -0.02519650 -0.01348604
  0.11432511  0.04692039   -0.02418706  0.06251767    0.00189882 -0.00665674
  0.02519686  0.01348601   -0.00189869  0.00665794   -0.01232580  0.01766763
    1    4
  0.00109024  0.00828034    0.00768951  0.01700150   -0.02108073  0.01419839
 -0.00302728  0.01841228    0.00111228  0.00844851    0.00209867  0.00468405
 -0.02403770 -0.00825805    0.00081515 -0.00506463   -0.00094614 -0.00718641
    2    1
 -0.01296005 -0.02160835   -0.00150086 -0.00291794   -0.00213386  0.00551455
 -0.00150086 -0.00291794    0.00134462 -0.00928765   -0.01842392 -0.02103987
 -0.00213386  0.00551455   -0.01842392 -0.02103987   -0.06859176 -0.13880817
    2    2
  0.26905554  0.00000000    0.00096959 -0.00674897    0.00043565 -0.00530407
  0.00096959  0.00674897    0.20758950  0.00000000    0.02789984  0.00420967
  0.00043565  0.00530407    0.02789984 -0.00420967    0.20393637  0.00000000
    2    3
 -0.00662601  0.00508417   -0.01745918  0.00658457    0.00486655  0.02494611
 -0.01087884  0.01516006   -0.00676050  0.00518750   -0.00479611  0.00182813
  0.02283654  0.01115790    0.00300484 -0.00415763    0.00575058 -0.00441254
    2    4
 -0.02423638  0.05872546   -0.11401724 -0.04766249    0.02735269  0.00828054
 -0.11401779 -0.04766234   -0.02710384  0.06130950    0.00336436 -0.00604969
 -0.02735292 -0.00828082   -0.00336529  0.00605045   -0.00377725  0.02120856
    3    1
 -0.02438746 -0.05866288    0.11432511 -0.04692039    0.02519686 -0.01348601
  0.11432484 -0.04691989   -0.02418706 -0.06251767   -0.00189869 -0.00665794
 -0.02519650  0.01348604    0.00189882  0.00665674   -0.01232580 -0.01766763
    3    2
 -0.00662601 -0.00508417   -0.01087884 -0.01516006    0.02283654 -0.01115790
 -0.01745918 -0.00658457   -0.00676050 -0.00518750    0.00300484  0.00415763
  0.00486655 -0.02494611   -0.00479611 -0.00182813    0.00575058  0.00441254
    3    3
  0.26906414  0.00000000    0.00097021 -0.00674752   -0.00043568  0.00530405
  0.00097021  0.00674752    0.20756334  0.00000000   -0.02790119 -0.00420964
 -0.00043568 -0.00530405   -0.02790119  0.00420964    0.20394278  0.00000000
    3    4
 -0.02519679  0.00042025   -0.00327739 -0.00015973   -0.00370914 -0.00460551
 -0.00327739 -0.00015973   -0.00736751 -0.00580858    0.02743192 -0.00543554
 -0.00370914 -0.00460551    0.02743192 -0.00543554   -0.15450961 -0.01000158
    4    1
  0.00109024 -0.00828034   -0.00302728 -0.01841228   -0.02403770  0.00825805
  0.00768951 -0.01700150    0.00111228 -0.00844851    0.00081515  0.00506463
 -0.02108073 -0.01419839    0.00209867 -0.00468405   -0.00094614  0.00718641
    4    2
 -0.02423638 -0.05872546   -0.11401779  0.04766234   -0.02735292  0.00828082
 -0.11401724  0.04766249   -0.02710384 -0.06130950   -0.00336529 -0.00605045
  0.02735269 -0.00828054    0.00336436  0.00604969   -0.00377725 -0.02120856
    4    3
 -0.02519679 -0.00042025   -0.00327739  0.00015973   -0.00370914  0.00460551
 -0.00327739  0.00015973   -0.00736751  0.00580858    0.02743192  0.00543554
 -0.00370914  0.00460551    0.02743192  0.00543554   -0.15450961  0.01000158
    4    4
  0.26906414  0.00000000    0.00097021  0.00674752   -0.00043568 -0.00530405
  0.00097021 -0.00674752    0.20756334  0.00000000   -0.02790119  0.00420964
 -0.00043568  0.00530405   -0.02790119 -0.00420964    0.20394278  0.00000000

     Dynamical  Matrix in cartesian axes

     q = (   -0.375000000  -0.119390992   0.000000000 ) 

    1    1
  0.26905554  0.00000000   -0.00096959 -0.00674897   -0.00043565 -0.00530407
 -0.00096959  0.00674897    0.20758950  0.00000000    0.02789984 -0.00420967
 -0.00043565  0.00530407    0.02789984  0.00420967    0.20393637  0.00000000
    1    2
 -0.01296005  0.02160835    0.00150086 -0.00291794    0.00213386  0.00551455
  0.00150086 -0.00291794    0.00134462  0.00928765   -0.01842392  0.02103987
  0.00213386  0.00551455   -0.01842392  0.02103987   -0.06859176  0.13880817
    1    3
 -0.02423638 -0.05872546    0.11401724 -0.04766249   -0.02735269  0.00828054
  0.11401779 -0.04766234   -0.02710384 -0.06130950    0.00336436  0.00604969
  0.02735292 -0.00828082   -0.00336529 -0.00605045   -0.00377725 -0.02120856
    1    4
 -0.00662601 -0.00508417    0.01745918  0.00658457   -0.00486655  0.02494611
  0.01087884  0.01516006   -0.00676050 -0.00518750   -0.00479611 -0.00182813
 -0.02283654  0.01115790    0.00300484  0.00415763    0.00575058  0.00441254
    2    1
 -0.01296005 -0.02160835    0.00150086  0.00291794    0.00213386 -0.00551455
  0.00150086  0.00291794    0.00134462 -0.00928765   -0.01842392 -0.02103987
  0.00213386 -0.00551455   -0.01842392 -0.02103987   -0.06859176 -0.13880817
    2    2
  0.26905554  0.00000000   -0.00096959  0.00674897   -0.00043565  0.00530407
 -0.00096959 -0.00674897    0.20758950  0.00000000    0.02789984  0.00420967
 -0.00043565 -0.00530407    0.02789984 -0.00420967    0.20393637  0.00000000
    2    3
  0.00109024 -0.00828034   -0.00768951  0.01700150    0.02108073  0.01419839
  0.00302728  0.01841228    0.00111228 -0.00844851    0.00209867 -0.00468405
  0.02403770 -0.00825805    0.00081515  0.00506463   -0.00094614  0.00718641
    2    4
 -0.02438746 -0.05866288   -0.11432484  0.04691989    0.02519650 -0.01348604
 -0.11432511  0.04692039   -0.02418706 -0.06251767    0.00189882  0.00665674
 -0.02519686  0.01348601   -0.00189869 -0.00665794   -0.01232580 -0.01766763
    3    1
 -0.02423638  0.05872546    0.11401779  0.04766234    0.02735292  0.00828082
  0.11401724  0.04766249   -0.02710384  0.06130950   -0.00336529  0.00605045
 -0.02735269 -0.00828054    0.00336436 -0.00604969   -0.00377725  0.02120856
    3    2
  0.00109024  0.00828034    0.00302728 -0.01841228    0.02403770  0.00825805
 -0.00768951 -0.01700150    0.00111228  0.00844851    0.00081515 -0.00506463
  0.02108073 -0.01419839    0.00209867  0.00468405   -0.00094614 -0.00718641
    3    3
  0.26906414  0.00000000   -0.00097021  0.00674752    0.00043568 -0.00530405
 -0.00097021 -0.00674752    0.20756334  0.00000000   -0.02790119 -0.00420964
  0.00043568  0.00530405   -0.02790119  0.00420964    0.20394278  0.00000000
    3    4
 -0.02519679  0.00042025    0.00327739  0.00015973    0.00370914  0.00460551
  0.00327739  0.00015973   -0.00736751 -0.00580858    0.02743192 -0.00543554
  0.00370914  0.00460551    0.02743192 -0.00543554   -0.15450961 -0.01000158
    4    1
 -0.00662601  0.00508417    0.01087884 -0.01516006   -0.02283654 -0.01115790
  0.01745918 -0.00658457   -0.00676050  0.00518750    0.00300484 -0.00415763
 -0.00486655 -0.02494611   -0.00479611  0.00182813    0.00575058 -0.00441254
    4    2
 -0.02438746  0.05866288   -0.11432511 -0.04692039   -0.02519686 -0.01348601
 -0.11432484 -0.04691989   -0.02418706  0.06251767   -0.00189869  0.00665794
  0.02519650  0.01348604    0.00189882 -0.00665674   -0.01232580  0.01766763
    4    3
 -0.02519679 -0.00042025    0.00327739 -0.00015973    0.00370914 -0.00460551
  0.00327739 -0.00015973   -0.00736751  0.00580858    0.02743192  0.00543554
  0.00370914 -0.00460551    0.02743192  0.00543554   -0.15450961  0.01000158
    4    4
  0.26906414  0.00000000   -0.00097021 -0.00674752    0.00043568  0.00530405
 -0.00097021  0.00674752    0.20756334  0.00000000   -0.02790119  0.00420964
  0.00043568 -0.00530405   -0.02790119 -0.00420964    0.20394278  0.00000000

     Dynamical  Matrix in cartesian axes

     q = (   -0.375000000   0.119390992   0.000000000 ) 

    1    1
  0.26905554  0.00000000    0.00096959 -0.00674897    0.00043565 -0.00530407
  0.00096959  0.00674897    0.20758950  0.00000000    0.02789984  0.00420967
  0.00043565  0.00530407    0.02789984 -0.00420967    0.20393637  0.00000000
    1    2
 -0.01296005 -0.02160835   -0.00150086 -0.00291794   -0.00213386  0.00551455
 -0.00150086 -0.00291794    0.00134462 -0.00928765   -0.01842392 -0.02103987
 -0.00213386  0.00551455   -0.01842392 -0.02103987   -0.06859176 -0.13880817
    1    3
 -0.02438746 -0.05866288    0.11432484 -0.04691989   -0.02519650  0.01348604
  0.11432511 -0.04692039   -0.02418706 -0.06251767    0.00189882  0.00665674
  0.02519686 -0.01348601   -0.00189869 -0.00665794   -0.01232580 -0.01766763
    1    4
  0.00109024 -0.00828034    0.00768951 -0.01700150   -0.02108073 -0.01419839
 -0.00302728 -0.01841228    0.00111228 -0.00844851    0.00209867 -0.00468405
 -0.02403770  0.00825805    0.00081515  0.00506463   -0.00094614  0.00718641
    2    1
 -0.01296005  0.02160835   -0.00150086  0.00291794   -0.00213386 -0.00551455
 -0.00150086  0.00291794    0.00134462  0.00928765   -0.01842392  0.02103987
 -0.00213386 -0.00551455   -0.01842392  0.02103987   -0.06859176  0.13880817
    2    2
  0.26905554  0.00000000    0.00096959  0.00674897    0.00043565  0.00530407
  0.00096959 -0.00674897    0.20758950  0.00000000    0.02789984 -0.00420967
  0.00043565 -0.00530407    0.02789984  0.00420967    0.20393637  0.00000000
    2    3
 -0.00662601 -0.00508417   -0.01745918 -0.00658457    0.00486655 -0.02494611
 -0.01087884 -0.01516006   -0.00676050 -0.00518750   -0.00479611 -0.00182813
  0.02283654 -0.01115790    0.00300484  0.00415763    0.00575058  0.00441254
    2    4
 -0.02423638 -0.05872546   -0.11401724  0.04766249    0.02735269 -0.00828054
 -0.11401779  0.04766234   -0.02710384 -0.06130950    0.00336436  0.00604969
 -0.02735292  0.00828082   -0.00336529 -0.00605045   -0.00377725 -0.02120856
    3    1
 -0.02438746  0.05866288    0.11432511  0.04692039    0.02519686  0.01348601
  0.11432484  0.04691989   -0.02418706  0.06251767   -0.00189869  0.00665794
 -0.02519650 -0.01348604    0.00189882 -0.00665674   -0.01232580  0.01766763
    3    2
 -0.00662601  0.00508417   -0.01087884  0.01516006    0.02283654  0.01115790
 -0.01745918  0.00658457   -0.00676050  0.00518750    0.00300484 -0.00415763
  0.00486655  0.02494611   -0.00479611  0.00182813    0.00575058 -0.00441254
    3    3
  0.26906414  0.00000000    0.00097021  0.00674752   -0.00043568 -0.00530405
  0.00097021 -0.00674752    0.20756334  0.00000000   -0.02790119  0.00420964
 -0.00043568  0.00530405   -0.02790119 -0.00420964    0.20394278  0.00000000
    3    4
 -0.02519679 -0.00042025   -0.00327739  0.00015973   -0.00370914  0.00460551
 -0.00327739  0.00015973   -0.00736751  0.00580858    0.02743192  0.00543554
 -0.00370914  0.00460551    0.02743192  0.00543554   -0.15450961  0.01000158
    4    1
  0.00109024  0.00828034   -0.00302728  0.01841228   -0.02403770 -0.00825805
  0.00768951  0.01700150    0.00111228  0.00844851    0.00081515 -0.00506463
 -0.02108073  0.01419839    0.00209867  0.00468405   -0.00094614 -0.00718641
    4    2
 -0.02423638  0.05872546   -0.11401779 -0.04766234   -0.02735292 -0.00828082
 -0.11401724 -0.04766249   -0.02710384  0.06130950   -0.00336529  0.00605045
  0.02735269  0.00828054    0.00336436 -0.00604969   -0.00377725  0.02120856
    4    3
 -0.02519679  0.00042025   -0.00327739 -0.00015973   -0.00370914 -0.00460551
 -0.00327739 -0.00015973   -0.00736751 -0.00580858    0.02743192 -0.00543554
 -0.00370914 -0.00460551    0.02743192 -0.00543554   -0.15450961 -0.01000158
    4    4
  0.26906414  0.00000000    0.00097021 -0.00674752   -0.00043568  0.00530405
  0.00097021  0.00674752    0.20756334  0.00000000   -0.02790119 -0.00420964
 -0.00043568 -0.00530405   -0.02790119  0.00420964    0.20394278  0.00000000

     Diagonalizing the dynamical matrix

     q = (    0.375000000   0.119390992   0.000000000 ) 

 **************************************************************************
     freq (    1) =       3.168034 [THz] =     105.674238 [cm-1]
 (  0.129651  0.082266  0.073486 -0.033843  0.372109 -0.285498 ) 
 ( -0.146724 -0.045267 -0.021935 -0.077874 -0.024232 -0.468388 ) 
 ( -0.064069  0.139642 -0.079930  0.011626  0.467329  0.037120 ) 
 ( -0.052811 -0.144277 -0.078759 -0.017918  0.468801  0.000000 ) 
     freq (    2) =       3.532148 [THz] =     117.819768 [cm-1]
 (  0.166831  0.069575 -0.166773  0.229577 -0.293367  0.225068 ) 
 ( -0.175018 -0.045190 -0.005544  0.283705  0.098125  0.356498 ) 
 (  0.067589 -0.167503 -0.280657 -0.042485  0.366488 -0.050753 ) 
 (  0.089928  0.156648 -0.272176  0.080583  0.369985  0.000000 ) 
     freq (    3) =       4.561605 [THz] =     152.158773 [cm-1]
 (  0.196023 -0.189602 -0.273715  0.155472  0.219399 -0.168360 ) 
 ( -0.129866 -0.239810  0.214228  0.230647 -0.158552 -0.226589 ) 
 (  0.254572 -0.097369 -0.256725  0.182553 -0.245424  0.127668 ) 
 (  0.270778 -0.031101 -0.311999 -0.043476 -0.276644  0.000000 ) 
     freq (    4) =       5.280485 [THz] =     176.138029 [cm-1]
 ( -0.163716  0.186779 -0.419090  0.024351  0.087268 -0.067022 ) 
 (  0.190048  0.159909  0.417960 -0.039226 -0.096390 -0.053073 ) 
 (  0.183451 -0.167684  0.015423 -0.419395  0.065067 -0.088535 ) 
 (  0.243757 -0.048521  0.347079  0.235937  0.109873  0.000000 ) 
     freq (    5) =       6.793076 [THz] =     226.592625 [cm-1]
 (  0.203302 -0.244129  0.069230 -0.321716 -0.160100  0.122883 ) 
 (  0.191152 -0.253755  0.297350 -0.140984 -0.083003  0.183964 ) 
 (  0.226725  0.222531  0.101097  0.313271  0.171628  0.106318 ) 
 (  0.309928 -0.069778  0.250916 -0.213074  0.201890  0.000000 ) 
     freq (    6) =       7.777848 [THz] =     259.441092 [cm-1]
 ( -0.204168 -0.262798 -0.061246  0.341755  0.108585 -0.083348 ) 
 (  0.332277 -0.018409 -0.217675  0.270491 -0.008370 -0.136629 ) 
 (  0.025027 -0.331919  0.239655  0.251023  0.136506  0.009510 ) 
 (  0.001898  0.332855  0.256521 -0.233760  0.136837  0.000000 ) 
     freq (    7) =      10.493233 [THz] =     350.016592 [cm-1]
 ( -0.257220 -0.058057  0.160190 -0.172269 -0.280658  0.215354 ) 
 ( -0.238125 -0.113268  0.019527  0.234427 -0.087633 -0.342734 ) 
 (  0.143357 -0.221257 -0.234976 -0.011228 -0.351229  0.042144 ) 
 ( -0.168696 -0.202602  0.231965 -0.039142  0.353748  0.000000 ) 
     freq (    8) =      11.361341 [THz] =     378.973541 [cm-1]
 ( -0.302091 -0.078984 -0.195011 -0.047697  0.265789 -0.203927 ) 
 ( -0.238712 -0.201281 -0.151409 -0.131832 -0.013369  0.334741 ) 
 ( -0.230690  0.210388 -0.150499  0.132894 -0.330050 -0.056950 ) 
 (  0.191557  0.246550  0.125711  0.156549  0.334927  0.000000 ) 
     freq (    9) =      12.189329 [THz] =     406.592240 [cm-1]
 (  0.003824  0.253601 -0.145125  0.302926 -0.214356  0.164311 ) 
 (  0.197671 -0.158917  0.140576 -0.305064 -0.010321 -0.269889 ) 
 (  0.131110  0.215593  0.284194  0.180437 -0.268839 -0.025123 ) 
 ( -0.150601  0.202459 -0.299750  0.153212  0.270010  0.000000 ) 
     freq (   10) =      12.237523 [THz] =     408.199837 [cm-1]
 ( -0.265554 -0.242765  0.323715  0.113965  0.041434 -0.030914 ) 
 ( -0.057510  0.355170  0.183059 -0.290291  0.051674 -0.001481 ) 
 (  0.345437  0.103655 -0.262715 -0.219672 -0.006053  0.052074 ) 
 (  0.063075  0.355096 -0.187867 -0.286323  0.052425  0.000000 ) 
     freq (   11) =      12.770187 [THz] =     425.967577 [cm-1]
 ( -0.273563 -0.043146 -0.186694  0.063849 -0.290737  0.223145 ) 
 ( -0.232611 -0.150301 -0.096525 -0.172088 -0.067808 -0.360171 ) 
 ( -0.179065  0.211061 -0.183284  0.073372  0.366129 -0.020270 ) 
 (  0.190458  0.200840  0.187059  0.063128 -0.366690  0.000000 ) 
     freq (   12) =      12.853831 [THz] =     428.757649 [cm-1]
 ( -0.189091  0.350347  0.208594 -0.009175  0.173656 -0.133320 ) 
 ( -0.096966 -0.386129  0.199907  0.060274  0.135466  0.171987 ) 
 (  0.395653 -0.045915 -0.085733  0.190150  0.187951 -0.111775 ) 
 ( -0.363531  0.162772  0.170881  0.119611 -0.218676  0.000000 ) 
 **************************************************************************
