Dynamical matrix file
                                                                           
  1    4  0  6.2464249  0.0000000  0.0000000  0.0000000  0.0000000  0.0000000
Basis vectors
      1.000000000    0.000000000    0.000000000
      0.000000000    1.395973545    0.000000000
      0.000000000    0.000000000    6.711099855
           1  'P   '    28230.8552091869     
    1    1      0.5000000000      1.2725434099      3.0363525217
    2    1      0.5000000000      0.1234301352      3.6747473333
    3    1      1.0000000000      0.8214168301      3.0363525203
    4    1      1.0000000000      0.5745567150      3.6747473347

     Dynamical  Matrix in cartesian axes

     q = (   -0.500000000  -0.358172977   0.000000000 ) 

    1    1
  0.28326097  0.00000000    0.00000000  0.00000000    0.00000000  0.00000000
  0.00000000  0.00000000    0.20877694  0.00000000    0.02871860  0.00000000
  0.00000000  0.00000000    0.02871860  0.00000000    0.20014872  0.00000000
    1    2
  0.03165448  0.00000000    0.00000000  0.00000000    0.00000000  0.00000000
  0.00000000  0.00000000    0.01940594  0.00000000    0.01539084  0.00000000
  0.00000000  0.00000000    0.01539084  0.00000000    0.16825611  0.00000000
    1    3
  0.00000000  0.00000000    0.13345958 -0.00000000   -0.03305896  0.00000000
  0.13346156 -0.00000000    0.00000000  0.00000000    0.00000000 -0.00000000
  0.03305905 -0.00000000    0.00000000  0.00000000    0.00000000  0.00000000
    1    4
  0.00000000  0.00000000    0.04394551 -0.00000000    0.02312176 -0.00000000
  0.04394773 -0.00000000    0.00000000 -0.00000000    0.00000000 -0.00000000
 -0.02312136  0.00000000    0.00000000 -0.00000000    0.00000000 -0.00000000
    2    1
  0.03165448  0.00000000    0.00000000  0.00000000    0.00000000  0.00000000
  0.00000000  0.00000000    0.01940594  0.00000000    0.01539084  0.00000000
  0.00000000  0.00000000    0.01539084  0.00000000    0.16825611  0.00000000
    2    2
  0.28326097  0.00000000    0.00000000  0.00000000    0.00000000  0.00000000
  0.00000000  0.00000000    0.20877694  0.00000000    0.02871860  0.00000000
  0.00000000  0.00000000    0.02871860  0.00000000    0.20014872  0.00000000
    2    3
  0.00000000  0.00000000   -0.04394551  0.00000000   -0.02312176  0.00000000
 -0.04394773  0.00000000    0.00000000 -0.00000000    0.00000000 -0.00000000
  0.02312136 -0.00000000    0.00000000 -0.00000000    0.00000000 -0.00000000
    2    4
  0.00000000  0.00000000   -0.13345958  0.00000000    0.03305896 -0.00000000
 -0.13346156  0.00000000    0.00000000  0.00000000    0.00000000 -0.00000000
 -0.03305905  0.00000000    0.00000000  0.00000000    0.00000000  0.00000000
    3    1
  0.00000000 -0.00000000    0.13346156  0.00000000    0.03305905  0.00000000
  0.13345958  0.00000000    0.00000000 -0.00000000    0.00000000 -0.00000000
 -0.03305896 -0.00000000    0.00000000  0.00000000    0.00000000 -0.00000000
    3    2
  0.00000000 -0.00000000   -0.04394773 -0.00000000    0.02312136  0.00000000
 -0.04394551 -0.00000000    0.00000000  0.00000000    0.00000000  0.00000000
 -0.02312176 -0.00000000    0.00000000  0.00000000    0.00000000  0.00000000
    3    3
  0.28326329  0.00000000    0.00000000  0.00000000    0.00000000  0.00000000
  0.00000000  0.00000000    0.20875101  0.00000000   -0.02872078  0.00000000
  0.00000000  0.00000000   -0.02872078  0.00000000    0.20015478  0.00000000
    3    4
 -0.03165414  0.00000000    0.00000000  0.00000000    0.00000000  0.00000000
  0.00000000  0.00000000   -0.01940690  0.00000000    0.01538987  0.00000000
  0.00000000  0.00000000    0.01538987  0.00000000   -0.16825498  0.00000000
    4    1
  0.00000000 -0.00000000    0.04394773  0.00000000   -0.02312136 -0.00000000
  0.04394551  0.00000000    0.00000000  0.00000000    0.00000000  0.00000000
  0.02312176  0.00000000    0.00000000  0.00000000    0.00000000  0.00000000
    4    2
  0.00000000 -0.00000000   -0.13346156 -0.00000000   -0.03305905 -0.00000000
 -0.13345958 -0.00000000    0.00000000 -0.00000000    0.00000000 -0.00000000
  0.03305896  0.00000000    0.00000000  0.00000000    0.00000000 -0.00000000
    4    3
 -0.03165414  0.00000000    0.00000000  0.00000000    0.00000000  0.00000000
  0.00000000  0.00000000   -0.01940690  0.00000000    0.01538987  0.00000000
  0.00000000  0.00000000    0.01538987  0.00000000   -0.16825498  0.00000000
    4    4
  0.28326329  0.00000000    0.00000000  0.00000000    0.00000000  0.00000000
  0.00000000  0.00000000    0.20875101  0.00000000   -0.02872078  0.00000000
  0.00000000  0.00000000   -0.02872078  0.00000000    0.20015478  0.00000000

     Diagonalizing the dynamical matrix

     q = (   -0.500000000  -0.358172977   0.000000000 ) 

 **************************************************************************
     freq (    1) =       3.380541 [THz] =     112.762699 [cm-1]
 ( -0.000000  0.000000  0.202408  0.000000 -0.664510  0.000000 ) 
 (  0.000000  0.000000 -0.202408  0.000000  0.664510  0.000000 ) 
 ( -0.132125  0.000000  0.000000  0.000000  0.000000  0.000000 ) 
 ( -0.132125  0.000000  0.000000  0.000000  0.000000  0.000000 ) 
     freq (    2) =       3.380690 [THz] =     112.767669 [cm-1]
 (  0.132438  0.000000  0.000000  0.000000 -0.000000  0.000000 ) 
 ( -0.132438  0.000000 -0.000000  0.000000  0.000000  0.000000 ) 
 ( -0.000000  0.000000 -0.202788  0.000000 -0.664332  0.000000 ) 
 ( -0.000000  0.000000 -0.202788  0.000000 -0.664332  0.000000 ) 
     freq (    3) =       4.000206 [THz] =     133.432505 [cm-1]
 (  0.435936  0.000000 -0.000000  0.000000 -0.000000  0.000000 ) 
 ( -0.435936  0.000000  0.000000  0.000000  0.000000  0.000000 ) 
 (  0.000000  0.000000 -0.502250  0.000000  0.240218  0.000000 ) 
 (  0.000000  0.000000 -0.502250  0.000000  0.240218  0.000000 ) 
     freq (    4) =       4.000606 [THz] =     133.445862 [cm-1]
 (  0.000000  0.000000  0.502386  0.000000  0.239726  0.000000 ) 
 ( -0.000000  0.000000 -0.502386  0.000000 -0.239726  0.000000 ) 
 ( -0.436050  0.000000 -0.000000  0.000000  0.000000  0.000000 ) 
 ( -0.436050  0.000000 -0.000000  0.000000  0.000000  0.000000 ) 
     freq (    5) =       8.114098 [THz] =     270.657175 [cm-1]
 ( -0.365663  0.000000  0.000000  0.000000 -0.000000  0.000000 ) 
 ( -0.365663  0.000000  0.000000  0.000000 -0.000000  0.000000 ) 
 ( -0.000000  0.000000  0.604420  0.000000  0.031108  0.000000 ) 
 (  0.000000  0.000000 -0.604420  0.000000 -0.031108  0.000000 ) 
     freq (    6) =       8.114548 [THz] =     270.672187 [cm-1]
 (  0.000000  0.000000  0.604399  0.000000 -0.031094  0.000000 ) 
 (  0.000000  0.000000  0.604399  0.000000 -0.031094  0.000000 ) 
 ( -0.365698  0.000000 -0.000000  0.000000 -0.000000  0.000000 ) 
 (  0.365698  0.000000  0.000000  0.000000  0.000000  0.000000 ) 
     freq (    7) =      10.704674 [THz] =     357.069477 [cm-1]
 ( -0.435997  0.000000 -0.000000  0.000000  0.000000  0.000000 ) 
 ( -0.435997  0.000000 -0.000000  0.000000  0.000000  0.000000 ) 
 ( -0.000000  0.000000 -0.237866  0.000000 -0.503315  0.000000 ) 
 (  0.000000  0.000000  0.237866  0.000000  0.503315  0.000000 ) 
     freq (    8) =      10.704706 [THz] =     357.070569 [cm-1]
 (  0.000000  0.000000 -0.237887  0.000000  0.503339  0.000000 ) 
 (  0.000000  0.000000 -0.237887  0.000000  0.503339  0.000000 ) 
 ( -0.435958  0.000000  0.000000  0.000000  0.000000  0.000000 ) 
 (  0.435958  0.000000 -0.000000  0.000000 -0.000000  0.000000 ) 
     freq (    9) =      12.403598 [THz] =     413.739499 [cm-1]
 (  0.540759  0.000000 -0.000000  0.000000 -0.000000  0.000000 ) 
 ( -0.540759  0.000000  0.000000  0.000000  0.000000  0.000000 ) 
 ( -0.000000  0.000000  0.454557  0.000000 -0.030951  0.000000 ) 
 ( -0.000000  0.000000  0.454557  0.000000 -0.030951  0.000000 ) 
     freq (   10) =      12.403855 [THz] =     413.748079 [cm-1]
 (  0.000000  0.000000  0.454575  0.000000  0.030946  0.000000 ) 
 ( -0.000000  0.000000 -0.454575  0.000000 -0.030946  0.000000 ) 
 (  0.540743  0.000000  0.000000  0.000000 -0.000000  0.000000 ) 
 (  0.540743  0.000000  0.000000  0.000000 -0.000000  0.000000 ) 
     freq (   11) =      13.000501 [THz] =     433.650031 [cm-1]
 (  0.419758  0.000000  0.000000  0.000000  0.000000  0.000000 ) 
 (  0.419758  0.000000  0.000000  0.000000  0.000000  0.000000 ) 
 (  0.000000  0.000000  0.279458  0.000000 -0.495688  0.000000 ) 
 ( -0.000000  0.000000 -0.279458  0.000000  0.495688  0.000000 ) 
     freq (   12) =      13.000518 [THz] =     433.650599 [cm-1]
 (  0.000000  0.000000 -0.279485  0.000000 -0.495664  0.000000 ) 
 (  0.000000  0.000000 -0.279485  0.000000 -0.495664  0.000000 ) 
 ( -0.419768  0.000000  0.000000  0.000000 -0.000000  0.000000 ) 
 (  0.419768  0.000000 -0.000000  0.000000  0.000000  0.000000 ) 
 **************************************************************************
