Dynamical matrix file
                                                                           
  1    4  0  6.2464249  0.0000000  0.0000000  0.0000000  0.0000000  0.0000000
Basis vectors
      1.000000000    0.000000000    0.000000000
      0.000000000    1.395973545    0.000000000
      0.000000000    0.000000000    6.711099855
           1  'P   '    28230.8552091869     
    1    1      0.5000000000      1.2725434099      3.0363525217
    2    1      0.5000000000      0.1234301352      3.6747473333
    3    1      1.0000000000      0.8214168301      3.0363525203
    4    1      1.0000000000      0.5745567150      3.6747473347

     Dynamical  Matrix in cartesian axes

     q = (    0.375000000  -0.358172977   0.000000000 ) 

    1    1
  0.27618805  0.00000000    0.00000000  0.00733919    0.00000000  0.00991461
  0.00000000 -0.00733919    0.21147848  0.00000000    0.02739687  0.00000000
  0.00000000 -0.00991461    0.02739687  0.00000000    0.20153739  0.00000000
    1    2
  0.02840106  0.00000000    0.00000000  0.00388065    0.00000000 -0.00230652
  0.00000000  0.00388065    0.01713455  0.00000000    0.01791079  0.00000000
  0.00000000 -0.00230652    0.01791079  0.00000000    0.16669567  0.00000000
    1    3
 -0.02448125  0.05910297    0.11262904  0.04665248   -0.02894638 -0.01198998
  0.11262975  0.04665277   -0.02468600  0.05959728    0.00274609 -0.00662965
  0.02894632  0.01198996   -0.00274644  0.00663049   -0.00993400  0.02398281
    1    4
 -0.00000020  0.00000047    0.03567763  0.01477816    0.01919296  0.00794998
  0.03567836  0.01477846   -0.00000015  0.00000036    0.00137610 -0.00332220
 -0.01919255 -0.00794981    0.00137620 -0.00332243    0.00000097 -0.00000233
    2    1
  0.02840106  0.00000000    0.00000000 -0.00388065    0.00000000  0.00230652
  0.00000000 -0.00388065    0.01713455  0.00000000    0.01791079  0.00000000
  0.00000000  0.00230652    0.01791079  0.00000000    0.16669567  0.00000000
    2    2
  0.27618805  0.00000000    0.00000000 -0.00733919    0.00000000 -0.00991461
  0.00000000  0.00733919    0.21147848  0.00000000    0.02739687  0.00000000
  0.00000000  0.00991461    0.02739687  0.00000000    0.20153739  0.00000000
    2    3
 -0.00000020  0.00000047   -0.03567763 -0.01477816   -0.01919296 -0.00794998
 -0.03567836 -0.01477846   -0.00000015  0.00000036    0.00137610 -0.00332220
  0.01919255  0.00794981    0.00137620 -0.00332243    0.00000097 -0.00000233
    2    4
 -0.02448125  0.05910297   -0.11262904 -0.04665248    0.02894638  0.01198998
 -0.11262975 -0.04665277   -0.02468600  0.05959728    0.00274609 -0.00662965
 -0.02894632 -0.01198996   -0.00274644  0.00663049   -0.00993400  0.02398281
    3    1
 -0.02448125 -0.05910297    0.11262975 -0.04665277    0.02894632 -0.01198996
  0.11262904 -0.04665248   -0.02468600 -0.05959728   -0.00274644 -0.00663049
 -0.02894638  0.01198998    0.00274609  0.00662965   -0.00993400 -0.02398281
    3    2
 -0.00000020 -0.00000047   -0.03567836  0.01477846    0.01919255 -0.00794981
 -0.03567763  0.01477816   -0.00000015 -0.00000036    0.00137620  0.00332243
 -0.01919296  0.00794998    0.00137610  0.00332220    0.00000097  0.00000233
    3    3
  0.27619187  0.00000000    0.00000000 -0.00733896    0.00000000  0.00991476
  0.00000000  0.00733896    0.21145155  0.00000000   -0.02739782  0.00000000
  0.00000000 -0.00991476   -0.02739782  0.00000000    0.20154214  0.00000000
    3    4
 -0.02840154  0.00000000    0.00000000  0.00388049    0.00000000  0.00230652
  0.00000000  0.00388049   -0.01713369  0.00000000    0.01791092  0.00000000
  0.00000000  0.00230652    0.01791092  0.00000000   -0.16669953  0.00000000
    4    1
 -0.00000020 -0.00000047    0.03567836 -0.01477846   -0.01919255  0.00794981
  0.03567763 -0.01477816   -0.00000015 -0.00000036    0.00137620  0.00332243
  0.01919296 -0.00794998    0.00137610  0.00332220    0.00000097  0.00000233
    4    2
 -0.02448125 -0.05910297   -0.11262975  0.04665277   -0.02894632  0.01198996
 -0.11262904  0.04665248   -0.02468600 -0.05959728   -0.00274644 -0.00663049
  0.02894638 -0.01198998    0.00274609  0.00662965   -0.00993400 -0.02398281
    4    3
 -0.02840154  0.00000000    0.00000000 -0.00388049    0.00000000 -0.00230652
  0.00000000 -0.00388049   -0.01713369  0.00000000    0.01791092  0.00000000
  0.00000000 -0.00230652    0.01791092  0.00000000   -0.16669953  0.00000000
    4    4
  0.27619187  0.00000000    0.00000000  0.00733896    0.00000000 -0.00991476
  0.00000000 -0.00733896    0.21145155  0.00000000   -0.02739782  0.00000000
  0.00000000  0.00991476   -0.02739782  0.00000000    0.20154214  0.00000000

     Dynamical  Matrix in cartesian axes

     q = (   -0.375000000   0.358172977   0.000000000 ) 

    1    1
  0.27618805  0.00000000    0.00000000 -0.00733919    0.00000000 -0.00991461
  0.00000000  0.00733919    0.21147848  0.00000000    0.02739687  0.00000000
  0.00000000  0.00991461    0.02739687  0.00000000    0.20153739  0.00000000
    1    2
  0.02840106  0.00000000    0.00000000 -0.00388065    0.00000000  0.00230652
  0.00000000 -0.00388065    0.01713455  0.00000000    0.01791079  0.00000000
  0.00000000  0.00230652    0.01791079  0.00000000    0.16669567  0.00000000
    1    3
 -0.02448125 -0.05910297    0.11262904 -0.04665248   -0.02894638  0.01198998
  0.11262975 -0.04665277   -0.02468600 -0.05959728    0.00274609  0.00662965
  0.02894632 -0.01198996   -0.00274644 -0.00663049   -0.00993400 -0.02398281
    1    4
 -0.00000020 -0.00000047    0.03567763 -0.01477816    0.01919296 -0.00794998
  0.03567836 -0.01477846   -0.00000015 -0.00000036    0.00137610  0.00332220
 -0.01919255  0.00794981    0.00137620  0.00332243    0.00000097  0.00000233
    2    1
  0.02840106  0.00000000    0.00000000  0.00388065    0.00000000 -0.00230652
  0.00000000  0.00388065    0.01713455  0.00000000    0.01791079  0.00000000
  0.00000000 -0.00230652    0.01791079  0.00000000    0.16669567  0.00000000
    2    2
  0.27618805  0.00000000    0.00000000  0.00733919    0.00000000  0.00991461
  0.00000000 -0.00733919    0.21147848  0.00000000    0.02739687  0.00000000
  0.00000000 -0.00991461    0.02739687  0.00000000    0.20153739  0.00000000
    2    3
 -0.00000020 -0.00000047   -0.03567763  0.01477816   -0.01919296  0.00794998
 -0.03567836  0.01477846   -0.00000015 -0.00000036    0.00137610  0.00332220
  0.01919255 -0.00794981    0.00137620  0.00332243    0.00000097  0.00000233
    2    4
 -0.02448125 -0.05910297   -0.11262904  0.04665248    0.02894638 -0.01198998
 -0.11262975  0.04665277   -0.02468600 -0.05959728    0.00274609  0.00662965
 -0.02894632  0.01198996   -0.00274644 -0.00663049   -0.00993400 -0.02398281
    3    1
 -0.02448125  0.05910297    0.11262975  0.04665277    0.02894632  0.01198996
  0.11262904  0.04665248   -0.02468600  0.05959728   -0.00274644  0.00663049
 -0.02894638 -0.01198998    0.00274609 -0.00662965   -0.00993400  0.02398281
    3    2
 -0.00000020  0.00000047   -0.03567836 -0.01477846    0.01919255  0.00794981
 -0.03567763 -0.01477816   -0.00000015  0.00000036    0.00137620 -0.00332243
 -0.01919296 -0.00794998    0.00137610 -0.00332220    0.00000097 -0.00000233
    3    3
  0.27619187  0.00000000    0.00000000  0.00733896    0.00000000 -0.00991476
  0.00000000 -0.00733896    0.21145155  0.00000000   -0.02739782  0.00000000
  0.00000000  0.00991476   -0.02739782  0.00000000    0.20154214  0.00000000
    3    4
 -0.02840154  0.00000000    0.00000000 -0.00388049    0.00000000 -0.00230652
  0.00000000 -0.00388049   -0.01713369  0.00000000    0.01791092  0.00000000
  0.00000000 -0.00230652    0.01791092  0.00000000   -0.16669953  0.00000000
    4    1
 -0.00000020  0.00000047    0.03567836  0.01477846   -0.01919255 -0.00794981
  0.03567763  0.01477816   -0.00000015  0.00000036    0.00137620 -0.00332243
  0.01919296  0.00794998    0.00137610 -0.00332220    0.00000097 -0.00000233
    4    2
 -0.02448125  0.05910297   -0.11262975 -0.04665277   -0.02894632 -0.01198996
 -0.11262904 -0.04665248   -0.02468600  0.05959728   -0.00274644  0.00663049
  0.02894638  0.01198998    0.00274609 -0.00662965   -0.00993400  0.02398281
    4    3
 -0.02840154  0.00000000    0.00000000  0.00388049    0.00000000  0.00230652
  0.00000000  0.00388049   -0.01713369  0.00000000    0.01791092  0.00000000
  0.00000000  0.00230652    0.01791092  0.00000000   -0.16669953  0.00000000
    4    4
  0.27619187  0.00000000    0.00000000 -0.00733896    0.00000000  0.00991476
  0.00000000  0.00733896    0.21145155  0.00000000   -0.02739782  0.00000000
  0.00000000 -0.00991476   -0.02739782  0.00000000    0.20154214  0.00000000

     Diagonalizing the dynamical matrix

     q = (    0.375000000  -0.358172977   0.000000000 ) 

 **************************************************************************
     freq (    1) =       3.413366 [THz] =     113.857637 [cm-1]
 (  0.025680  0.010637 -0.035503  0.085712 -0.261886  0.632249 ) 
 (  0.025680  0.010637  0.035503 -0.085712  0.261886 -0.632249 ) 
 (  0.000000 -0.096569 -0.097861 -0.000000 -0.058266 -0.000000 ) 
 (  0.000000 -0.096569  0.097861  0.000000  0.058266  0.000000 ) 
     freq (    2) =       3.413492 [THz] =     113.861843 [cm-1]
 ( -0.089255 -0.036971  0.037448 -0.090408 -0.022293  0.053821 ) 
 (  0.089255  0.036971  0.037448 -0.090408 -0.022293  0.053821 ) 
 (  0.000000  0.027788  0.092824 -0.000000 -0.684331 -0.000000 ) 
 (  0.000000 -0.027788  0.092824  0.000000 -0.684331  0.000000 ) 
     freq (    3) =       3.951822 [THz] =     131.818598 [cm-1]
 (  0.386474  0.160083 -0.066685  0.160993  0.001596 -0.003854 ) 
 ( -0.386474 -0.160083 -0.066685  0.160993  0.001596 -0.003854 ) 
 (  0.000000  0.047513 -0.518688 -0.000000 -0.152754 -0.000000 ) 
 (  0.000000 -0.047513 -0.518688  0.000000 -0.152754  0.000000 ) 
     freq (    4) =       3.952449 [THz] =     131.839492 [cm-1]
 ( -0.043893 -0.018181 -0.198489  0.479195  0.058435 -0.141075 ) 
 ( -0.043893 -0.018181  0.198489 -0.479195 -0.058435  0.141075 ) 
 (  0.000000 -0.418334 -0.174295 -0.000000 -0.004179 -0.000000 ) 
 (  0.000000 -0.418334  0.174295  0.000000  0.004179  0.000000 ) 
     freq (    5) =       7.986720 [THz] =     266.408294 [cm-1]
 ( -0.379073 -0.157017  0.007439 -0.017959 -0.024712  0.059660 ) 
 ( -0.379073 -0.157017 -0.007439  0.017959  0.024712 -0.059660 ) 
 (  0.000000 -0.220930  0.527394  0.000000  0.012143  0.000000 ) 
 (  0.000000 -0.220930 -0.527394 -0.000000 -0.012143  0.000000 ) 
     freq (    6) =       7.987126 [THz] =     266.421862 [cm-1]
 (  0.204109  0.084545  0.201817 -0.487231 -0.004643  0.011210 ) 
 ( -0.204109 -0.084545  0.201817 -0.487231 -0.004643  0.011210 ) 
 (  0.000000  0.410333  0.019476  0.000000  0.064560  0.000000 ) 
 (  0.000000 -0.410333  0.019476 -0.000000  0.064560  0.000000 ) 
     freq (    7) =      10.724888 [THz] =     357.743744 [cm-1]
 ( -0.362737 -0.150250  0.057445 -0.138685  0.017821 -0.043023 ) 
 ( -0.362737 -0.150250 -0.057445  0.138685 -0.017821  0.043023 ) 
 (  0.000000  0.002433 -0.293100 -0.000000 -0.485006  0.000000 ) 
 ( -0.000000  0.002433  0.293100 -0.000000  0.485006  0.000000 ) 
     freq (    8) =      10.724911 [THz] =     357.744532 [cm-1]
 (  0.002240  0.000928  0.112170 -0.270803 -0.185619  0.448123 ) 
 ( -0.002240 -0.000928  0.112170 -0.270803 -0.185619  0.448123 ) 
 ( -0.000000 -0.392572 -0.150093  0.000000  0.046563 -0.000000 ) 
 (  0.000000  0.392572 -0.150093  0.000000  0.046563  0.000000 ) 
     freq (    9) =      12.293328 [THz] =     410.061274 [cm-1]
 (  0.419911  0.173933 -0.077736  0.187672 -0.095237  0.229923 ) 
 ( -0.419911 -0.173933 -0.077736  0.187672 -0.095237  0.229923 ) 
 (  0.000000 -0.009587  0.435838 -0.000000 -0.013298  0.000000 ) 
 (  0.000000  0.009587  0.435838 -0.000000 -0.013298  0.000000 ) 
     freq (   10) =      12.293499 [THz] =     410.066984 [cm-1]
 ( -0.008822 -0.003654 -0.166791  0.402669 -0.005085  0.012277 ) 
 ( -0.008822 -0.003654  0.166791 -0.402669  0.005085 -0.012277 ) 
 (  0.000000  0.454480  0.203125 -0.000000 -0.248915  0.000000 ) 
 (  0.000000  0.454480 -0.203125 -0.000000  0.248915  0.000000 ) 
     freq (   11) =      13.085457 [THz] =     436.483865 [cm-1]
 ( -0.226842 -0.093961 -0.089547  0.216185 -0.170815  0.412384 ) 
 (  0.226842  0.093961 -0.089547  0.216185 -0.170815  0.412384 ) 
 ( -0.000000  0.417603 -0.097390 -0.000000  0.042946  0.000000 ) 
 (  0.000000 -0.417603 -0.097390 -0.000000  0.042946  0.000000 ) 
     freq (   12) =      13.085482 [THz] =     436.484688 [cm-1]
 (  0.385797  0.159802  0.037287 -0.090019  0.016438 -0.039685 ) 
 (  0.385797  0.159802 -0.037287  0.090019 -0.016438  0.039685 ) 
 (  0.000000 -0.245566  0.233950  0.000000 -0.446374 -0.000000 ) 
 ( -0.000000 -0.245566 -0.233950  0.000000  0.446374  0.000000 ) 
 **************************************************************************
