Dynamical matrix file
                                                                           
  1    4  0  6.2464249  0.0000000  0.0000000  0.0000000  0.0000000  0.0000000
Basis vectors
      1.000000000    0.000000000    0.000000000
      0.000000000    1.395973545    0.000000000
      0.000000000    0.000000000    6.711099855
           1  'P   '    28230.8552091869     
    1    1      0.5000000000      1.2725434099      3.0363525217
    2    1      0.5000000000      0.1234301352      3.6747473333
    3    1      1.0000000000      0.8214168301      3.0363525203
    4    1      1.0000000000      0.5745567150      3.6747473347

     Dynamical  Matrix in cartesian axes

     q = (    0.000000000   0.119390992   0.000000000 ) 

    1    1
  0.22577085  0.00000000    0.00000000  0.00000000    0.00000000  0.00000000
  0.00000000  0.00000000    0.26584400  0.00000000    0.01458696 -0.00375096
  0.00000000  0.00000000    0.01458696  0.00375096    0.20019303  0.00000000
    1    2
 -0.01266372 -0.01931971    0.00000000  0.00000000    0.00000000  0.00000000
  0.00000000  0.00000000   -0.01148848 -0.01379773   -0.00315468 -0.01684482
  0.00000000  0.00000000   -0.00315468 -0.01684482   -0.08970804 -0.14254310
    1    3
 -0.18511680  0.00033125    0.00000000  0.00000000    0.00000000  0.00000000
  0.00000000  0.00000000   -0.20736179 -0.00175426    0.01914733  0.00219156
  0.00000000  0.00000000   -0.01914889 -0.00219227   -0.05120474  0.01040135
    1    4
 -0.01233953 -0.00712429    0.00000000  0.00000000    0.00000000  0.00000000
  0.00000000  0.00000000   -0.02960658 -0.01709342   -0.01052660 -0.01773392
  0.00000000  0.00000000    0.02061823  0.00024746    0.01563214  0.00902578
    2    1
 -0.01266372  0.01931971    0.00000000  0.00000000    0.00000000  0.00000000
  0.00000000  0.00000000   -0.01148848  0.01379773   -0.00315468  0.01684482
  0.00000000  0.00000000   -0.00315468  0.01684482   -0.08970804  0.14254310
    2    2
  0.22577085  0.00000000    0.00000000  0.00000000    0.00000000  0.00000000
  0.00000000  0.00000000    0.26584400  0.00000000    0.01458696  0.00375096
  0.00000000  0.00000000    0.01458696 -0.00375096    0.20019303  0.00000000
    2    3
 -0.01233953  0.00712429    0.00000000  0.00000000    0.00000000  0.00000000
  0.00000000  0.00000000   -0.02960658  0.01709342   -0.01052660  0.01773392
  0.00000000  0.00000000    0.02061823 -0.00024746    0.01563214 -0.00902578
    2    4
 -0.18511680 -0.00033125    0.00000000  0.00000000    0.00000000  0.00000000
  0.00000000  0.00000000   -0.20736179  0.00175426    0.01914733 -0.00219156
  0.00000000  0.00000000   -0.01914889  0.00219227   -0.05120474 -0.01040135
    3    1
 -0.18511680 -0.00033125    0.00000000  0.00000000    0.00000000  0.00000000
  0.00000000  0.00000000   -0.20736179  0.00175426   -0.01914889  0.00219227
  0.00000000  0.00000000    0.01914733 -0.00219156   -0.05120474 -0.01040135
    3    2
 -0.01233953 -0.00712429    0.00000000  0.00000000    0.00000000  0.00000000
  0.00000000  0.00000000   -0.02960658 -0.01709342    0.02061823  0.00024746
  0.00000000  0.00000000   -0.01052660 -0.01773392    0.01563214  0.00902578
    3    3
  0.22577955  0.00000000    0.00000000  0.00000000    0.00000000  0.00000000
  0.00000000  0.00000000    0.26581790  0.00000000   -0.01458934 -0.00375107
  0.00000000  0.00000000   -0.01458934  0.00375107    0.20019996  0.00000000
    3    4
 -0.02306764 -0.00130822    0.00000000  0.00000000    0.00000000  0.00000000
  0.00000000  0.00000000   -0.01768948 -0.00305020    0.01616379 -0.00569072
  0.00000000  0.00000000    0.01616379 -0.00569072   -0.16830296 -0.00641757
    4    1
 -0.01233953  0.00712429    0.00000000  0.00000000    0.00000000  0.00000000
  0.00000000  0.00000000   -0.02960658  0.01709342    0.02061823 -0.00024746
  0.00000000  0.00000000   -0.01052660  0.01773392    0.01563214 -0.00902578
    4    2
 -0.18511680  0.00033125    0.00000000  0.00000000    0.00000000  0.00000000
  0.00000000  0.00000000   -0.20736179 -0.00175426   -0.01914889 -0.00219227
  0.00000000  0.00000000    0.01914733  0.00219156   -0.05120474  0.01040135
    4    3
 -0.02306764  0.00130822    0.00000000  0.00000000    0.00000000  0.00000000
  0.00000000  0.00000000   -0.01768948  0.00305020    0.01616379  0.00569072
  0.00000000  0.00000000    0.01616379  0.00569072   -0.16830296  0.00641757
    4    4
  0.22577955  0.00000000    0.00000000  0.00000000    0.00000000  0.00000000
  0.00000000  0.00000000    0.26581790  0.00000000   -0.01458934  0.00375107
  0.00000000  0.00000000   -0.01458934 -0.00375107    0.20019996  0.00000000

     Dynamical  Matrix in cartesian axes

     q = (    0.000000000  -0.119390992   0.000000000 ) 

    1    1
  0.22577085  0.00000000    0.00000000  0.00000000    0.00000000  0.00000000
  0.00000000  0.00000000    0.26584400  0.00000000    0.01458696  0.00375096
  0.00000000  0.00000000    0.01458696 -0.00375096    0.20019303  0.00000000
    1    2
 -0.01266372  0.01931971    0.00000000  0.00000000    0.00000000  0.00000000
  0.00000000  0.00000000   -0.01148848  0.01379773   -0.00315468  0.01684482
  0.00000000  0.00000000   -0.00315468  0.01684482   -0.08970804  0.14254310
    1    3
 -0.18511680 -0.00033125    0.00000000  0.00000000    0.00000000  0.00000000
  0.00000000  0.00000000   -0.20736179  0.00175426    0.01914733 -0.00219156
  0.00000000  0.00000000   -0.01914889  0.00219227   -0.05120474 -0.01040135
    1    4
 -0.01233953  0.00712429    0.00000000  0.00000000    0.00000000  0.00000000
  0.00000000  0.00000000   -0.02960658  0.01709342   -0.01052660  0.01773392
  0.00000000  0.00000000    0.02061823 -0.00024746    0.01563214 -0.00902578
    2    1
 -0.01266372 -0.01931971    0.00000000  0.00000000    0.00000000  0.00000000
  0.00000000  0.00000000   -0.01148848 -0.01379773   -0.00315468 -0.01684482
  0.00000000  0.00000000   -0.00315468 -0.01684482   -0.08970804 -0.14254310
    2    2
  0.22577085  0.00000000    0.00000000  0.00000000    0.00000000  0.00000000
  0.00000000  0.00000000    0.26584400  0.00000000    0.01458696 -0.00375096
  0.00000000  0.00000000    0.01458696  0.00375096    0.20019303  0.00000000
    2    3
 -0.01233953 -0.00712429    0.00000000  0.00000000    0.00000000  0.00000000
  0.00000000  0.00000000   -0.02960658 -0.01709342   -0.01052660 -0.01773392
  0.00000000  0.00000000    0.02061823  0.00024746    0.01563214  0.00902578
    2    4
 -0.18511680  0.00033125    0.00000000  0.00000000    0.00000000  0.00000000
  0.00000000  0.00000000   -0.20736179 -0.00175426    0.01914733  0.00219156
  0.00000000  0.00000000   -0.01914889 -0.00219227   -0.05120474  0.01040135
    3    1
 -0.18511680  0.00033125    0.00000000  0.00000000    0.00000000  0.00000000
  0.00000000  0.00000000   -0.20736179 -0.00175426   -0.01914889 -0.00219227
  0.00000000  0.00000000    0.01914733  0.00219156   -0.05120474  0.01040135
    3    2
 -0.01233953  0.00712429    0.00000000  0.00000000    0.00000000  0.00000000
  0.00000000  0.00000000   -0.02960658  0.01709342    0.02061823 -0.00024746
  0.00000000  0.00000000   -0.01052660  0.01773392    0.01563214 -0.00902578
    3    3
  0.22577955  0.00000000    0.00000000  0.00000000    0.00000000  0.00000000
  0.00000000  0.00000000    0.26581790  0.00000000   -0.01458934  0.00375107
  0.00000000  0.00000000   -0.01458934 -0.00375107    0.20019996  0.00000000
    3    4
 -0.02306764  0.00130822    0.00000000  0.00000000    0.00000000  0.00000000
  0.00000000  0.00000000   -0.01768948  0.00305020    0.01616379  0.00569072
  0.00000000  0.00000000    0.01616379  0.00569072   -0.16830296  0.00641757
    4    1
 -0.01233953 -0.00712429    0.00000000  0.00000000    0.00000000  0.00000000
  0.00000000  0.00000000   -0.02960658 -0.01709342    0.02061823  0.00024746
  0.00000000  0.00000000   -0.01052660 -0.01773392    0.01563214  0.00902578
    4    2
 -0.18511680 -0.00033125    0.00000000  0.00000000    0.00000000  0.00000000
  0.00000000  0.00000000   -0.20736179  0.00175426   -0.01914889  0.00219227
  0.00000000  0.00000000    0.01914733 -0.00219156   -0.05120474 -0.01040135
    4    3
 -0.02306764 -0.00130822    0.00000000  0.00000000    0.00000000  0.00000000
  0.00000000  0.00000000   -0.01768948 -0.00305020    0.01616379 -0.00569072
  0.00000000  0.00000000    0.01616379 -0.00569072   -0.16830296 -0.00641757
    4    4
  0.22577955  0.00000000    0.00000000  0.00000000    0.00000000  0.00000000
  0.00000000  0.00000000    0.26581790  0.00000000   -0.01458934 -0.00375107
  0.00000000  0.00000000   -0.01458934  0.00375107    0.20019996  0.00000000

     Diagonalizing the dynamical matrix

     q = (    0.000000000   0.119390992   0.000000000 ) 

 **************************************************************************
     freq (    1) =       0.416537 [THz] =      13.894166 [cm-1]
 ( -0.000000 -0.000000 -0.043862  0.108247  0.421042  0.243192 ) 
 ( -0.000000  0.000000 -0.022939 -0.114521  0.458962 -0.160539 ) 
 ( -0.000000  0.000000 -0.036470  0.110993  0.477596  0.090514 ) 
 ( -0.000000  0.000000 -0.015165 -0.115843  0.486097  0.000000 ) 
     freq (    2) =       1.424693 [THz] =      47.522647 [cm-1]
 ( -0.000000 -0.000000 -0.468873  0.158768 -0.060248 -0.035496 ) 
 ( -0.000000 -0.000000 -0.323502  0.374695  0.010222  0.069176 ) 
 ( -0.000000 -0.000000 -0.467445  0.162974  0.026589 -0.065483 ) 
 ( -0.000000 -0.000000 -0.326861  0.371790  0.070676  0.000000 ) 
     freq (    3) =       1.456647 [THz] =      48.588525 [cm-1]
 ( -0.294762 -0.403878  0.000000 -0.000000  0.000000  0.000000 ) 
 ( -0.466555 -0.179803  0.000000 -0.000000 -0.000000 -0.000000 ) 
 ( -0.314148 -0.388984  0.000000 -0.000000 -0.000000  0.000000 ) 
 ( -0.457204 -0.202391  0.000000 -0.000000 -0.000000  0.000000 ) 
     freq (    4) =       4.382997 [THz] =     146.201031 [cm-1]
 (  0.000000  0.000000 -0.058368 -0.028147  0.429348  0.247892 ) 
 ( -0.000000  0.000000 -0.051107  0.039839  0.367305 -0.332982 ) 
 (  0.000000  0.000000 -0.064180  0.008941 -0.484609  0.104716 ) 
 ( -0.000000  0.000000 -0.064621  0.004816 -0.495794  0.000000 ) 
     freq (    5) =       5.368864 [THz] =     179.086027 [cm-1]
 (  0.488472 -0.106791 -0.000000  0.000000 -0.000000 -0.000000 ) 
 ( -0.390775  0.311937  0.000000  0.000000 -0.000000  0.000000 ) 
 (  0.494370 -0.074760  0.000000  0.000000  0.000000 -0.000000 ) 
 ( -0.369623  0.336703  0.000000  0.000000  0.000000  0.000000 ) 
     freq (    6) =       6.656076 [THz] =     222.022795 [cm-1]
 ( -0.000000 -0.000000  0.206666 -0.439916  0.101526  0.058600 ) 
 ( -0.000000  0.000000  0.026475  0.485321  0.116097 -0.016218 ) 
 ( -0.000000 -0.000000  0.219748 -0.433580  0.108654  0.043989 ) 
 ( -0.000000  0.000000  0.040980  0.484357  0.117221  0.000000 ) 
     freq (    7) =      10.584340 [THz] =     353.055576 [cm-1]
 ( -0.000000 -0.000000 -0.179191  0.005376  0.404246  0.233374 ) 
 (  0.000000  0.000000  0.174665 -0.040377 -0.331595  0.328517 ) 
 ( -0.000000 -0.000000  0.171425  0.052363  0.451400 -0.118714 ) 
 ( -0.000000 -0.000000 -0.152469  0.094242 -0.466750  0.000000 ) 
     freq (    8) =      12.458508 [THz] =     415.571094 [cm-1]
 (  0.167593  0.471076  0.000000 -0.000000  0.000000  0.000000 ) 
 (  0.358710  0.348319  0.000000  0.000000  0.000000  0.000000 ) 
 ( -0.136569 -0.480988  0.000000  0.000000 -0.000000  0.000000 ) 
 ( -0.380627 -0.324228 -0.000000  0.000000  0.000000  0.000000 ) 
     freq (    9) =      12.651764 [THz] =     422.017406 [cm-1]
 (  0.246836  0.434811  0.000000  0.000000 -0.000000 -0.000000 ) 
 ( -0.442994 -0.231830  0.000000 -0.000000  0.000000 -0.000000 ) 
 ( -0.267807 -0.422245 -0.000000 -0.000000  0.000000  0.000000 ) 
 (  0.431152  0.253218 -0.000000 -0.000000 -0.000000  0.000000 ) 
     freq (   10) =      12.836244 [THz] =     428.170998 [cm-1]
 (  0.000000  0.000000 -0.017041  0.014116  0.432587  0.249753 ) 
 ( -0.000000 -0.000000  0.013947  0.017180 -0.473114  0.160221 ) 
 ( -0.000000 -0.000000 -0.003556 -0.021875 -0.489843 -0.097802 ) 
 (  0.000000  0.000000  0.007770 -0.020755  0.499511  0.000000 ) 
     freq (   11) =      13.564897 [THz] =     452.476271 [cm-1]
 (  0.000000 -0.000000 -0.449625 -0.128305 -0.153407 -0.088578 ) 
 ( -0.000000  0.000000  0.444824 -0.144073  0.150190 -0.093931 ) 
 ( -0.000000  0.000000  0.457262  0.097497 -0.177092  0.006246 ) 
 (  0.000000 -0.000000 -0.453542  0.113554  0.177202  0.000000 ) 
     freq (   12) =      13.716257 [THz] =     457.525071 [cm-1]
 (  0.000000 -0.000000 -0.293930  0.404012 -0.017191 -0.009902 ) 
 ( -0.000000  0.000000 -0.065723  0.495278  0.019278  0.004683 ) 
 ( -0.000000  0.000000  0.304440 -0.396116  0.014400  0.013711 ) 
 ( -0.000000 -0.000000  0.052666 -0.496807 -0.019884  0.000000 ) 
 **************************************************************************
