Dynamical matrix file
                                                                           
  1    4  0  6.2464249  0.0000000  0.0000000  0.0000000  0.0000000  0.0000000
Basis vectors
      1.000000000    0.000000000    0.000000000
      0.000000000    1.395973545    0.000000000
      0.000000000    0.000000000    6.711099855
           1  'P   '    28230.8552091869     
    1    1      0.5000000000      1.2725434099      3.0363525217
    2    1      0.5000000000      0.1234301352      3.6747473333
    3    1      1.0000000000      0.8214168301      3.0363525203
    4    1      1.0000000000      0.5745567150      3.6747473347

     Dynamical  Matrix in cartesian axes

     q = (    0.125000000   0.119390992   0.000000000 ) 

    1    1
  0.23466249  0.00000000   -0.00064585  0.01086017   -0.00115210  0.00498081
 -0.00064585 -0.01086017    0.24700036  0.00000000    0.01854497 -0.00207858
 -0.00115210 -0.00498081    0.01854497  0.00207858    0.19918749  0.00000000
    1    2
 -0.01309765 -0.01887135    0.00086795  0.00220941    0.00266265 -0.00461523
  0.00086795  0.00220941   -0.01062346 -0.01288549   -0.00623471 -0.01894539
  0.00266265 -0.00461523   -0.00623471 -0.01894539   -0.08614088 -0.14046847
    1    3
 -0.15411222  0.06391195    0.01706780  0.04034551   -0.00400159 -0.01049107
  0.01706831  0.04034543   -0.16774507  0.06683483    0.01729246 -0.00540484
  0.00400105  0.01049046   -0.01729291  0.00540409   -0.04022056  0.02737407
    1    4
 -0.01373815 -0.00180859    0.00611589  0.00568728    0.00359892 -0.00593892
  0.00738010 -0.00391141   -0.02841303 -0.00374128   -0.01457154 -0.01030636
 -0.00193919 -0.00666841    0.01673971 -0.00618422    0.01621994  0.00213577
    2    1
 -0.01309765  0.01887135    0.00086795 -0.00220941    0.00266265  0.00461523
  0.00086795 -0.00220941   -0.01062346  0.01288549   -0.00623471  0.01894539
  0.00266265  0.00461523   -0.00623471  0.01894539   -0.08614088  0.14046847
    2    2
  0.23466249  0.00000000   -0.00064585 -0.01086017   -0.00115210 -0.00498081
 -0.00064585  0.01086017    0.24700036  0.00000000    0.01854497  0.00207858
 -0.00115210  0.00498081    0.01854497 -0.00207858    0.19918749  0.00000000
    2    3
 -0.00843547  0.01099320    0.00030307 -0.00834610    0.00674428  0.00165463
  0.00798431 -0.00245273   -0.01744556  0.02273652   -0.00301594  0.01759133
  0.00334406  0.00608649    0.01620966 -0.00746386    0.00995901 -0.01297945
    2    4
 -0.15416637  0.06378122   -0.01645982 -0.04059734    0.00458875  0.01024786
 -0.01645941 -0.04059764   -0.16587304  0.07135432    0.01604941 -0.00840582
 -0.00458871 -0.01024705   -0.01604920  0.00840666   -0.04779662  0.00908384
    3    1
 -0.15411222 -0.06391195    0.01706831 -0.04034543    0.00400105 -0.01049046
  0.01706780 -0.04034551   -0.16774507 -0.06683483   -0.01729291 -0.00540409
 -0.00400159  0.01049107    0.01729246  0.00540484   -0.04022056 -0.02737407
    3    2
 -0.00843547 -0.01099320    0.00798431  0.00245273    0.00334406 -0.00608649
  0.00030307  0.00834610   -0.01744556 -0.02273652    0.01620966  0.00746386
  0.00674428 -0.00165463   -0.00301594 -0.01759133    0.00995901  0.01297945
    3    3
  0.23467214  0.00000000   -0.00064549 -0.01085951    0.00115179  0.00498070
 -0.00064549  0.01085951    0.24697276  0.00000000   -0.01854571 -0.00207891
  0.00115179 -0.00498070   -0.01854571  0.00207891    0.19919489  0.00000000
    3    4
 -0.02289531 -0.00190775    0.00234810 -0.00035351    0.00266553 -0.00461402
  0.00234810 -0.00035351   -0.01646710 -0.00275807    0.01952313 -0.00407348
  0.00266553 -0.00461402    0.01952313 -0.00407348   -0.16472084 -0.00436539
    4    1
 -0.01373815  0.00180859    0.00738010  0.00391141   -0.00193919  0.00666841
  0.00611589 -0.00568728   -0.02841303  0.00374128    0.01673971  0.00618422
  0.00359892  0.00593892   -0.01457154  0.01030636    0.01621994 -0.00213577
    4    2
 -0.15416637 -0.06378122   -0.01645941  0.04059764   -0.00458871  0.01024705
 -0.01645982  0.04059734   -0.16587304 -0.07135432   -0.01604920 -0.00840666
  0.00458875 -0.01024786    0.01604941  0.00840582   -0.04779662 -0.00908384
    4    3
 -0.02289531  0.00190775    0.00234810  0.00035351    0.00266553  0.00461402
  0.00234810  0.00035351   -0.01646710  0.00275807    0.01952313  0.00407348
  0.00266553  0.00461402    0.01952313  0.00407348   -0.16472084  0.00436539
    4    4
  0.23467214  0.00000000   -0.00064549  0.01085951    0.00115179 -0.00498070
 -0.00064549 -0.01085951    0.24697276  0.00000000   -0.01854571  0.00207891
  0.00115179  0.00498070   -0.01854571 -0.00207891    0.19919489  0.00000000

     Dynamical  Matrix in cartesian axes

     q = (    0.125000000  -0.119390992   0.000000000 ) 

    1    1
  0.23466249  0.00000000    0.00064585  0.01086017    0.00115210  0.00498081
  0.00064585 -0.01086017    0.24700036  0.00000000    0.01854497  0.00207858
  0.00115210 -0.00498081    0.01854497 -0.00207858    0.19918749  0.00000000
    1    2
 -0.01309765  0.01887135   -0.00086795  0.00220941   -0.00266265 -0.00461523
 -0.00086795  0.00220941   -0.01062346  0.01288549   -0.00623471  0.01894539
 -0.00266265 -0.00461523   -0.00623471  0.01894539   -0.08614088  0.14046847
    1    3
 -0.15416637  0.06378122    0.01645982  0.04059734   -0.00458875 -0.01024786
  0.01645941  0.04059764   -0.16587304  0.07135432    0.01604941 -0.00840582
  0.00458871  0.01024705   -0.01604920  0.00840666   -0.04779662  0.00908384
    1    4
 -0.00843547  0.01099320   -0.00030307  0.00834610   -0.00674428 -0.00165463
 -0.00798431  0.00245273   -0.01744556  0.02273652   -0.00301594  0.01759133
 -0.00334406 -0.00608649    0.01620966 -0.00746386    0.00995901 -0.01297945
    2    1
 -0.01309765 -0.01887135   -0.00086795 -0.00220941   -0.00266265  0.00461523
 -0.00086795 -0.00220941   -0.01062346 -0.01288549   -0.00623471 -0.01894539
 -0.00266265  0.00461523   -0.00623471 -0.01894539   -0.08614088 -0.14046847
    2    2
  0.23466249  0.00000000    0.00064585 -0.01086017    0.00115210 -0.00498081
  0.00064585  0.01086017    0.24700036  0.00000000    0.01854497 -0.00207858
  0.00115210  0.00498081    0.01854497  0.00207858    0.19918749  0.00000000
    2    3
 -0.01373815 -0.00180859   -0.00611589 -0.00568728   -0.00359892  0.00593892
 -0.00738010  0.00391141   -0.02841303 -0.00374128   -0.01457154 -0.01030636
  0.00193919  0.00666841    0.01673971 -0.00618422    0.01621994  0.00213577
    2    4
 -0.15411222  0.06391195   -0.01706780 -0.04034551    0.00400159  0.01049107
 -0.01706831 -0.04034543   -0.16774507  0.06683483    0.01729246 -0.00540484
 -0.00400105 -0.01049046   -0.01729291  0.00540409   -0.04022056  0.02737407
    3    1
 -0.15416637 -0.06378122    0.01645941 -0.04059764    0.00458871 -0.01024705
  0.01645982 -0.04059734   -0.16587304 -0.07135432   -0.01604920 -0.00840666
 -0.00458875  0.01024786    0.01604941  0.00840582   -0.04779662 -0.00908384
    3    2
 -0.01373815  0.00180859   -0.00738010 -0.00391141    0.00193919 -0.00666841
 -0.00611589  0.00568728   -0.02841303  0.00374128    0.01673971  0.00618422
 -0.00359892 -0.00593892   -0.01457154  0.01030636    0.01621994 -0.00213577
    3    3
  0.23467214  0.00000000    0.00064549 -0.01085951   -0.00115179  0.00498070
  0.00064549  0.01085951    0.24697276  0.00000000   -0.01854571  0.00207891
 -0.00115179 -0.00498070   -0.01854571 -0.00207891    0.19919489  0.00000000
    3    4
 -0.02289531  0.00190775   -0.00234810 -0.00035351   -0.00266553 -0.00461402
 -0.00234810 -0.00035351   -0.01646710  0.00275807    0.01952313  0.00407348
 -0.00266553 -0.00461402    0.01952313  0.00407348   -0.16472084  0.00436539
    4    1
 -0.00843547 -0.01099320   -0.00798431 -0.00245273   -0.00334406  0.00608649
 -0.00030307 -0.00834610   -0.01744556 -0.02273652    0.01620966  0.00746386
 -0.00674428  0.00165463   -0.00301594 -0.01759133    0.00995901  0.01297945
    4    2
 -0.15411222 -0.06391195   -0.01706831  0.04034543   -0.00400105  0.01049046
 -0.01706780  0.04034551   -0.16774507 -0.06683483   -0.01729291 -0.00540409
  0.00400159 -0.01049107    0.01729246  0.00540484   -0.04022056 -0.02737407
    4    3
 -0.02289531 -0.00190775   -0.00234810  0.00035351   -0.00266553  0.00461402
 -0.00234810  0.00035351   -0.01646710 -0.00275807    0.01952313 -0.00407348
 -0.00266553  0.00461402    0.01952313 -0.00407348   -0.16472084 -0.00436539
    4    4
  0.23467214  0.00000000    0.00064549  0.01085951   -0.00115179 -0.00498070
  0.00064549 -0.01085951    0.24697276  0.00000000   -0.01854571 -0.00207891
 -0.00115179  0.00498070   -0.01854571  0.00207891    0.19919489  0.00000000

     Dynamical  Matrix in cartesian axes

     q = (   -0.125000000  -0.119390992   0.000000000 ) 

    1    1
  0.23466249  0.00000000   -0.00064585 -0.01086017   -0.00115210 -0.00498081
 -0.00064585  0.01086017    0.24700036  0.00000000    0.01854497  0.00207858
 -0.00115210  0.00498081    0.01854497 -0.00207858    0.19918749  0.00000000
    1    2
 -0.01309765  0.01887135    0.00086795 -0.00220941    0.00266265  0.00461523
  0.00086795 -0.00220941   -0.01062346  0.01288549   -0.00623471  0.01894539
  0.00266265  0.00461523   -0.00623471  0.01894539   -0.08614088  0.14046847
    1    3
 -0.15411222 -0.06391195    0.01706780 -0.04034551   -0.00400159  0.01049107
  0.01706831 -0.04034543   -0.16774507 -0.06683483    0.01729246  0.00540484
  0.00400105 -0.01049046   -0.01729291 -0.00540409   -0.04022056 -0.02737407
    1    4
 -0.01373815  0.00180859    0.00611589 -0.00568728    0.00359892  0.00593892
  0.00738010  0.00391141   -0.02841303  0.00374128   -0.01457154  0.01030636
 -0.00193919  0.00666841    0.01673971  0.00618422    0.01621994 -0.00213577
    2    1
 -0.01309765 -0.01887135    0.00086795  0.00220941    0.00266265 -0.00461523
  0.00086795  0.00220941   -0.01062346 -0.01288549   -0.00623471 -0.01894539
  0.00266265 -0.00461523   -0.00623471 -0.01894539   -0.08614088 -0.14046847
    2    2
  0.23466249  0.00000000   -0.00064585  0.01086017   -0.00115210  0.00498081
 -0.00064585 -0.01086017    0.24700036  0.00000000    0.01854497 -0.00207858
 -0.00115210 -0.00498081    0.01854497  0.00207858    0.19918749  0.00000000
    2    3
 -0.00843547 -0.01099320    0.00030307  0.00834610    0.00674428 -0.00165463
  0.00798431  0.00245273   -0.01744556 -0.02273652   -0.00301594 -0.01759133
  0.00334406 -0.00608649    0.01620966  0.00746386    0.00995901  0.01297945
    2    4
 -0.15416637 -0.06378122   -0.01645982  0.04059734    0.00458875 -0.01024786
 -0.01645941  0.04059764   -0.16587304 -0.07135432    0.01604941  0.00840582
 -0.00458871  0.01024705   -0.01604920 -0.00840666   -0.04779662 -0.00908384
    3    1
 -0.15411222  0.06391195    0.01706831  0.04034543    0.00400105  0.01049046
  0.01706780  0.04034551   -0.16774507  0.06683483   -0.01729291  0.00540409
 -0.00400159 -0.01049107    0.01729246 -0.00540484   -0.04022056  0.02737407
    3    2
 -0.00843547  0.01099320    0.00798431 -0.00245273    0.00334406  0.00608649
  0.00030307 -0.00834610   -0.01744556  0.02273652    0.01620966 -0.00746386
  0.00674428  0.00165463   -0.00301594  0.01759133    0.00995901 -0.01297945
    3    3
  0.23467214  0.00000000   -0.00064549  0.01085951    0.00115179 -0.00498070
 -0.00064549 -0.01085951    0.24697276  0.00000000   -0.01854571  0.00207891
  0.00115179  0.00498070   -0.01854571 -0.00207891    0.19919489  0.00000000
    3    4
 -0.02289531  0.00190775    0.00234810  0.00035351    0.00266553  0.00461402
  0.00234810  0.00035351   -0.01646710  0.00275807    0.01952313  0.00407348
  0.00266553  0.00461402    0.01952313  0.00407348   -0.16472084  0.00436539
    4    1
 -0.01373815 -0.00180859    0.00738010 -0.00391141   -0.00193919 -0.00666841
  0.00611589  0.00568728   -0.02841303 -0.00374128    0.01673971 -0.00618422
  0.00359892 -0.00593892   -0.01457154 -0.01030636    0.01621994  0.00213577
    4    2
 -0.15416637  0.06378122   -0.01645941 -0.04059764   -0.00458871 -0.01024705
 -0.01645982 -0.04059734   -0.16587304  0.07135432   -0.01604920  0.00840666
  0.00458875  0.01024786    0.01604941 -0.00840582   -0.04779662  0.00908384
    4    3
 -0.02289531 -0.00190775    0.00234810 -0.00035351    0.00266553 -0.00461402
  0.00234810 -0.00035351   -0.01646710 -0.00275807    0.01952313 -0.00407348
  0.00266553 -0.00461402    0.01952313 -0.00407348   -0.16472084 -0.00436539
    4    4
  0.23467214  0.00000000   -0.00064549 -0.01085951    0.00115179  0.00498070
 -0.00064549  0.01085951    0.24697276  0.00000000   -0.01854571 -0.00207891
  0.00115179 -0.00498070   -0.01854571  0.00207891    0.19919489  0.00000000

     Dynamical  Matrix in cartesian axes

     q = (   -0.125000000   0.119390992   0.000000000 ) 

    1    1
  0.23466249  0.00000000    0.00064585 -0.01086017    0.00115210 -0.00498081
  0.00064585  0.01086017    0.24700036  0.00000000    0.01854497 -0.00207858
  0.00115210  0.00498081    0.01854497  0.00207858    0.19918749  0.00000000
    1    2
 -0.01309765 -0.01887135   -0.00086795 -0.00220941   -0.00266265  0.00461523
 -0.00086795 -0.00220941   -0.01062346 -0.01288549   -0.00623471 -0.01894539
 -0.00266265  0.00461523   -0.00623471 -0.01894539   -0.08614088 -0.14046847
    1    3
 -0.15416637 -0.06378122    0.01645982 -0.04059734   -0.00458875  0.01024786
  0.01645941 -0.04059764   -0.16587304 -0.07135432    0.01604941  0.00840582
  0.00458871 -0.01024705   -0.01604920 -0.00840666   -0.04779662 -0.00908384
    1    4
 -0.00843547 -0.01099320   -0.00030307 -0.00834610   -0.00674428  0.00165463
 -0.00798431 -0.00245273   -0.01744556 -0.02273652   -0.00301594 -0.01759133
 -0.00334406  0.00608649    0.01620966  0.00746386    0.00995901  0.01297945
    2    1
 -0.01309765  0.01887135   -0.00086795  0.00220941   -0.00266265 -0.00461523
 -0.00086795  0.00220941   -0.01062346  0.01288549   -0.00623471  0.01894539
 -0.00266265 -0.00461523   -0.00623471  0.01894539   -0.08614088  0.14046847
    2    2
  0.23466249  0.00000000    0.00064585  0.01086017    0.00115210  0.00498081
  0.00064585 -0.01086017    0.24700036  0.00000000    0.01854497  0.00207858
  0.00115210 -0.00498081    0.01854497 -0.00207858    0.19918749  0.00000000
    2    3
 -0.01373815  0.00180859   -0.00611589  0.00568728   -0.00359892 -0.00593892
 -0.00738010 -0.00391141   -0.02841303  0.00374128   -0.01457154  0.01030636
  0.00193919 -0.00666841    0.01673971  0.00618422    0.01621994 -0.00213577
    2    4
 -0.15411222 -0.06391195   -0.01706780  0.04034551    0.00400159 -0.01049107
 -0.01706831  0.04034543   -0.16774507 -0.06683483    0.01729246  0.00540484
 -0.00400105  0.01049046   -0.01729291 -0.00540409   -0.04022056 -0.02737407
    3    1
 -0.15416637  0.06378122    0.01645941  0.04059764    0.00458871  0.01024705
  0.01645982  0.04059734   -0.16587304  0.07135432   -0.01604920  0.00840666
 -0.00458875 -0.01024786    0.01604941 -0.00840582   -0.04779662  0.00908384
    3    2
 -0.01373815 -0.00180859   -0.00738010  0.00391141    0.00193919  0.00666841
 -0.00611589 -0.00568728   -0.02841303 -0.00374128    0.01673971 -0.00618422
 -0.00359892  0.00593892   -0.01457154 -0.01030636    0.01621994  0.00213577
    3    3
  0.23467214  0.00000000    0.00064549  0.01085951   -0.00115179 -0.00498070
  0.00064549 -0.01085951    0.24697276  0.00000000   -0.01854571 -0.00207891
 -0.00115179  0.00498070   -0.01854571  0.00207891    0.19919489  0.00000000
    3    4
 -0.02289531 -0.00190775   -0.00234810  0.00035351   -0.00266553  0.00461402
 -0.00234810  0.00035351   -0.01646710 -0.00275807    0.01952313 -0.00407348
 -0.00266553  0.00461402    0.01952313 -0.00407348   -0.16472084 -0.00436539
    4    1
 -0.00843547  0.01099320   -0.00798431  0.00245273   -0.00334406 -0.00608649
 -0.00030307  0.00834610   -0.01744556  0.02273652    0.01620966 -0.00746386
 -0.00674428 -0.00165463   -0.00301594  0.01759133    0.00995901 -0.01297945
    4    2
 -0.15411222  0.06391195   -0.01706831 -0.04034543   -0.00400105 -0.01049046
 -0.01706780 -0.04034551   -0.16774507  0.06683483   -0.01729291  0.00540409
  0.00400159  0.01049107    0.01729246 -0.00540484   -0.04022056  0.02737407
    4    3
 -0.02289531  0.00190775   -0.00234810 -0.00035351   -0.00266553 -0.00461402
 -0.00234810 -0.00035351   -0.01646710  0.00275807    0.01952313  0.00407348
 -0.00266553 -0.00461402    0.01952313  0.00407348   -0.16472084  0.00436539
    4    4
  0.23467214  0.00000000    0.00064549 -0.01085951   -0.00115179  0.00498070
  0.00064549  0.01085951    0.24697276  0.00000000   -0.01854571  0.00207891
 -0.00115179 -0.00498070   -0.01854571 -0.00207891    0.19919489  0.00000000

     Diagonalizing the dynamical matrix

     q = (    0.125000000   0.119390992   0.000000000 ) 

 **************************************************************************
     freq (    1) =       0.993519 [THz] =      33.140233 [cm-1]
 ( -0.020585 -0.095470 -0.007444 -0.111790 -0.473361 -0.062371 ) 
 (  0.036840  0.090449  0.056895  0.096516 -0.355736  0.318453 ) 
 (  0.049486 -0.084326  0.041413 -0.104081 -0.469072 -0.088390 ) 
 (  0.033015  0.092031  0.021423  0.109950 -0.477327  0.000000 ) 
     freq (    2) =       1.610412 [THz] =      53.717549 [cm-1]
 (  0.187171 -0.033859 -0.390025  0.239916 -0.063512 -0.008655 ) 
 (  0.009587 -0.189967 -0.187943  0.417560  0.016725  0.061879 ) 
 (  0.156551 -0.107906 -0.445690  0.105225  0.039429 -0.051134 ) 
 (  0.181048 -0.058083 -0.355483  0.288693  0.064571  0.000000 ) 
     freq (    3) =       3.403137 [THz] =     113.516428 [cm-1]
 (  0.398601 -0.166933  0.111468 -0.087297  0.206037  0.027157 ) 
 (  0.288935 -0.321350  0.119147 -0.076484  0.042240 -0.203481 ) 
 (  0.430831  0.033564  0.133222  0.047969 -0.187238  0.090370 ) 
 (  0.373413 -0.217496  0.099128 -0.101108 -0.207906  0.000000 ) 
     freq (    4) =       4.599088 [THz] =     153.409076 [cm-1]
 ( -0.172499  0.035461 -0.124724  0.020297  0.446716  0.058815 ) 
 ( -0.128817  0.120081 -0.088785  0.089918  0.210788 -0.398224 ) 
 ( -0.173672 -0.029112 -0.125383 -0.015742 -0.444266  0.075193 ) 
 ( -0.166378  0.057686 -0.120998  0.036445 -0.450584  0.000000 ) 
     freq (    5) =       6.108616 [THz] =     203.761487 [cm-1]
 (  0.084938  0.398139  0.067270  0.244107 -0.140742 -0.018516 ) 
 ( -0.183190 -0.363553 -0.100474 -0.232419 -0.098109  0.102595 ) 
 ( -0.176921  0.366634 -0.123222  0.221227 -0.141150 -0.015369 ) 
 ( -0.136194 -0.383631 -0.098550 -0.233266 -0.141984  0.000000 ) 
     freq (    6) =       6.556548 [THz] =     218.702893 [cm-1]
 (  0.063252 -0.272997 -0.028601  0.410804 -0.042963 -0.005652 ) 
 (  0.186811  0.208878 -0.222746 -0.346356 -0.034942  0.025627 ) 
 (  0.051953 -0.275371 -0.139222  0.387591 -0.041610 -0.012118 ) 
 ( -0.027117  0.278914 -0.025294 -0.411059 -0.043338  0.000000 ) 
     freq (    7) =      10.405526 [THz] =     347.091000 [cm-1]
 (  0.055133  0.020611 -0.204253  0.072914  0.442851  0.058289 ) 
 ( -0.009653  0.058063  0.165118 -0.140612 -0.170493  0.412852 ) 
 ( -0.051941  0.027670  0.212047  0.045394  0.431305 -0.116075 ) 
 (  0.057347  0.013221 -0.192964  0.098941 -0.446651  0.000000 ) 
     freq (    8) =      12.274667 [THz] =     409.438826 [cm-1]
 (  0.024024  0.421210  0.070690  0.046390 -0.252493 -0.033247 ) 
 (  0.206413  0.367952 -0.034619  0.077141  0.194927 -0.163895 ) 
 (  0.166238 -0.387765  0.082327 -0.019481  0.248662  0.054873 ) 
 ( -0.078773 -0.414477 -0.076195 -0.036764 -0.254644  0.000000 ) 
     freq (    9) =      12.679090 [THz] =     422.928929 [cm-1]
 (  0.224320 -0.434916 -0.037197 -0.091397 -0.027672 -0.003668 ) 
 (  0.034944  0.488109 -0.070180  0.069366 -0.026880 -0.007525 ) 
 ( -0.365965  0.324883 -0.097823 -0.013535  0.010377  0.025931 ) 
 (  0.165652 -0.460477 -0.048912 -0.085791  0.027930  0.000000 ) 
     freq (   10) =      12.829278 [THz] =     427.938644 [cm-1]
 ( -0.023223 -0.251582 -0.042324  0.007172 -0.425657 -0.056039 ) 
 ( -0.126184 -0.218885  0.038707 -0.018561  0.315334 -0.291356 ) 
 ( -0.096861  0.233357 -0.038237 -0.019396  0.423112  0.072806 ) 
 (  0.055886  0.246402  0.040973 -0.012630 -0.429330  0.000000 ) 
     freq (   11) =      13.062726 [THz] =     435.725650 [cm-1]
 ( -0.036126  0.055285 -0.158362 -0.468701 -0.029539 -0.003909 ) 
 (  0.064861 -0.012432 -0.373483 -0.324453  0.007598 -0.028811 ) 
 ( -0.049429 -0.043909 -0.030248  0.493773  0.027576 -0.011528 ) 
 (  0.028669 -0.059576  0.218356  0.443900 -0.029888  0.000000 ) 
     freq (   12) =      13.135349 [THz] =     438.148070 [cm-1]
 ( -0.051595 -0.021779  0.441880 -0.047758  0.220213  0.029005 ) 
 (  0.017471 -0.053208 -0.326274  0.301802 -0.122785  0.185091 ) 
 (  0.052872 -0.018530 -0.437966 -0.075330  0.221652 -0.015255 ) 
 ( -0.054020 -0.014856  0.431760 -0.105224 -0.222176  0.000000 ) 
 **************************************************************************
