Dynamical matrix file
                                                                           
  1    4  0  6.2464249  0.0000000  0.0000000  0.0000000  0.0000000  0.0000000
Basis vectors
      1.000000000    0.000000000    0.000000000
      0.000000000    1.395973545    0.000000000
      0.000000000    0.000000000    6.711099855
           1  'P   '    28230.8552091869     
    1    1      0.5000000000      1.2725434099      3.0363525217
    2    1      0.5000000000      0.1234301352      3.6747473333
    3    1      1.0000000000      0.8214168301      3.0363525203
    4    1      1.0000000000      0.5745567150      3.6747473347

     Dynamical  Matrix in cartesian axes

     q = (   -0.500000000   0.000000000   0.000000000 ) 

    1    1
  0.27081528  0.00000000    0.00000000  0.00000000    0.00000000  0.00000000
  0.00000000  0.00000000    0.20044280  0.00000000    0.03044941  0.00000000
  0.00000000  0.00000000    0.03044941  0.00000000    0.20651124  0.00000000
    1    2
 -0.02242506  0.00000000    0.00000000  0.00000000    0.00000000  0.00000000
  0.00000000  0.00000000   -0.00115691  0.00000000   -0.03354152  0.00000000
  0.00000000  0.00000000   -0.03354152  0.00000000   -0.14592272  0.00000000
    1    3
  0.00000000 -0.00000000    0.13719928 -0.00000000   -0.02871403  0.00000000
  0.13719976 -0.00000000    0.00000000 -0.00000000    0.00000000 -0.00000000
  0.02871469 -0.00000000    0.00000000  0.00000000    0.00000000  0.00000000
    1    4
  0.00000000 -0.00000000    0.00561370 -0.00000000   -0.02880265  0.00000000
 -0.00561352  0.00000000    0.00000000  0.00000000    0.00000000 -0.00000000
 -0.02880172  0.00000000    0.00000000  0.00000000    0.00000000 -0.00000000
    2    1
 -0.02242506  0.00000000    0.00000000  0.00000000    0.00000000  0.00000000
  0.00000000  0.00000000   -0.00115691  0.00000000   -0.03354152  0.00000000
  0.00000000  0.00000000   -0.03354152  0.00000000   -0.14592272  0.00000000
    2    2
  0.27081528  0.00000000    0.00000000  0.00000000    0.00000000  0.00000000
  0.00000000  0.00000000    0.20044280  0.00000000    0.03044941  0.00000000
  0.00000000  0.00000000    0.03044941  0.00000000    0.20651124  0.00000000
    2    3
  0.00000000 -0.00000000   -0.00561370  0.00000000    0.02880265 -0.00000000
  0.00561352 -0.00000000    0.00000000  0.00000000    0.00000000 -0.00000000
  0.02880172 -0.00000000    0.00000000  0.00000000    0.00000000 -0.00000000
    2    4
  0.00000000 -0.00000000   -0.13719928  0.00000000    0.02871403 -0.00000000
 -0.13719976  0.00000000    0.00000000 -0.00000000    0.00000000 -0.00000000
 -0.02871469  0.00000000    0.00000000  0.00000000    0.00000000  0.00000000
    3    1
  0.00000000  0.00000000    0.13719976  0.00000000    0.02871469  0.00000000
  0.13719928  0.00000000    0.00000000  0.00000000    0.00000000 -0.00000000
 -0.02871403 -0.00000000    0.00000000  0.00000000    0.00000000 -0.00000000
    3    2
  0.00000000  0.00000000    0.00561352  0.00000000    0.02880172  0.00000000
 -0.00561370 -0.00000000    0.00000000 -0.00000000    0.00000000 -0.00000000
  0.02880265  0.00000000    0.00000000  0.00000000    0.00000000  0.00000000
    3    3
  0.27082030  0.00000000    0.00000000  0.00000000    0.00000000  0.00000000
  0.00000000  0.00000000    0.20041679  0.00000000   -0.03045129  0.00000000
  0.00000000  0.00000000   -0.03045129  0.00000000    0.20651544  0.00000000
    3    4
 -0.02242688  0.00000000    0.00000000  0.00000000    0.00000000  0.00000000
  0.00000000  0.00000000   -0.00115449  0.00000000    0.03354062  0.00000000
  0.00000000  0.00000000    0.03354062  0.00000000   -0.14592135  0.00000000
    4    1
  0.00000000  0.00000000   -0.00561352 -0.00000000   -0.02880172 -0.00000000
  0.00561370  0.00000000    0.00000000 -0.00000000    0.00000000 -0.00000000
 -0.02880265 -0.00000000    0.00000000  0.00000000    0.00000000  0.00000000
    4    2
  0.00000000  0.00000000   -0.13719976 -0.00000000   -0.02871469 -0.00000000
 -0.13719928 -0.00000000    0.00000000  0.00000000    0.00000000 -0.00000000
  0.02871403  0.00000000    0.00000000  0.00000000    0.00000000 -0.00000000
    4    3
 -0.02242688  0.00000000    0.00000000  0.00000000    0.00000000  0.00000000
  0.00000000  0.00000000   -0.00115449  0.00000000    0.03354062  0.00000000
  0.00000000  0.00000000    0.03354062  0.00000000   -0.14592135  0.00000000
    4    4
  0.27082030  0.00000000    0.00000000  0.00000000    0.00000000  0.00000000
  0.00000000  0.00000000    0.20041679  0.00000000   -0.03045129  0.00000000
  0.00000000  0.00000000   -0.03045129  0.00000000    0.20651544  0.00000000

     Diagonalizing the dynamical matrix

     q = (   -0.500000000   0.000000000   0.000000000 ) 

 **************************************************************************
     freq (    1) =       3.605076 [THz] =     120.252400 [cm-1]
 (  0.000000  0.000000 -0.243327  0.000000 -0.607144  0.000000 ) 
 ( -0.000000  0.000000 -0.243327  0.000000 -0.607144  0.000000 ) 
 (  0.268640  0.000000 -0.000000  0.000000  0.000000  0.000000 ) 
 ( -0.268640  0.000000 -0.000000  0.000000  0.000000  0.000000 ) 
     freq (    2) =       3.605176 [THz] =     120.255727 [cm-1]
 (  0.268671  0.000000  0.000000  0.000000  0.000000  0.000000 ) 
 ( -0.268671  0.000000  0.000000  0.000000  0.000000  0.000000 ) 
 ( -0.000000  0.000000 -0.243380  0.000000  0.607110  0.000000 ) 
 (  0.000000  0.000000 -0.243380  0.000000  0.607110  0.000000 ) 
     freq (    3) =       5.613663 [THz] =     187.251654 [cm-1]
 ( -0.431592  0.000000 -0.000000  0.000000  0.000000  0.000000 ) 
 ( -0.431592  0.000000  0.000000  0.000000 -0.000000  0.000000 ) 
 (  0.000000  0.000000  0.545010  0.000000  0.129199  0.000000 ) 
 (  0.000000  0.000000 -0.545010  0.000000 -0.129199  0.000000 ) 
     freq (    4) =       5.614278 [THz] =     187.272142 [cm-1]
 ( -0.000000  0.000000  0.544990  0.000000 -0.129200  0.000000 ) 
 ( -0.000000  0.000000 -0.544990  0.000000  0.129200  0.000000 ) 
 ( -0.431617  0.000000  0.000000  0.000000  0.000000  0.000000 ) 
 ( -0.431617  0.000000 -0.000000  0.000000 -0.000000  0.000000 ) 
     freq (    5) =       6.687632 [THz] =     223.075394 [cm-1]
 (  0.313173  0.000000  0.000000  0.000000 -0.000000  0.000000 ) 
 ( -0.313173  0.000000  0.000000  0.000000 -0.000000  0.000000 ) 
 ( -0.000000  0.000000 -0.528342  0.000000 -0.350395  0.000000 ) 
 (  0.000000  0.000000 -0.528342  0.000000 -0.350395  0.000000 ) 
     freq (    6) =       6.688059 [THz] =     223.089621 [cm-1]
 ( -0.000000  0.000000  0.528354  0.000000 -0.350338  0.000000 ) 
 (  0.000000  0.000000  0.528354  0.000000 -0.350338  0.000000 ) 
 ( -0.313218  0.000000  0.000000  0.000000  0.000000  0.000000 ) 
 (  0.313218  0.000000  0.000000  0.000000  0.000000  0.000000 ) 
     freq (    7) =      11.071427 [THz] =     369.303053 [cm-1]
 (  0.455537  0.000000 -0.000000  0.000000  0.000000  0.000000 ) 
 (  0.455537  0.000000  0.000000  0.000000 -0.000000  0.000000 ) 
 ( -0.000000  0.000000  0.246642  0.000000  0.481305  0.000000 ) 
 ( -0.000000  0.000000 -0.246642  0.000000 -0.481305  0.000000 ) 
     freq (    8) =      11.071476 [THz] =     369.304701 [cm-1]
 ( -0.000000  0.000000 -0.246620  0.000000  0.481360  0.000000 ) 
 ( -0.000000  0.000000  0.246620  0.000000 -0.481360  0.000000 ) 
 ( -0.455490  0.000000 -0.000000  0.000000 -0.000000  0.000000 ) 
 ( -0.455490  0.000000  0.000000  0.000000  0.000000  0.000000 ) 
     freq (    9) =      12.390776 [THz] =     413.311787 [cm-1]
 ( -0.325905  0.000000  0.000000  0.000000  0.000000  0.000000 ) 
 ( -0.325905  0.000000 -0.000000  0.000000 -0.000000  0.000000 ) 
 (  0.000000  0.000000 -0.377004  0.000000  0.501651  0.000000 ) 
 (  0.000000  0.000000  0.377004  0.000000 -0.501651  0.000000 ) 
     freq (   10) =      12.390899 [THz] =     413.315897 [cm-1]
 (  0.000000  0.000000  0.377047  0.000000  0.501597  0.000000 ) 
 (  0.000000  0.000000 -0.377047  0.000000 -0.501597  0.000000 ) 
 (  0.325938  0.000000  0.000000  0.000000 -0.000000  0.000000 ) 
 (  0.325938  0.000000 -0.000000  0.000000  0.000000  0.000000 ) 
     freq (   11) =      12.422675 [THz] =     414.375819 [cm-1]
 (  0.574228  0.000000  0.000000  0.000000  0.000000  0.000000 ) 
 ( -0.574228  0.000000  0.000000  0.000000  0.000000  0.000000 ) 
 (  0.000000  0.000000  0.402021  0.000000 -0.092957  0.000000 ) 
 ( -0.000000  0.000000  0.402021  0.000000 -0.092957  0.000000 ) 
     freq (   12) =      12.422857 [THz] =     414.381916 [cm-1]
 (  0.000000  0.000000 -0.402037  0.000000 -0.092946  0.000000 ) 
 ( -0.000000  0.000000 -0.402037  0.000000 -0.092946  0.000000 ) 
 ( -0.574219  0.000000  0.000000  0.000000 -0.000000  0.000000 ) 
 (  0.574219  0.000000  0.000000  0.000000 -0.000000  0.000000 ) 
 **************************************************************************
