Dynamical matrix file
                                                                           
  1    4  0  6.2464249  0.0000000  0.0000000  0.0000000  0.0000000  0.0000000
Basis vectors
      1.000000000    0.000000000    0.000000000
      0.000000000    1.395973545    0.000000000
      0.000000000    0.000000000    6.711099855
           1  'P   '    28230.8552091869     
    1    1      0.5000000000      1.2725434099      3.0363525217
    2    1      0.5000000000      0.1234301352      3.6747473333
    3    1      1.0000000000      0.8214168301      3.0363525203
    4    1      1.0000000000      0.5745567150      3.6747473347

     Dynamical  Matrix in cartesian axes

     q = (   -0.500000000   0.238781984   0.000000000 ) 

    1    1
  0.28100905  0.00000000    0.00000000  0.00000000    0.00000000  0.00000000
  0.00000000  0.00000000    0.20693740  0.00000000    0.02870667  0.00504837
  0.00000000  0.00000000    0.02870667 -0.00504837    0.20273924  0.00000000
    1    2
  0.01475176 -0.02672118    0.00000000  0.00000000    0.00000000  0.00000000
  0.00000000  0.00000000    0.01499615 -0.00713350    0.00381071 -0.02025136
  0.00000000  0.00000000    0.00381071 -0.02025136    0.09258141 -0.13611331
    1    3
  0.00000000 -0.00000000    0.13436883  0.00046002   -0.03325704  0.00299462
  0.13436944  0.00046009    0.00000000 -0.00000000    0.00000000  0.00000000
  0.03325713 -0.00299458   -0.00000000 -0.00000000    0.00000000  0.00000000
    1    4
  0.00000000  0.00000000    0.03220332 -0.01669689    0.01037099 -0.02477550
  0.03056186 -0.01954005    0.00000000  0.00000000    0.00000000 -0.00000000
 -0.02664120 -0.00340537    0.00000000  0.00000000   -0.00000000 -0.00000000
    2    1
  0.01475176  0.02672118    0.00000000  0.00000000    0.00000000  0.00000000
  0.00000000  0.00000000    0.01499615  0.00713350    0.00381071  0.02025136
  0.00000000  0.00000000    0.00381071  0.02025136    0.09258141  0.13611331
    2    2
  0.28100905  0.00000000    0.00000000  0.00000000    0.00000000  0.00000000
  0.00000000  0.00000000    0.20693740  0.00000000    0.02870667 -0.00504837
  0.00000000  0.00000000    0.02870667  0.00504837    0.20273924  0.00000000
    2    3
  0.00000000 -0.00000000   -0.03220332 -0.01669689   -0.01037099 -0.02477550
 -0.03056186 -0.01954005    0.00000000 -0.00000000    0.00000000  0.00000000
  0.02664120 -0.00340537    0.00000000 -0.00000000   -0.00000000  0.00000000
    2    4
  0.00000000  0.00000000   -0.13436883  0.00046002    0.03325704  0.00299462
 -0.13436944  0.00046009    0.00000000  0.00000000    0.00000000 -0.00000000
 -0.03325713 -0.00299458   -0.00000000  0.00000000    0.00000000 -0.00000000
    3    1
  0.00000000  0.00000000    0.13436944 -0.00046009    0.03325713  0.00299458
  0.13436883 -0.00046002    0.00000000  0.00000000   -0.00000000  0.00000000
 -0.03325704 -0.00299462    0.00000000 -0.00000000    0.00000000 -0.00000000
    3    2
  0.00000000  0.00000000   -0.03056186  0.01954005    0.02664120  0.00340537
 -0.03220332  0.01669689    0.00000000  0.00000000    0.00000000  0.00000000
 -0.01037099  0.02477550   -0.00000000 -0.00000000   -0.00000000 -0.00000000
    3    3
  0.28101383  0.00000000    0.00000000  0.00000000    0.00000000  0.00000000
  0.00000000  0.00000000    0.20691158  0.00000000   -0.02870880  0.00504776
  0.00000000  0.00000000   -0.02870880 -0.00504776    0.20274397  0.00000000
    3    4
 -0.03051844 -0.00058593    0.00000000  0.00000000    0.00000000  0.00000000
  0.00000000  0.00000000   -0.01367417  0.00942099    0.01944247  0.00682527
  0.00000000  0.00000000    0.01944247  0.00682527   -0.16416704  0.01212173
    4    1
  0.00000000 -0.00000000    0.03056186  0.01954005   -0.02664120  0.00340537
  0.03220332  0.01669689    0.00000000 -0.00000000    0.00000000 -0.00000000
  0.01037099  0.02477550   -0.00000000  0.00000000   -0.00000000  0.00000000
    4    2
  0.00000000 -0.00000000   -0.13436944 -0.00046009   -0.03325713  0.00299458
 -0.13436883 -0.00046002    0.00000000 -0.00000000   -0.00000000 -0.00000000
  0.03325704 -0.00299462    0.00000000  0.00000000    0.00000000  0.00000000
    4    3
 -0.03051844  0.00058593    0.00000000  0.00000000    0.00000000  0.00000000
  0.00000000  0.00000000   -0.01367417 -0.00942099    0.01944247 -0.00682527
  0.00000000  0.00000000    0.01944247 -0.00682527   -0.16416704 -0.01212173
    4    4
  0.28101383  0.00000000    0.00000000  0.00000000    0.00000000  0.00000000
  0.00000000  0.00000000    0.20691158  0.00000000   -0.02870880 -0.00504776
  0.00000000  0.00000000   -0.02870880  0.00504776    0.20274397  0.00000000

     Dynamical  Matrix in cartesian axes

     q = (    0.500000000  -0.238781984   0.000000000 ) 

    1    1
  0.28100905  0.00000000    0.00000000  0.00000000    0.00000000  0.00000000
  0.00000000  0.00000000    0.20693740  0.00000000    0.02870667 -0.00504837
  0.00000000  0.00000000    0.02870667  0.00504837    0.20273924  0.00000000
    1    2
  0.01475176  0.02672118    0.00000000  0.00000000    0.00000000  0.00000000
  0.00000000  0.00000000    0.01499615  0.00713350    0.00381071  0.02025136
  0.00000000  0.00000000    0.00381071  0.02025136    0.09258141  0.13611331
    1    3
 -0.00000000 -0.00000000    0.13436883 -0.00046002   -0.03325704 -0.00299462
  0.13436944 -0.00046009   -0.00000000 -0.00000000   -0.00000000  0.00000000
  0.03325713  0.00299458    0.00000000 -0.00000000   -0.00000000  0.00000000
    1    4
 -0.00000000  0.00000000    0.03220332  0.01669689    0.01037099  0.02477550
  0.03056186  0.01954005   -0.00000000  0.00000000    0.00000000 -0.00000000
 -0.02664120  0.00340537   -0.00000000  0.00000000    0.00000000 -0.00000000
    2    1
  0.01475176 -0.02672118    0.00000000  0.00000000    0.00000000  0.00000000
  0.00000000  0.00000000    0.01499615 -0.00713350    0.00381071 -0.02025136
  0.00000000  0.00000000    0.00381071 -0.02025136    0.09258141 -0.13611331
    2    2
  0.28100905  0.00000000    0.00000000  0.00000000    0.00000000  0.00000000
  0.00000000  0.00000000    0.20693740  0.00000000    0.02870667  0.00504837
  0.00000000  0.00000000    0.02870667 -0.00504837    0.20273924  0.00000000
    2    3
 -0.00000000 -0.00000000   -0.03220332  0.01669689   -0.01037099  0.02477550
 -0.03056186  0.01954005   -0.00000000 -0.00000000    0.00000000  0.00000000
  0.02664120  0.00340537   -0.00000000 -0.00000000    0.00000000  0.00000000
    2    4
 -0.00000000  0.00000000   -0.13436883 -0.00046002    0.03325704 -0.00299462
 -0.13436944 -0.00046009   -0.00000000  0.00000000   -0.00000000 -0.00000000
 -0.03325713  0.00299458    0.00000000  0.00000000   -0.00000000 -0.00000000
    3    1
 -0.00000000  0.00000000    0.13436944  0.00046009    0.03325713 -0.00299458
  0.13436883  0.00046002   -0.00000000  0.00000000    0.00000000  0.00000000
 -0.03325704  0.00299462   -0.00000000 -0.00000000   -0.00000000 -0.00000000
    3    2
 -0.00000000  0.00000000   -0.03056186 -0.01954005    0.02664120 -0.00340537
 -0.03220332 -0.01669689   -0.00000000  0.00000000   -0.00000000  0.00000000
 -0.01037099 -0.02477550    0.00000000 -0.00000000    0.00000000 -0.00000000
    3    3
  0.28101383  0.00000000    0.00000000  0.00000000    0.00000000  0.00000000
  0.00000000  0.00000000    0.20691158  0.00000000   -0.02870880 -0.00504776
  0.00000000  0.00000000   -0.02870880  0.00504776    0.20274397  0.00000000
    3    4
 -0.03051844  0.00058593    0.00000000  0.00000000    0.00000000  0.00000000
  0.00000000  0.00000000   -0.01367417 -0.00942099    0.01944247 -0.00682527
  0.00000000  0.00000000    0.01944247 -0.00682527   -0.16416704 -0.01212173
    4    1
 -0.00000000 -0.00000000    0.03056186 -0.01954005   -0.02664120 -0.00340537
  0.03220332 -0.01669689   -0.00000000 -0.00000000   -0.00000000 -0.00000000
  0.01037099 -0.02477550    0.00000000  0.00000000    0.00000000  0.00000000
    4    2
 -0.00000000 -0.00000000   -0.13436944  0.00046009   -0.03325713 -0.00299458
 -0.13436883  0.00046002   -0.00000000 -0.00000000    0.00000000 -0.00000000
  0.03325704  0.00299462   -0.00000000  0.00000000   -0.00000000  0.00000000
    4    3
 -0.03051844 -0.00058593    0.00000000  0.00000000    0.00000000  0.00000000
  0.00000000  0.00000000   -0.01367417  0.00942099    0.01944247  0.00682527
  0.00000000  0.00000000    0.01944247  0.00682527   -0.16416704  0.01212173
    4    4
  0.28101383  0.00000000    0.00000000  0.00000000    0.00000000  0.00000000
  0.00000000  0.00000000    0.20691158  0.00000000   -0.02870880  0.00504776
  0.00000000  0.00000000   -0.02870880 -0.00504776    0.20274397  0.00000000

     Diagonalizing the dynamical matrix

     q = (   -0.500000000   0.238781984   0.000000000 ) 

 **************************************************************************
     freq (    1) =       3.521671 [THz] =     117.470289 [cm-1]
 ( -0.000000 -0.000000 -0.056217  0.080187 -0.456996 -0.522156 ) 
 (  0.000000 -0.000000 -0.086065 -0.046723 -0.176342  0.671115 ) 
 (  0.087319 -0.035958 -0.000000  0.000000 -0.000000  0.000000 ) 
 ( -0.094193  0.006733 -0.000000 -0.000000 -0.000000  0.000000 ) 
     freq (    2) =       3.521938 [THz] =     117.479197 [cm-1]
 ( -0.036648 -0.087035  0.000000 -0.000000  0.000000  0.000000 ) 
 (  0.030352 -0.089426  0.000000  0.000000  0.000000 -0.000000 ) 
 ( -0.000000  0.000000 -0.016601  0.096590 -0.692120  0.049456 ) 
 (  0.000000 -0.000000 -0.023443 -0.095161 -0.693885  0.000000 ) 
     freq (    3) =       4.261286 [THz] =     142.141201 [cm-1]
 ( -0.372662 -0.255925  0.000000  0.000000  0.000000 -0.000000 ) 
 (  0.159771  0.422904 -0.000000 -0.000000  0.000000 -0.000000 ) 
 ( -0.000000 -0.000000  0.445040  0.307129  0.013553 -0.055251 ) 
 ( -0.000000 -0.000000  0.192257  0.505397 -0.056889  0.000000 ) 
     freq (    4) =       4.261977 [THz] =     142.164241 [cm-1]
 ( -0.000000 -0.000000 -0.464094 -0.277496 -0.044486  0.035302 ) 
 (  0.000000  0.000000  0.299946  0.449910 -0.033075  0.046166 ) 
 (  0.387484  0.232903  0.000000  0.000000  0.000000 -0.000000 ) 
 (  0.251647  0.375582  0.000000  0.000000 -0.000000  0.000000 ) 
     freq (    5) =       7.881853 [THz] =     262.910332 [cm-1]
 ( -0.002076  0.365277 -0.000000  0.000000  0.000000 -0.000000 ) 
 ( -0.187643  0.313403 -0.000000  0.000000 -0.000000 -0.000000 ) 
 (  0.000000 -0.000000 -0.039230 -0.590682 -0.108573 -0.065847 ) 
 ( -0.000000  0.000000 -0.339847  0.484715 -0.126980  0.000000 ) 
     freq (    6) =       7.882340 [THz] =     262.926562 [cm-1]
 ( -0.000000  0.000000  0.138291 -0.575586 -0.118109  0.046580 ) 
 ( -0.000000  0.000000  0.336770 -0.486837  0.044034  0.119082 ) 
 ( -0.059564  0.360428 -0.000000 -0.000000 -0.000000 -0.000000 ) 
 (  0.228907 -0.284707 -0.000000  0.000000 -0.000000  0.000000 ) 
     freq (    7) =      10.781993 [THz] =     359.648583 [cm-1]
 ( -0.434199  0.048204  0.000000 -0.000000 -0.000000  0.000000 ) 
 ( -0.432271 -0.063196  0.000000 -0.000000 -0.000000  0.000000 ) 
 (  0.000000 -0.000000 -0.237687  0.045402 -0.500292 -0.017317 ) 
 ( -0.000000  0.000000  0.235974  0.053597  0.500591  0.000000 ) 
     freq (    8) =      10.782060 [THz] =     359.650805 [cm-1]
 (  0.000000 -0.000000  0.155772 -0.185194 -0.229387  0.444977 ) 
 (  0.000000  0.000000  0.235265 -0.056678 -0.500580  0.006537 ) 
 (  0.254211 -0.355235  0.000000 -0.000000  0.000000  0.000000 ) 
 ( -0.431368  0.068824 -0.000000 -0.000000 -0.000000  0.000000 ) 
     freq (    9) =      12.305087 [THz] =     410.453508 [cm-1]
 ( -0.106645 -0.509045  0.000000  0.000000 -0.000000  0.000000 ) 
 ( -0.280077  0.438243 -0.000000 -0.000000 -0.000000 -0.000000 ) 
 (  0.000000  0.000000 -0.111633 -0.434717  0.156642  0.059346 ) 
 (  0.000000  0.000000  0.258408 -0.366969 -0.167508  0.000000 ) 
     freq (   10) =      12.305284 [THz] =     410.460100 [cm-1]
 ( -0.000000 -0.000000 -0.296403 -0.337047  0.039157 -0.162865 ) 
 ( -0.000000  0.000000  0.230415  0.385181  0.167042  0.012457 ) 
 ( -0.360618 -0.374754 -0.000000 -0.000000  0.000000  0.000000 ) 
 ( -0.246708 -0.457844  0.000000 -0.000000 -0.000000  0.000000 ) 
     freq (   11) =      13.008346 [THz] =     433.911719 [cm-1]
 ( -0.324963  0.293807  0.000000  0.000000  0.000000 -0.000000 ) 
 ( -0.374368 -0.227534  0.000000  0.000000  0.000000  0.000000 ) 
 (  0.000000  0.000000 -0.232335  0.183260  0.461229 -0.088210 ) 
 ( -0.000000 -0.000000  0.262623  0.136355 -0.469588  0.000000 ) 
     freq (   12) =      13.008417 [THz] =     433.914098 [cm-1]
 (  0.000000 -0.000000  0.263920  0.133893  0.469534 -0.004427 ) 
 (  0.000000  0.000000  0.275925  0.106986  0.310319  0.352398 ) 
 (  0.376507  0.224009  0.000000 -0.000000 -0.000000  0.000000 ) 
 ( -0.418192 -0.130586 -0.000000 -0.000000  0.000000  0.000000 ) 
 **************************************************************************
