Dynamical matrix file
                                                                           
  1    4  0  6.2464249  0.0000000  0.0000000  0.0000000  0.0000000  0.0000000
Basis vectors
      1.000000000    0.000000000    0.000000000
      0.000000000    1.395973545    0.000000000
      0.000000000    0.000000000    6.711099855
           1  'P   '    28230.8552091869     
    1    1      0.5000000000      1.2725434099      3.0363525217
    2    1      0.5000000000      0.1234301352      3.6747473333
    3    1      1.0000000000      0.8214168301      3.0363525203
    4    1      1.0000000000      0.5745567150      3.6747473347

     Dynamical  Matrix in cartesian axes

     q = (    0.125000000   0.000000000   0.000000000 ) 

    1    1
  0.23501733  0.00000000    0.00000000  0.01105029    0.00000000  0.00290770
  0.00000000 -0.01105029    0.24829498  0.00000000    0.01770076  0.00000000
  0.00000000 -0.00290770    0.01770076  0.00000000    0.19427970  0.00000000
    1    2
 -0.02469696  0.00000000    0.00000000  0.00121066    0.00000000 -0.00650052
  0.00000000  0.00121066   -0.01829917  0.00000000   -0.01770719  0.00000000
  0.00000000 -0.00650052   -0.01770719  0.00000000   -0.16808572  0.00000000
    1    3
 -0.15342893  0.06355235    0.01661808  0.04011960   -0.00394751 -0.00953013
  0.01661823  0.04011996   -0.16819120  0.06966708    0.01611328 -0.00667434
  0.00394783  0.00953090   -0.01611454  0.00667486   -0.03630130  0.01503649
    1    4
 -0.01552432  0.00643038    0.00205338  0.00495730   -0.00281728 -0.00680151
 -0.00205347 -0.00495751   -0.02990402  0.01238665   -0.01511996  0.00626289
 -0.00281755 -0.00680216    0.01511744 -0.00626185    0.01721518 -0.00713076
    2    1
 -0.02469696  0.00000000    0.00000000 -0.00121066    0.00000000  0.00650052
  0.00000000 -0.00121066   -0.01829917  0.00000000   -0.01770719  0.00000000
  0.00000000  0.00650052   -0.01770719  0.00000000   -0.16808572  0.00000000
    2    2
  0.23501733  0.00000000    0.00000000 -0.01105029    0.00000000 -0.00290770
  0.00000000  0.01105029    0.24829498  0.00000000    0.01770076  0.00000000
  0.00000000  0.00290770    0.01770076  0.00000000    0.19427970  0.00000000
    2    3
 -0.01552432  0.00643038   -0.00205338 -0.00495730    0.00281728  0.00680151
  0.00205347  0.00495751   -0.02990402  0.01238665   -0.01511996  0.00626289
  0.00281755  0.00680216    0.01511744 -0.00626185    0.01721518 -0.00713076
    2    4
 -0.15342893  0.06355235   -0.01661808 -0.04011960    0.00394751  0.00953013
 -0.01661823 -0.04011996   -0.16819120  0.06966708    0.01611328 -0.00667434
 -0.00394783 -0.00953090   -0.01611454  0.00667486   -0.03630130  0.01503649
    3    1
 -0.15342893 -0.06355235    0.01661823 -0.04011996    0.00394783 -0.00953090
  0.01661808 -0.04011960   -0.16819120 -0.06966708   -0.01611454 -0.00667486
 -0.00394751  0.00953013    0.01611328  0.00667434   -0.03630130 -0.01503649
    3    2
 -0.01552432 -0.00643038    0.00205347 -0.00495751    0.00281755 -0.00680216
 -0.00205338  0.00495730   -0.02990402 -0.01238665    0.01511744  0.00626185
  0.00281728 -0.00680151   -0.01511996 -0.00626289    0.01721518  0.00713076
    3    3
  0.23502592  0.00000000    0.00000000 -0.01104913    0.00000000  0.00290745
  0.00000000  0.01104913    0.24826792  0.00000000   -0.01770168  0.00000000
  0.00000000 -0.00290745   -0.01770168  0.00000000    0.19428710  0.00000000
    3    4
 -0.02470275  0.00000000    0.00000000 -0.00121001    0.00000000 -0.00650039
  0.00000000 -0.00121001   -0.01829425  0.00000000    0.01770637  0.00000000
  0.00000000 -0.00650039    0.01770637  0.00000000   -0.16808769  0.00000000
    4    1
 -0.01552432 -0.00643038   -0.00205347  0.00495751   -0.00281755  0.00680216
  0.00205338 -0.00495730   -0.02990402 -0.01238665    0.01511744  0.00626185
 -0.00281728  0.00680151   -0.01511996 -0.00626289    0.01721518  0.00713076
    4    2
 -0.15342893 -0.06355235   -0.01661823  0.04011996   -0.00394783  0.00953090
 -0.01661808  0.04011960   -0.16819120 -0.06966708   -0.01611454 -0.00667486
  0.00394751 -0.00953013    0.01611328  0.00667434   -0.03630130 -0.01503649
    4    3
 -0.02470275  0.00000000    0.00000000  0.00121001    0.00000000  0.00650039
  0.00000000  0.00121001   -0.01829425  0.00000000    0.01770637  0.00000000
  0.00000000  0.00650039    0.01770637  0.00000000   -0.16808769  0.00000000
    4    4
  0.23502592  0.00000000    0.00000000  0.01104913    0.00000000 -0.00290745
  0.00000000 -0.01104913    0.24826792  0.00000000   -0.01770168  0.00000000
  0.00000000  0.00290745   -0.01770168  0.00000000    0.19428710  0.00000000

     Dynamical  Matrix in cartesian axes

     q = (   -0.125000000   0.000000000   0.000000000 ) 

    1    1
  0.23501733  0.00000000    0.00000000 -0.01105029    0.00000000 -0.00290770
  0.00000000  0.01105029    0.24829498  0.00000000    0.01770076  0.00000000
  0.00000000  0.00290770    0.01770076  0.00000000    0.19427970  0.00000000
    1    2
 -0.02469696  0.00000000    0.00000000 -0.00121066    0.00000000  0.00650052
  0.00000000 -0.00121066   -0.01829917  0.00000000   -0.01770719  0.00000000
  0.00000000  0.00650052   -0.01770719  0.00000000   -0.16808572  0.00000000
    1    3
 -0.15342893 -0.06355235    0.01661808 -0.04011960   -0.00394751  0.00953013
  0.01661823 -0.04011996   -0.16819120 -0.06966708    0.01611328  0.00667434
  0.00394783 -0.00953090   -0.01611454 -0.00667486   -0.03630130 -0.01503649
    1    4
 -0.01552432 -0.00643038    0.00205338 -0.00495730   -0.00281728  0.00680151
 -0.00205347  0.00495751   -0.02990402 -0.01238665   -0.01511996 -0.00626289
 -0.00281755  0.00680216    0.01511744  0.00626185    0.01721518  0.00713076
    2    1
 -0.02469696  0.00000000    0.00000000  0.00121066    0.00000000 -0.00650052
  0.00000000  0.00121066   -0.01829917  0.00000000   -0.01770719  0.00000000
  0.00000000 -0.00650052   -0.01770719  0.00000000   -0.16808572  0.00000000
    2    2
  0.23501733  0.00000000    0.00000000  0.01105029    0.00000000  0.00290770
  0.00000000 -0.01105029    0.24829498  0.00000000    0.01770076  0.00000000
  0.00000000 -0.00290770    0.01770076  0.00000000    0.19427970  0.00000000
    2    3
 -0.01552432 -0.00643038   -0.00205338  0.00495730    0.00281728 -0.00680151
  0.00205347 -0.00495751   -0.02990402 -0.01238665   -0.01511996 -0.00626289
  0.00281755 -0.00680216    0.01511744  0.00626185    0.01721518  0.00713076
    2    4
 -0.15342893 -0.06355235   -0.01661808  0.04011960    0.00394751 -0.00953013
 -0.01661823  0.04011996   -0.16819120 -0.06966708    0.01611328  0.00667434
 -0.00394783  0.00953090   -0.01611454 -0.00667486   -0.03630130 -0.01503649
    3    1
 -0.15342893  0.06355235    0.01661823  0.04011996    0.00394783  0.00953090
  0.01661808  0.04011960   -0.16819120  0.06966708   -0.01611454  0.00667486
 -0.00394751 -0.00953013    0.01611328 -0.00667434   -0.03630130  0.01503649
    3    2
 -0.01552432  0.00643038    0.00205347  0.00495751    0.00281755  0.00680216
 -0.00205338 -0.00495730   -0.02990402  0.01238665    0.01511744 -0.00626185
  0.00281728  0.00680151   -0.01511996  0.00626289    0.01721518 -0.00713076
    3    3
  0.23502592  0.00000000    0.00000000  0.01104913    0.00000000 -0.00290745
  0.00000000 -0.01104913    0.24826792  0.00000000   -0.01770168  0.00000000
  0.00000000  0.00290745   -0.01770168  0.00000000    0.19428710  0.00000000
    3    4
 -0.02470275  0.00000000    0.00000000  0.00121001    0.00000000  0.00650039
  0.00000000  0.00121001   -0.01829425  0.00000000    0.01770637  0.00000000
  0.00000000  0.00650039    0.01770637  0.00000000   -0.16808769  0.00000000
    4    1
 -0.01552432  0.00643038   -0.00205347 -0.00495751   -0.00281755 -0.00680216
  0.00205338  0.00495730   -0.02990402  0.01238665    0.01511744 -0.00626185
 -0.00281728 -0.00680151   -0.01511996  0.00626289    0.01721518 -0.00713076
    4    2
 -0.15342893  0.06355235   -0.01661823 -0.04011996   -0.00394783 -0.00953090
 -0.01661808 -0.04011960   -0.16819120  0.06966708   -0.01611454  0.00667486
  0.00394751  0.00953013    0.01611328 -0.00667434   -0.03630130  0.01503649
    4    3
 -0.02470275  0.00000000    0.00000000 -0.00121001    0.00000000 -0.00650039
  0.00000000 -0.00121001   -0.01829425  0.00000000    0.01770637  0.00000000
  0.00000000 -0.00650039    0.01770637  0.00000000   -0.16808769  0.00000000
    4    4
  0.23502592  0.00000000    0.00000000 -0.01104913    0.00000000  0.00290745
  0.00000000  0.01104913    0.24826792  0.00000000   -0.01770168  0.00000000
  0.00000000 -0.00290745   -0.01770168  0.00000000    0.19428710  0.00000000

     Diagonalizing the dynamical matrix

     q = (    0.125000000   0.000000000   0.000000000 ) 

 **************************************************************************
     freq (    1) =       0.708084 [THz] =      23.619141 [cm-1]
 ( -0.037430 -0.090364 -0.006613  0.002739 -0.453009  0.187643 ) 
 (  0.037430  0.090364 -0.006613  0.002739 -0.453009  0.187643 ) 
 (  0.000000 -0.097894  0.006606  0.000000 -0.490233  0.000000 ) 
 (  0.000000  0.097894  0.006606 -0.000000 -0.490233  0.000000 ) 
     freq (    2) =       1.524327 [THz] =      50.846091 [cm-1]
 (  0.029117  0.070294 -0.455106  0.188511 -0.036075  0.014943 ) 
 ( -0.029117 -0.070294 -0.455106  0.188511 -0.036075  0.014943 ) 
 ( -0.000000 -0.075946 -0.492638  0.000000  0.039595  0.000000 ) 
 (  0.000000  0.075946 -0.492638  0.000000  0.039595  0.000000 ) 
     freq (    3) =       3.091097 [THz] =     103.107887 [cm-1]
 (  0.190565  0.460064  0.036652 -0.015182 -0.019702  0.008161 ) 
 (  0.190565  0.460064 -0.036652  0.015182  0.019702 -0.008161 ) 
 (  0.000000  0.497963 -0.039690  0.000000 -0.021324  0.000000 ) 
 (  0.000000  0.497963  0.039690 -0.000000  0.021324  0.000000 ) 
     freq (    4) =       4.226606 [THz] =     140.984399 [cm-1]
 ( -0.004725 -0.011406 -0.038493  0.015944  0.460166 -0.190607 ) 
 (  0.004725  0.011406 -0.038493  0.015944  0.460166 -0.190607 ) 
 (  0.000000  0.012336 -0.041663  0.000000 -0.498136  0.000000 ) 
 (  0.000000 -0.012336 -0.041663  0.000000 -0.498136  0.000000 ) 
     freq (    5) =       6.459279 [THz] =     215.458372 [cm-1]
 ( -0.031790 -0.076747  0.455493 -0.188671  0.000710 -0.000294 ) 
 ( -0.031790 -0.076747 -0.455493  0.188671 -0.000710  0.000294 ) 
 ( -0.000000  0.083094  0.493075  0.000000 -0.000754 -0.000000 ) 
 ( -0.000000  0.083094 -0.493075 -0.000000  0.000754  0.000000 ) 
     freq (    6) =       6.514877 [THz] =     217.312894 [cm-1]
 ( -0.186505 -0.450262 -0.049599  0.020545  0.090557 -0.037510 ) 
 (  0.186505  0.450262 -0.049599  0.020545  0.090557 -0.037510 ) 
 (  0.000000 -0.487344  0.053651 -0.000000  0.098021 -0.000000 ) 
 (  0.000000  0.487344  0.053651  0.000000  0.098021  0.000000 ) 
     freq (    7) =      10.224493 [THz] =     341.052389 [cm-1]
 ( -0.013836 -0.033403  0.194744 -0.080666 -0.417569  0.172963 ) 
 ( -0.013836 -0.033403 -0.194744  0.080666  0.417569 -0.172963 ) 
 (  0.000000 -0.036144 -0.210754  0.000000 -0.451948  0.000000 ) 
 (  0.000000 -0.036144  0.210754 -0.000000  0.451948  0.000000 ) 
     freq (    8) =      12.307481 [THz] =     410.533393 [cm-1]
 ( -0.169115 -0.408280 -0.069084  0.028616  0.204753 -0.084812 ) 
 ( -0.169115 -0.408280  0.069084 -0.028616 -0.204753  0.084812 ) 
 ( -0.000000  0.441918 -0.074841  0.000000 -0.221600  0.000000 ) 
 ( -0.000000  0.441918  0.074841  0.000000  0.221600  0.000000 ) 
     freq (    9) =      12.670463 [THz] =     422.641154 [cm-1]
 ( -0.189057 -0.456424 -0.069010  0.028585 -0.017086  0.007077 ) 
 (  0.189057  0.456424 -0.069010  0.028585 -0.017086  0.007077 ) 
 (  0.000000  0.494038 -0.074820  0.000000  0.018493 -0.000000 ) 
 ( -0.000000 -0.494038 -0.074820  0.000000  0.018493  0.000000 ) 
     freq (   10) =      12.786445 [THz] =     426.509900 [cm-1]
 ( -0.083671 -0.201999 -0.033424  0.013844 -0.414086  0.171520 ) 
 ( -0.083671 -0.201999  0.033424 -0.013844  0.414086 -0.171520 ) 
 (  0.000000  0.218647 -0.036125  0.000000  0.448207 -0.000000 ) 
 ( -0.000000  0.218647  0.036125 -0.000000 -0.448207  0.000000 ) 
     freq (   11) =      13.110957 [THz] =     437.334460 [cm-1]
 (  0.020632  0.049811 -0.459246  0.190226 -0.003510  0.001454 ) 
 ( -0.020632 -0.049811 -0.459246  0.190226 -0.003510  0.001454 ) 
 ( -0.000000  0.054033  0.497043  0.000000 -0.003792 -0.000000 ) 
 (  0.000000 -0.054033  0.497043  0.000000 -0.003792  0.000000 ) 
     freq (   12) =      13.142638 [THz] =     438.391201 [cm-1]
 (  0.010280  0.024818 -0.417306  0.172854 -0.196553  0.081415 ) 
 (  0.010280  0.024818  0.417306 -0.172854  0.196553 -0.081415 ) 
 ( -0.000000  0.026896  0.451640  0.000000 -0.212819 -0.000000 ) 
 ( -0.000000  0.026896 -0.451640  0.000000  0.212819  0.000000 ) 
 **************************************************************************
