Dynamical matrix file
                                                                           
  1    4  0  6.2464249  0.0000000  0.0000000  0.0000000  0.0000000  0.0000000
Basis vectors
      1.000000000    0.000000000    0.000000000
      0.000000000    1.395973545    0.000000000
      0.000000000    0.000000000    6.711099855
           1  'P   '    28230.8552091869     
    1    1      0.5000000000      1.2725434099      3.0363525217
    2    1      0.5000000000      0.1234301352      3.6747473333
    3    1      1.0000000000      0.8214168301      3.0363525203
    4    1      1.0000000000      0.5745567150      3.6747473347

     Dynamical  Matrix in cartesian axes

     q = (    0.375000000   0.238781984   0.000000000 ) 

    1    1
  0.27392691  0.00000000   -0.00011166  0.00685146   -0.00115715  0.00877643
 -0.00011166 -0.00685146    0.21047235  0.00000000    0.02753027  0.00378722
 -0.00115715 -0.00877643    0.02753027 -0.00378722    0.20272883  0.00000000
    1    2
  0.01318889 -0.02426321    0.00110219  0.00363642    0.00062930 -0.00251751
  0.00110219  0.00363642    0.01234033 -0.00873029    0.00598714 -0.02079685
  0.00062930 -0.00251751    0.00598714 -0.02079685    0.08949583 -0.13636618
    1    3
 -0.02556240  0.05912734    0.11310446  0.04699019   -0.02927941 -0.00971887
  0.11310509  0.04699093   -0.02698728  0.05935285    0.00314896 -0.00657038
  0.02927977  0.00971933   -0.00315033  0.00657074   -0.00500407  0.02454222
    1    4
 -0.00393373  0.00051789    0.03268259 -0.00152243    0.01661470 -0.01616968
  0.03196333 -0.00698839   -0.00503270  0.00066249   -0.00304265 -0.00264338
 -0.02023322 -0.01131889    0.00225225 -0.00334079    0.00197453 -0.00025982
    2    1
  0.01318889  0.02426321    0.00110219 -0.00363642    0.00062930  0.00251751
  0.00110219 -0.00363642    0.01234033  0.00873029    0.00598714  0.02079685
  0.00062930  0.00251751    0.00598714  0.02079685    0.08949583  0.13636618
    2    2
  0.27392691  0.00000000   -0.00011166 -0.00685146   -0.00115715 -0.00877643
 -0.00011166  0.00685146    0.21047235  0.00000000    0.02753027 -0.00378722
 -0.00115715  0.00877643    0.02753027  0.00378722    0.20272883  0.00000000
    2    3
  0.00241536  0.00314777   -0.02203356 -0.02418661   -0.00031467 -0.02318206
 -0.01765995 -0.02754303    0.00309021  0.00402710    0.00402063  0.00028233
  0.02231071  0.00630339    0.00076972 -0.00395488   -0.00121248 -0.00157993
    2    4
 -0.02373400  0.05988469   -0.11320402 -0.04674985    0.02757595  0.01383139
 -0.11320498 -0.04674977   -0.02288591  0.06105169    0.00241931 -0.00687261
 -0.02757653 -0.01383132   -0.00241860  0.00687384   -0.01381556  0.02089239
    3    1
 -0.02556240 -0.05912734    0.11310509 -0.04699093    0.02927977 -0.00971933
  0.11310446 -0.04699019   -0.02698728 -0.05935285   -0.00315033 -0.00657074
 -0.02927941  0.00971887    0.00314896  0.00657038   -0.00500407 -0.02454222
    3    2
  0.00241536 -0.00314777   -0.01765995  0.02754303    0.02231071 -0.00630339
 -0.02203356  0.02418661    0.00309021 -0.00402710    0.00076972  0.00395488
 -0.00031467  0.02318206    0.00402063 -0.00028233   -0.00121248  0.00157993
    3    3
  0.27393532  0.00000000   -0.00011185 -0.00685089    0.00115691  0.00877623
 -0.00011185  0.00685089    0.21044591  0.00000000   -0.02753155  0.00378695
  0.00115691 -0.00877623   -0.02753155 -0.00378695    0.20273520  0.00000000
    3    4
 -0.02761004 -0.00071167    0.00259811  0.00277276    0.00249512  0.00071368
  0.00259811  0.00277276   -0.01372760  0.00632331    0.02100338  0.00521294
  0.00249512  0.00071368    0.02100338  0.00521294   -0.16284696  0.00932184
    4    1
 -0.00393373 -0.00051789    0.03196333  0.00698839   -0.02023322  0.01131889
  0.03268259  0.00152243   -0.00503270 -0.00066249    0.00225225  0.00334079
  0.01661470  0.01616968   -0.00304265  0.00264338    0.00197453  0.00025982
    4    2
 -0.02373400 -0.05988469   -0.11320498  0.04674977   -0.02757653  0.01383132
 -0.11320402  0.04674985   -0.02288591 -0.06105169   -0.00241860 -0.00687384
  0.02757595 -0.01383139    0.00241931  0.00687261   -0.01381556 -0.02089239
    4    3
 -0.02761004  0.00071167    0.00259811 -0.00277276    0.00249512 -0.00071368
  0.00259811 -0.00277276   -0.01372760 -0.00632331    0.02100338 -0.00521294
  0.00249512 -0.00071368    0.02100338 -0.00521294   -0.16284696 -0.00932184
    4    4
  0.27393532  0.00000000   -0.00011185  0.00685089    0.00115691 -0.00877623
 -0.00011185 -0.00685089    0.21044591  0.00000000   -0.02753155 -0.00378695
  0.00115691  0.00877623   -0.02753155  0.00378695    0.20273520  0.00000000

     Dynamical  Matrix in cartesian axes

     q = (    0.375000000  -0.238781984   0.000000000 ) 

    1    1
  0.27392691  0.00000000    0.00011166  0.00685146    0.00115715  0.00877643
  0.00011166 -0.00685146    0.21047235  0.00000000    0.02753027 -0.00378722
  0.00115715 -0.00877643    0.02753027  0.00378722    0.20272883  0.00000000
    1    2
  0.01318889  0.02426321   -0.00110219  0.00363642   -0.00062930 -0.00251751
 -0.00110219  0.00363642    0.01234033  0.00873029    0.00598714  0.02079685
 -0.00062930 -0.00251751    0.00598714  0.02079685    0.08949583  0.13636618
    1    3
 -0.02373400  0.05988469    0.11320402  0.04674985   -0.02757595 -0.01383139
  0.11320498  0.04674977   -0.02288591  0.06105169    0.00241931 -0.00687261
  0.02757653  0.01383132   -0.00241860  0.00687384   -0.01381556  0.02089239
    1    4
  0.00241536  0.00314777    0.02203356  0.02418661    0.00031467  0.02318206
  0.01765995  0.02754303    0.00309021  0.00402710    0.00402063  0.00028233
 -0.02231071 -0.00630339    0.00076972 -0.00395488   -0.00121248 -0.00157993
    2    1
  0.01318889 -0.02426321   -0.00110219 -0.00363642   -0.00062930  0.00251751
 -0.00110219 -0.00363642    0.01234033 -0.00873029    0.00598714 -0.02079685
 -0.00062930  0.00251751    0.00598714 -0.02079685    0.08949583 -0.13636618
    2    2
  0.27392691  0.00000000    0.00011166 -0.00685146    0.00115715 -0.00877643
  0.00011166  0.00685146    0.21047235  0.00000000    0.02753027  0.00378722
  0.00115715  0.00877643    0.02753027 -0.00378722    0.20272883  0.00000000
    2    3
 -0.00393373  0.00051789   -0.03268259  0.00152243   -0.01661470  0.01616968
 -0.03196333  0.00698839   -0.00503270  0.00066249   -0.00304265 -0.00264338
  0.02023322  0.01131889    0.00225225 -0.00334079    0.00197453 -0.00025982
    2    4
 -0.02556240  0.05912734   -0.11310446 -0.04699019    0.02927941  0.00971887
 -0.11310509 -0.04699093   -0.02698728  0.05935285    0.00314896 -0.00657038
 -0.02927977 -0.00971933   -0.00315033  0.00657074   -0.00500407  0.02454222
    3    1
 -0.02373400 -0.05988469    0.11320498 -0.04674977    0.02757653 -0.01383132
  0.11320402 -0.04674985   -0.02288591 -0.06105169   -0.00241860 -0.00687384
 -0.02757595  0.01383139    0.00241931  0.00687261   -0.01381556 -0.02089239
    3    2
 -0.00393373 -0.00051789   -0.03196333 -0.00698839    0.02023322 -0.01131889
 -0.03268259 -0.00152243   -0.00503270 -0.00066249    0.00225225  0.00334079
 -0.01661470 -0.01616968   -0.00304265  0.00264338    0.00197453  0.00025982
    3    3
  0.27393532  0.00000000    0.00011185 -0.00685089   -0.00115691  0.00877623
  0.00011185  0.00685089    0.21044591  0.00000000   -0.02753155 -0.00378695
 -0.00115691 -0.00877623   -0.02753155  0.00378695    0.20273520  0.00000000
    3    4
 -0.02761004  0.00071167   -0.00259811  0.00277276   -0.00249512  0.00071368
 -0.00259811  0.00277276   -0.01372760 -0.00632331    0.02100338 -0.00521294
 -0.00249512  0.00071368    0.02100338 -0.00521294   -0.16284696 -0.00932184
    4    1
  0.00241536 -0.00314777    0.01765995 -0.02754303   -0.02231071  0.00630339
  0.02203356 -0.02418661    0.00309021 -0.00402710    0.00076972  0.00395488
  0.00031467 -0.02318206    0.00402063 -0.00028233   -0.00121248  0.00157993
    4    2
 -0.02556240 -0.05912734   -0.11310509  0.04699093   -0.02927977  0.00971933
 -0.11310446  0.04699019   -0.02698728 -0.05935285   -0.00315033 -0.00657074
  0.02927941 -0.00971887    0.00314896  0.00657038   -0.00500407 -0.02454222
    4    3
 -0.02761004 -0.00071167   -0.00259811 -0.00277276   -0.00249512 -0.00071368
 -0.00259811 -0.00277276   -0.01372760  0.00632331    0.02100338  0.00521294
 -0.00249512 -0.00071368    0.02100338  0.00521294   -0.16284696  0.00932184
    4    4
  0.27393532  0.00000000    0.00011185  0.00685089   -0.00115691 -0.00877623
  0.00011185 -0.00685089    0.21044591  0.00000000   -0.02753155  0.00378695
 -0.00115691  0.00877623   -0.02753155 -0.00378695    0.20273520  0.00000000

     Dynamical  Matrix in cartesian axes

     q = (   -0.375000000  -0.238781984   0.000000000 ) 

    1    1
  0.27392691  0.00000000   -0.00011166 -0.00685146   -0.00115715 -0.00877643
 -0.00011166  0.00685146    0.21047235  0.00000000    0.02753027 -0.00378722
 -0.00115715  0.00877643    0.02753027  0.00378722    0.20272883  0.00000000
    1    2
  0.01318889  0.02426321    0.00110219 -0.00363642    0.00062930  0.00251751
  0.00110219 -0.00363642    0.01234033  0.00873029    0.00598714  0.02079685
  0.00062930  0.00251751    0.00598714  0.02079685    0.08949583  0.13636618
    1    3
 -0.02556240 -0.05912734    0.11310446 -0.04699019   -0.02927941  0.00971887
  0.11310509 -0.04699093   -0.02698728 -0.05935285    0.00314896  0.00657038
  0.02927977 -0.00971933   -0.00315033 -0.00657074   -0.00500407 -0.02454222
    1    4
 -0.00393373 -0.00051789    0.03268259  0.00152243    0.01661470  0.01616968
  0.03196333  0.00698839   -0.00503270 -0.00066249   -0.00304265  0.00264338
 -0.02023322  0.01131889    0.00225225  0.00334079    0.00197453  0.00025982
    2    1
  0.01318889 -0.02426321    0.00110219  0.00363642    0.00062930 -0.00251751
  0.00110219  0.00363642    0.01234033 -0.00873029    0.00598714 -0.02079685
  0.00062930 -0.00251751    0.00598714 -0.02079685    0.08949583 -0.13636618
    2    2
  0.27392691  0.00000000   -0.00011166  0.00685146   -0.00115715  0.00877643
 -0.00011166 -0.00685146    0.21047235  0.00000000    0.02753027  0.00378722
 -0.00115715 -0.00877643    0.02753027 -0.00378722    0.20272883  0.00000000
    2    3
  0.00241536 -0.00314777   -0.02203356  0.02418661   -0.00031467  0.02318206
 -0.01765995  0.02754303    0.00309021 -0.00402710    0.00402063 -0.00028233
  0.02231071 -0.00630339    0.00076972  0.00395488   -0.00121248  0.00157993
    2    4
 -0.02373400 -0.05988469   -0.11320402  0.04674985    0.02757595 -0.01383139
 -0.11320498  0.04674977   -0.02288591 -0.06105169    0.00241931  0.00687261
 -0.02757653  0.01383132   -0.00241860 -0.00687384   -0.01381556 -0.02089239
    3    1
 -0.02556240  0.05912734    0.11310509  0.04699093    0.02927977  0.00971933
  0.11310446  0.04699019   -0.02698728  0.05935285   -0.00315033  0.00657074
 -0.02927941 -0.00971887    0.00314896 -0.00657038   -0.00500407  0.02454222
    3    2
  0.00241536  0.00314777   -0.01765995 -0.02754303    0.02231071  0.00630339
 -0.02203356 -0.02418661    0.00309021  0.00402710    0.00076972 -0.00395488
 -0.00031467 -0.02318206    0.00402063  0.00028233   -0.00121248 -0.00157993
    3    3
  0.27393532  0.00000000   -0.00011185  0.00685089    0.00115691 -0.00877623
 -0.00011185 -0.00685089    0.21044591  0.00000000   -0.02753155 -0.00378695
  0.00115691  0.00877623   -0.02753155  0.00378695    0.20273520  0.00000000
    3    4
 -0.02761004  0.00071167    0.00259811 -0.00277276    0.00249512 -0.00071368
  0.00259811 -0.00277276   -0.01372760 -0.00632331    0.02100338 -0.00521294
  0.00249512 -0.00071368    0.02100338 -0.00521294   -0.16284696 -0.00932184
    4    1
 -0.00393373  0.00051789    0.03196333 -0.00698839   -0.02023322 -0.01131889
  0.03268259 -0.00152243   -0.00503270  0.00066249    0.00225225 -0.00334079
  0.01661470 -0.01616968   -0.00304265 -0.00264338    0.00197453 -0.00025982
    4    2
 -0.02373400  0.05988469   -0.11320498 -0.04674977   -0.02757653 -0.01383132
 -0.11320402 -0.04674985   -0.02288591  0.06105169   -0.00241860  0.00687384
  0.02757595  0.01383139    0.00241931 -0.00687261   -0.01381556  0.02089239
    4    3
 -0.02761004 -0.00071167    0.00259811  0.00277276    0.00249512  0.00071368
  0.00259811  0.00277276   -0.01372760  0.00632331    0.02100338  0.00521294
  0.00249512  0.00071368    0.02100338  0.00521294   -0.16284696  0.00932184
    4    4
  0.27393532  0.00000000   -0.00011185 -0.00685089    0.00115691  0.00877623
 -0.00011185  0.00685089    0.21044591  0.00000000   -0.02753155  0.00378695
  0.00115691 -0.00877623   -0.02753155 -0.00378695    0.20273520  0.00000000

     Dynamical  Matrix in cartesian axes

     q = (   -0.375000000   0.238781984   0.000000000 ) 

    1    1
  0.27392691  0.00000000    0.00011166 -0.00685146    0.00115715 -0.00877643
  0.00011166  0.00685146    0.21047235  0.00000000    0.02753027  0.00378722
  0.00115715  0.00877643    0.02753027 -0.00378722    0.20272883  0.00000000
    1    2
  0.01318889 -0.02426321   -0.00110219 -0.00363642   -0.00062930  0.00251751
 -0.00110219 -0.00363642    0.01234033 -0.00873029    0.00598714 -0.02079685
 -0.00062930  0.00251751    0.00598714 -0.02079685    0.08949583 -0.13636618
    1    3
 -0.02373400 -0.05988469    0.11320402 -0.04674985   -0.02757595  0.01383139
  0.11320498 -0.04674977   -0.02288591 -0.06105169    0.00241931  0.00687261
  0.02757653 -0.01383132   -0.00241860 -0.00687384   -0.01381556 -0.02089239
    1    4
  0.00241536 -0.00314777    0.02203356 -0.02418661    0.00031467 -0.02318206
  0.01765995 -0.02754303    0.00309021 -0.00402710    0.00402063 -0.00028233
 -0.02231071  0.00630339    0.00076972  0.00395488   -0.00121248  0.00157993
    2    1
  0.01318889  0.02426321   -0.00110219  0.00363642   -0.00062930 -0.00251751
 -0.00110219  0.00363642    0.01234033  0.00873029    0.00598714  0.02079685
 -0.00062930 -0.00251751    0.00598714  0.02079685    0.08949583  0.13636618
    2    2
  0.27392691  0.00000000    0.00011166  0.00685146    0.00115715  0.00877643
  0.00011166 -0.00685146    0.21047235  0.00000000    0.02753027 -0.00378722
  0.00115715 -0.00877643    0.02753027  0.00378722    0.20272883  0.00000000
    2    3
 -0.00393373 -0.00051789   -0.03268259 -0.00152243   -0.01661470 -0.01616968
 -0.03196333 -0.00698839   -0.00503270 -0.00066249   -0.00304265  0.00264338
  0.02023322 -0.01131889    0.00225225  0.00334079    0.00197453  0.00025982
    2    4
 -0.02556240 -0.05912734   -0.11310446  0.04699019    0.02927941 -0.00971887
 -0.11310509  0.04699093   -0.02698728 -0.05935285    0.00314896  0.00657038
 -0.02927977  0.00971933   -0.00315033 -0.00657074   -0.00500407 -0.02454222
    3    1
 -0.02373400  0.05988469    0.11320498  0.04674977    0.02757653  0.01383132
  0.11320402  0.04674985   -0.02288591  0.06105169   -0.00241860  0.00687384
 -0.02757595 -0.01383139    0.00241931 -0.00687261   -0.01381556  0.02089239
    3    2
 -0.00393373  0.00051789   -0.03196333  0.00698839    0.02023322  0.01131889
 -0.03268259  0.00152243   -0.00503270  0.00066249    0.00225225 -0.00334079
 -0.01661470  0.01616968   -0.00304265 -0.00264338    0.00197453 -0.00025982
    3    3
  0.27393532  0.00000000    0.00011185  0.00685089   -0.00115691 -0.00877623
  0.00011185 -0.00685089    0.21044591  0.00000000   -0.02753155  0.00378695
 -0.00115691  0.00877623   -0.02753155 -0.00378695    0.20273520  0.00000000
    3    4
 -0.02761004 -0.00071167   -0.00259811 -0.00277276   -0.00249512 -0.00071368
 -0.00259811 -0.00277276   -0.01372760  0.00632331    0.02100338  0.00521294
 -0.00249512 -0.00071368    0.02100338  0.00521294   -0.16284696  0.00932184
    4    1
  0.00241536  0.00314777    0.01765995  0.02754303   -0.02231071 -0.00630339
  0.02203356  0.02418661    0.00309021  0.00402710    0.00076972 -0.00395488
  0.00031467  0.02318206    0.00402063  0.00028233   -0.00121248 -0.00157993
    4    2
 -0.02556240  0.05912734   -0.11310509 -0.04699093   -0.02927977 -0.00971933
 -0.11310446 -0.04699019   -0.02698728  0.05935285   -0.00315033  0.00657074
  0.02927941  0.00971887    0.00314896 -0.00657038   -0.00500407  0.02454222
    4    3
 -0.02761004  0.00071167   -0.00259811  0.00277276   -0.00249512  0.00071368
 -0.00259811  0.00277276   -0.01372760 -0.00632331    0.02100338 -0.00521294
 -0.00249512  0.00071368    0.02100338 -0.00521294   -0.16284696 -0.00932184
    4    4
  0.27393532  0.00000000    0.00011185 -0.00685089   -0.00115691  0.00877623
  0.00011185  0.00685089    0.21044591  0.00000000   -0.02753155 -0.00378695
 -0.00115691 -0.00877623   -0.02753155  0.00378695    0.20273520  0.00000000

     Diagonalizing the dynamical matrix

     q = (    0.375000000   0.238781984   0.000000000 ) 

 **************************************************************************
     freq (    1) =       3.343922 [THz] =     111.541248 [cm-1]
 (  0.089329  0.059870  0.071597  0.036510  0.477906 -0.062789 ) 
 ( -0.101841 -0.034534 -0.072513 -0.034654 -0.240664 -0.417633 ) 
 ( -0.089579  0.059931 -0.071322  0.036635  0.477058  0.063332 ) 
 ( -0.080912 -0.071199 -0.065881 -0.045702  0.481243  0.000000 ) 
     freq (    2) =       3.488298 [THz] =     116.357106 [cm-1]
 ( -0.115470 -0.069888  0.151246 -0.134209  0.432798 -0.056832 ) 
 (  0.134831  0.006181 -0.050992 -0.195671 -0.327986 -0.288044 ) 
 ( -0.086782  0.103037  0.186478  0.078534 -0.429020  0.084876 ) 
 ( -0.105129 -0.084235  0.167691 -0.113232 -0.437335  0.000000 ) 
     freq (    3) =       3.857240 [THz] =     128.663676 [cm-1]
 ( -0.276207  0.083290  0.338748 -0.096937 -0.204573  0.026935 ) 
 (  0.216032  0.191201 -0.267128 -0.229759  0.174543  0.110047 ) 
 ( -0.283015  0.054900  0.345114 -0.072267  0.193644 -0.071516 ) 
 ( -0.284508  0.046549  0.348778 -0.051771  0.206428  0.000000 ) 
     freq (    4) =       4.605503 [THz] =     153.623037 [cm-1]
 ( -0.276170  0.026774 -0.377858 -0.117650  0.127038 -0.016724 ) 
 (  0.252015  0.116083  0.395533  0.013119 -0.114477 -0.057561 ) 
 (  0.245737 -0.129355  0.250885 -0.305797  0.115301 -0.055753 ) 
 (  0.277542  0.009480  0.358985  0.166086  0.128073  0.000000 ) 
     freq (    5) =       7.654468 [THz] =     255.325583 [cm-1]
 (  0.244795 -0.212326  0.148389 -0.325676 -0.128417  0.016911 ) 
 (  0.108966 -0.305178  0.249582 -0.256501  0.030864  0.125795 ) 
 (  0.176012  0.271783  0.051656  0.354716  0.118651  0.052115 ) 
 (  0.270449 -0.178056  0.189942 -0.303996  0.129592  0.000000 ) 
     freq (    6) =       7.936392 [THz] =     264.729535 [cm-1]
 ( -0.094000 -0.318994 -0.096274  0.358193  0.043815 -0.005796 ) 
 (  0.312265 -0.114383 -0.230483  0.290600 -0.021428 -0.038655 ) 
 (  0.099029 -0.317757  0.090054  0.359248  0.043541  0.006479 ) 
 (  0.051186  0.328871  0.141945 -0.342083  0.044020  0.000000 ) 
     freq (    7) =      10.574358 [THz] =     352.722619 [cm-1]
 (  0.265854  0.053283 -0.209058  0.108879  0.344783 -0.045386 ) 
 (  0.248092  0.109398 -0.108330 -0.209343  0.255869  0.235514 ) 
 ( -0.237757  0.130185  0.232044  0.041466  0.342625 -0.059621 ) 
 (  0.256555  0.087498 -0.221500  0.080633 -0.347774  0.000000 ) 
     freq (    8) =      10.994504 [THz] =     366.737165 [cm-1]
 ( -0.268713 -0.100061 -0.178453 -0.139753  0.338312 -0.044519 ) 
 ( -0.232644 -0.167617 -0.215410 -0.070534  0.151228  0.305887 ) 
 ( -0.274603  0.082540 -0.187071  0.127954 -0.334653 -0.066240 ) 
 (  0.253350  0.134288  0.158666  0.161842  0.341145  0.000000 ) 
     freq (    9) =      12.204500 [THz] =     407.098298 [cm-1]
 ( -0.063262  0.284391 -0.209142  0.268890 -0.219821  0.028899 ) 
 (  0.175387 -0.232636  0.068953 -0.333597 -0.120612 -0.186036 ) 
 (  0.077716  0.280195  0.222588  0.258317 -0.220884 -0.017594 ) 
 ( -0.099717  0.273140 -0.242396  0.239828  0.221583  0.000000 ) 
     freq (   10) =      12.326571 [THz] =     411.170164 [cm-1]
 ( -0.042639 -0.352104  0.131449  0.310003  0.102817 -0.013457 ) 
 ( -0.182720  0.303988  0.246591 -0.229288  0.088356  0.054273 ) 
 (  0.130107  0.330416 -0.031343 -0.334897 -0.097230  0.037120 ) 
 ( -0.003701  0.355090 -0.090166 -0.324050  0.104074  0.000000 ) 
     freq (   11) =      12.927214 [THz] =     431.205430 [cm-1]
 (  0.264585  0.150026  0.186953 -0.008105  0.346929 -0.045690 ) 
 (  0.289725  0.092587  0.120886  0.142842  0.201812  0.285865 ) 
 (  0.249758 -0.173540  0.186918 -0.008989 -0.349736 -0.013903 ) 
 ( -0.242668 -0.183324 -0.186413 -0.016406  0.350012  0.000000 ) 
     freq (   12) =      13.114421 [THz] =     437.449995 [cm-1]
 (  0.288062 -0.229129 -0.175189 -0.064551 -0.279838  0.036852 ) 
 (  0.168789  0.327093 -0.186253 -0.012955 -0.240124 -0.148350 ) 
 ( -0.362340 -0.065188  0.123604 -0.139812 -0.263807  0.100180 ) 
 (  0.315595 -0.189577 -0.165187 -0.086824  0.282188  0.000000 ) 
 **************************************************************************
