Dynamical matrix file
                                                                           
  1    2  0  8.1209976  0.0000000  0.0000000  0.0000000  0.0000000  0.0000000
Basis vectors
      1.000000000    0.000000000    0.000000000
     -0.500000000    0.866025404    0.000000000
      0.000000000    0.000000000    5.041662557
           1  'Bi  '    190473.982298499     
    1    1      0.5000000000      0.2886751346      2.3176420796
    2    1      0.0000000000      0.5773502692      2.7240204776

     Dynamical  Matrix in cartesian axes

     q = (    0.166666667   0.481125224   0.000000000 ) 

    1    1
  0.10072187  0.00000000    0.00192581  0.00011637   -0.00122754 -0.00073278
  0.00192581 -0.00011637    0.11260136 -0.00000000    0.00522742 -0.00009693
 -0.00122754  0.00073278    0.00522742  0.00009693    0.12328214  0.00000000
    1    2
 -0.06402349 -0.03504651    0.00967330 -0.01774984    0.01911155 -0.03471727
  0.00967330 -0.01774984    0.00215875  0.03269594   -0.06143123 -0.06429661
  0.01911155 -0.03471727   -0.06143123 -0.06429661   -0.04766641 -0.00028393
    2    1
 -0.06402349  0.03504651    0.00967330  0.01774984    0.01911155  0.03471727
  0.00967330  0.01774984    0.00215875 -0.03269594   -0.06143123  0.06429661
  0.01911155  0.03471727   -0.06143123  0.06429661   -0.04766641  0.00028393
    2    2
  0.10072187  0.00000000    0.00192581 -0.00011637   -0.00122754  0.00073278
  0.00192581  0.00011637    0.11260136  0.00000000    0.00522742  0.00009693
 -0.00122754 -0.00073278    0.00522742 -0.00009693    0.12328214  0.00000000

     Dynamical  Matrix in cartesian axes

     q = (    0.166666667  -0.481125224   0.000000000 ) 

    1    1
  0.10072187  0.00000000   -0.00192581  0.00011637    0.00122754 -0.00073278
 -0.00192581 -0.00011637    0.11260136 -0.00000000    0.00522742  0.00009693
  0.00122754  0.00073278    0.00522742 -0.00009693    0.12328214  0.00000000
    1    2
 -0.06236291 -0.03792271    0.01053517 -0.01725224    0.02051026 -0.03390973
  0.01053517 -0.01725224    0.02939489 -0.01447843   -0.08639812 -0.02105270
  0.02051026 -0.03390973   -0.08639812 -0.02105270   -0.02407910 -0.04113836
    2    1
 -0.06236291  0.03792271    0.01053517  0.01725224    0.02051026  0.03390973
  0.01053517  0.01725224    0.02939489  0.01447843   -0.08639812  0.02105270
  0.02051026  0.03390973   -0.08639812  0.02105270   -0.02407910  0.04113836
    2    2
  0.10072187  0.00000000   -0.00192581 -0.00011637    0.00122754  0.00073278
 -0.00192581  0.00011637    0.11260136  0.00000000    0.00522742 -0.00009693
  0.00122754 -0.00073278    0.00522742  0.00009693    0.12328214  0.00000000

     Dynamical  Matrix in cartesian axes

     q = (   -0.500000000  -0.096225045   0.000000000 ) 

    1    1
  0.11129929  0.00000000    0.00418107  0.00011637   -0.00391331  0.00045033
  0.00418107 -0.00011637    0.10202395 -0.00000000   -0.00367679 -0.00058614
 -0.00391331 -0.00045033   -0.00367679  0.00058614    0.12328214  0.00000000
    1    2
 -0.00266828  0.00539862    0.04499988 -0.00152555    0.08507810 -0.00127731
  0.04499988 -0.00152555   -0.03029974  0.04700253    0.02543665 -0.03989304
  0.08507810 -0.00127731    0.02543665 -0.03989304   -0.02407910  0.04113836
    2    1
 -0.00266828 -0.00539862    0.04499988  0.00152555    0.08507810  0.00127731
  0.04499988  0.00152555   -0.03029974 -0.04700253    0.02543665  0.03989304
  0.08507810  0.00127731    0.02543665  0.03989304   -0.02407910 -0.04113836
    2    2
  0.11129929 -0.00000000    0.00418107 -0.00011637   -0.00391331 -0.00045033
  0.00418107  0.00011637    0.10202395  0.00000000   -0.00367679  0.00058614
 -0.00391331  0.00045033   -0.00367679 -0.00058614    0.12328214  0.00000000

     Dynamical  Matrix in cartesian axes

     q = (    0.333333333  -0.384900179   0.000000000 ) 

    1    1
  0.10796369  0.00000000   -0.00610687  0.00011637    0.00514085  0.00028245
 -0.00610687 -0.00011637    0.10535954 -0.00000000   -0.00155063  0.00068307
  0.00514085 -0.00028245   -0.00155063 -0.00068307    0.12328214  0.00000000
    1    2
 -0.01557916 -0.03528038    0.03446471 -0.01877779    0.06456783 -0.03518704
  0.03446471 -0.01877779    0.04854719 -0.01712076   -0.06096147 -0.01884033
  0.06456783 -0.03518704   -0.06096147 -0.01884033    0.02407910 -0.04113836
    2    1
 -0.01557916  0.03528038    0.03446471  0.01877779    0.06456783  0.03518704
  0.03446471  0.01877779    0.04854719  0.01712076   -0.06096147  0.01884033
  0.06456783  0.03518704   -0.06096147  0.01884033    0.02407910  0.04113836
    2    2
  0.10796369 -0.00000000   -0.00610687 -0.00011637    0.00514085 -0.00028245
 -0.00610687  0.00011637    0.10535954  0.00000000   -0.00155063 -0.00068307
  0.00514085  0.00028245   -0.00155063  0.00068307    0.12328214  0.00000000

     Dynamical  Matrix in cartesian axes

     q = (   -0.500000000   0.096225045   0.000000000 ) 

    1    1
  0.11129929 -0.00000000   -0.00418107  0.00011637    0.00391331  0.00045033
 -0.00418107 -0.00011637    0.10202395 -0.00000000   -0.00367679  0.00058614
  0.00391331 -0.00045033   -0.00367679 -0.00058614    0.12328214  0.00000000
    1    2
  0.00266828  0.00539862    0.04499988  0.00152555    0.08507810  0.00127731
  0.04499988  0.00152555    0.03029974  0.04700253   -0.02543665 -0.03989304
  0.08507810  0.00127731   -0.02543665 -0.03989304    0.02407910  0.04113836
    2    1
  0.00266828 -0.00539862    0.04499988 -0.00152555    0.08507810 -0.00127731
  0.04499988 -0.00152555    0.03029974 -0.04700253   -0.02543665  0.03989304
  0.08507810 -0.00127731   -0.02543665  0.03989304    0.02407910 -0.04113836
    2    2
  0.11129929  0.00000000   -0.00418107 -0.00011637    0.00391331 -0.00045033
 -0.00418107  0.00011637    0.10202395  0.00000000   -0.00367679 -0.00058614
  0.00391331  0.00045033   -0.00367679  0.00058614    0.12328214  0.00000000

     Dynamical  Matrix in cartesian axes

     q = (    0.333333333   0.384900179   0.000000000 ) 

    1    1
  0.10796369 -0.00000000    0.00610687  0.00011637   -0.00514085  0.00028245
  0.00610687 -0.00011637    0.10535954 -0.00000000   -0.00155063 -0.00068307
 -0.00514085 -0.00028245   -0.00155063  0.00068307    0.12328214  0.00000000
    1    2
 -0.02276413 -0.03113214    0.03349440 -0.02045842    0.06275679 -0.03832387
  0.03349440 -0.02045842   -0.03910061  0.03348272    0.01416453 -0.06221435
  0.06275679 -0.03832387    0.01416453 -0.06221435   -0.04766641  0.00028393
    2    1
 -0.02276413  0.03113214    0.03349440  0.02045842    0.06275679  0.03832387
  0.03349440  0.02045842   -0.03910061 -0.03348272    0.01416453  0.06221435
  0.06275679  0.03832387    0.01416453  0.06221435   -0.04766641 -0.00028393
    2    2
  0.10796369  0.00000000    0.00610687 -0.00011637   -0.00514085 -0.00028245
  0.00610687  0.00011637    0.10535954  0.00000000   -0.00155063  0.00068307
 -0.00514085  0.00028245   -0.00155063 -0.00068307    0.12328214  0.00000000

     Dynamical  Matrix in cartesian axes

     q = (   -0.166666667  -0.481125224   0.000000000 ) 

    1    1
  0.10072187  0.00000000    0.00192581 -0.00011637   -0.00122754  0.00073278
  0.00192581  0.00011637    0.11260136  0.00000000    0.00522742  0.00009693
 -0.00122754 -0.00073278    0.00522742 -0.00009693    0.12328214  0.00000000
    1    2
 -0.06402349  0.03504651    0.00967330  0.01774984    0.01911155  0.03471727
  0.00967330  0.01774984    0.00215875 -0.03269594   -0.06143123  0.06429661
  0.01911155  0.03471727   -0.06143123  0.06429661   -0.04766641  0.00028393
    2    1
 -0.06402349 -0.03504651    0.00967330 -0.01774984    0.01911155 -0.03471727
  0.00967330 -0.01774984    0.00215875  0.03269594   -0.06143123 -0.06429661
  0.01911155 -0.03471727   -0.06143123 -0.06429661   -0.04766641 -0.00028393
    2    2
  0.10072187  0.00000000    0.00192581  0.00011637   -0.00122754 -0.00073278
  0.00192581 -0.00011637    0.11260136 -0.00000000    0.00522742 -0.00009693
 -0.00122754  0.00073278    0.00522742  0.00009693    0.12328214  0.00000000

     Dynamical  Matrix in cartesian axes

     q = (   -0.166666667   0.481125224   0.000000000 ) 

    1    1
  0.10072187  0.00000000   -0.00192581 -0.00011637    0.00122754  0.00073278
 -0.00192581  0.00011637    0.11260136  0.00000000    0.00522742 -0.00009693
  0.00122754 -0.00073278    0.00522742  0.00009693    0.12328214  0.00000000
    1    2
 -0.06236291  0.03792271    0.01053517  0.01725224    0.02051026  0.03390973
  0.01053517  0.01725224    0.02939489  0.01447843   -0.08639812  0.02105270
  0.02051026  0.03390973   -0.08639812  0.02105270   -0.02407910  0.04113836
    2    1
 -0.06236291 -0.03792271    0.01053517 -0.01725224    0.02051026 -0.03390973
  0.01053517 -0.01725224    0.02939489 -0.01447843   -0.08639812 -0.02105270
  0.02051026 -0.03390973   -0.08639812 -0.02105270   -0.02407910 -0.04113836
    2    2
  0.10072187  0.00000000   -0.00192581  0.00011637    0.00122754 -0.00073278
 -0.00192581 -0.00011637    0.11260136 -0.00000000    0.00522742  0.00009693
  0.00122754  0.00073278    0.00522742 -0.00009693    0.12328214  0.00000000

     Dynamical  Matrix in cartesian axes

     q = (    0.500000000   0.096225045   0.000000000 ) 

    1    1
  0.11129929 -0.00000000    0.00418107 -0.00011637   -0.00391331 -0.00045033
  0.00418107  0.00011637    0.10202395  0.00000000   -0.00367679  0.00058614
 -0.00391331  0.00045033   -0.00367679 -0.00058614    0.12328214  0.00000000
    1    2
 -0.00266828 -0.00539862    0.04499988  0.00152555    0.08507810  0.00127731
  0.04499988  0.00152555   -0.03029974 -0.04700253    0.02543665  0.03989304
  0.08507810  0.00127731    0.02543665  0.03989304   -0.02407910 -0.04113836
    2    1
 -0.00266828  0.00539862    0.04499988 -0.00152555    0.08507810 -0.00127731
  0.04499988 -0.00152555   -0.03029974  0.04700253    0.02543665 -0.03989304
  0.08507810 -0.00127731    0.02543665 -0.03989304   -0.02407910  0.04113836
    2    2
  0.11129929  0.00000000    0.00418107  0.00011637   -0.00391331  0.00045033
  0.00418107 -0.00011637    0.10202395 -0.00000000   -0.00367679 -0.00058614
 -0.00391331 -0.00045033   -0.00367679  0.00058614    0.12328214  0.00000000

     Dynamical  Matrix in cartesian axes

     q = (   -0.333333333   0.384900179   0.000000000 ) 

    1    1
  0.10796369 -0.00000000   -0.00610687 -0.00011637    0.00514085 -0.00028245
 -0.00610687  0.00011637    0.10535954  0.00000000   -0.00155063 -0.00068307
  0.00514085  0.00028245   -0.00155063  0.00068307    0.12328214  0.00000000
    1    2
 -0.01557916  0.03528038    0.03446471  0.01877779    0.06456783  0.03518704
  0.03446471  0.01877779    0.04854719  0.01712076   -0.06096147  0.01884033
  0.06456783  0.03518704   -0.06096147  0.01884033    0.02407910  0.04113836
    2    1
 -0.01557916 -0.03528038    0.03446471 -0.01877779    0.06456783 -0.03518704
  0.03446471 -0.01877779    0.04854719 -0.01712076   -0.06096147 -0.01884033
  0.06456783 -0.03518704   -0.06096147 -0.01884033    0.02407910 -0.04113836
    2    2
  0.10796369  0.00000000   -0.00610687  0.00011637    0.00514085  0.00028245
 -0.00610687 -0.00011637    0.10535954 -0.00000000   -0.00155063  0.00068307
  0.00514085 -0.00028245   -0.00155063 -0.00068307    0.12328214  0.00000000

     Dynamical  Matrix in cartesian axes

     q = (    0.500000000  -0.096225045   0.000000000 ) 

    1    1
  0.11129929  0.00000000   -0.00418107 -0.00011637    0.00391331 -0.00045033
 -0.00418107  0.00011637    0.10202395  0.00000000   -0.00367679 -0.00058614
  0.00391331  0.00045033   -0.00367679  0.00058614    0.12328214  0.00000000
    1    2
  0.00266828 -0.00539862    0.04499988 -0.00152555    0.08507810 -0.00127731
  0.04499988 -0.00152555    0.03029974 -0.04700253   -0.02543665  0.03989304
  0.08507810 -0.00127731   -0.02543665  0.03989304    0.02407910 -0.04113836
    2    1
  0.00266828  0.00539862    0.04499988  0.00152555    0.08507810  0.00127731
  0.04499988  0.00152555    0.03029974  0.04700253   -0.02543665 -0.03989304
  0.08507810  0.00127731   -0.02543665 -0.03989304    0.02407910  0.04113836
    2    2
  0.11129929 -0.00000000   -0.00418107  0.00011637    0.00391331  0.00045033
 -0.00418107 -0.00011637    0.10202395 -0.00000000   -0.00367679  0.00058614
  0.00391331 -0.00045033   -0.00367679 -0.00058614    0.12328214  0.00000000

     Dynamical  Matrix in cartesian axes

     q = (   -0.333333333  -0.384900179   0.000000000 ) 

    1    1
  0.10796369  0.00000000    0.00610687 -0.00011637   -0.00514085 -0.00028245
  0.00610687  0.00011637    0.10535954  0.00000000   -0.00155063  0.00068307
 -0.00514085  0.00028245   -0.00155063 -0.00068307    0.12328214  0.00000000
    1    2
 -0.02276413  0.03113214    0.03349440  0.02045842    0.06275679  0.03832387
  0.03349440  0.02045842   -0.03910061 -0.03348272    0.01416453  0.06221435
  0.06275679  0.03832387    0.01416453  0.06221435   -0.04766641 -0.00028393
    2    1
 -0.02276413 -0.03113214    0.03349440 -0.02045842    0.06275679 -0.03832387
  0.03349440 -0.02045842   -0.03910061  0.03348272    0.01416453 -0.06221435
  0.06275679 -0.03832387    0.01416453 -0.06221435   -0.04766641  0.00028393
    2    2
  0.10796369 -0.00000000    0.00610687  0.00011637   -0.00514085  0.00028245
  0.00610687 -0.00011637    0.10535954 -0.00000000   -0.00155063 -0.00068307
 -0.00514085 -0.00028245   -0.00155063  0.00068307    0.12328214  0.00000000

     Diagonalizing the dynamical matrix

     q = (    0.166666667   0.481125224   0.000000000 ) 

 **************************************************************************
     freq (    1) =       0.647921 [THz] =      21.612306 [cm-1]
 (  0.158694 -0.136691 -0.228976 -0.290337 -0.543353  0.155479 ) 
 (  0.190175  0.087759 -0.140267  0.342127 -0.565160  0.000000 ) 
     freq (    2) =       0.944492 [THz] =      31.504875 [cm-1]
 ( -0.018418  0.529014  0.231158  0.228853 -0.242949  0.234464 ) 
 (  0.380616  0.367868 -0.007410  0.325197  0.337635  0.000000 ) 
     freq (    3) =       1.168829 [THz] =      38.987937 [cm-1]
 (  0.033209 -0.434109  0.397739  0.324779 -0.215423  0.019005 ) 
 ( -0.071230 -0.429511 -0.367658  0.358476  0.216260  0.000000 ) 
     freq (    4) =       3.219856 [THz] =     107.402838 [cm-1]
 ( -0.522495  0.355895 -0.102547 -0.299437  0.001373  0.012557 ) 
 (  0.296988 -0.558086 -0.308810 -0.069389  0.012632  0.000000 ) 
     freq (    5) =       3.421169 [THz] =     114.117906 [cm-1]
 ( -0.132409  0.220040  0.301832  0.410769 -0.387176 -0.155921 ) 
 ( -0.040625 -0.253573  0.433427 -0.268280 -0.417393  0.000000 ) 
     freq (    6) =       3.674656 [THz] =     122.573337 [cm-1]
 ( -0.068154  0.126989  0.282759  0.231999  0.578625  0.103175 ) 
 (  0.044804  0.136981 -0.319094  0.178761 -0.587752  0.000000 ) 
 **************************************************************************
