Dynamical matrix file
                                                                           
  1    2  0  8.1209976  0.0000000  0.0000000  0.0000000  0.0000000  0.0000000
Basis vectors
      1.000000000    0.000000000    0.000000000
     -0.500000000    0.866025404    0.000000000
      0.000000000    0.000000000    5.041662557
           1  'Bi  '    190473.982298499     
    1    1      0.5000000000      0.2886751346      2.3176420796
    2    1      0.0000000000      0.5773502692      2.7240204776

     Dynamical  Matrix in cartesian axes

     q = (    0.000000000   0.192450090   0.000000000 ) 

    1    1
  0.09851670  0.00000000    0.00000000  0.00000000    0.00000000  0.00000000
  0.00000000  0.00000000    0.10496759  0.00000000    0.00380000 -0.00140978
  0.00000000  0.00000000    0.00380000  0.00140978    0.14517119  0.00000000
    1    2
 -0.09330506  0.00660463    0.00000000  0.00000000    0.00000000  0.00000000
  0.00000000  0.00000000   -0.06821538  0.04647369   -0.02430441 -0.03897192
  0.00000000  0.00000000   -0.02430441 -0.03897192   -0.12579375  0.04275269
    2    1
 -0.09330506 -0.00660463    0.00000000 -0.00000000    0.00000000  0.00000000
  0.00000000  0.00000000   -0.06821538 -0.04647369   -0.02430441  0.03897192
  0.00000000  0.00000000   -0.02430441  0.03897192   -0.12579375 -0.04275269
    2    2
  0.09851670  0.00000000    0.00000000  0.00000000    0.00000000  0.00000000
  0.00000000  0.00000000    0.10496759  0.00000000    0.00380000  0.00140978
  0.00000000  0.00000000    0.00380000 -0.00140978    0.14517119  0.00000000

     Dynamical  Matrix in cartesian axes

     q = (   -0.166666667  -0.096225045   0.000000000 ) 

    1    1
  0.10335486  0.00000000    0.00279332  0.00000000   -0.00329090  0.00122091
  0.00279332  0.00000000    0.10012942  0.00000000   -0.00190000  0.00070489
 -0.00329090 -0.00122091   -0.00190000 -0.00070489    0.14517119  0.00000000
    1    2
 -0.07448780  0.03650642    0.01086415  0.01726381    0.02104824  0.03375067
  0.01086415  0.01726381   -0.08703264  0.01657189    0.01215221  0.01948596
  0.02104824  0.03375067    0.01215221  0.01948596   -0.12579375  0.04275269
    2    1
 -0.07448780 -0.03650642    0.01086415 -0.01726381    0.02104824 -0.03375067
  0.01086415 -0.01726381   -0.08703264 -0.01657189    0.01215221 -0.01948596
  0.02104824 -0.03375067    0.01215221 -0.01948596   -0.12579375 -0.04275269
    2    2
  0.10335486  0.00000000    0.00279332  0.00000000   -0.00329090 -0.00122091
  0.00279332  0.00000000    0.10012942  0.00000000   -0.00190000 -0.00070489
 -0.00329090  0.00122091   -0.00190000  0.00070489    0.14517119  0.00000000

     Dynamical  Matrix in cartesian axes

     q = (    0.166666667  -0.096225045   0.000000000 ) 

    1    1
  0.10335486  0.00000000   -0.00279332  0.00000000    0.00329090 -0.00122091
 -0.00279332  0.00000000    0.10012942  0.00000000   -0.00190000  0.00070489
  0.00329090  0.00122091   -0.00190000 -0.00070489    0.14517119  0.00000000
    1    2
 -0.06885939 -0.04625512    0.00951882 -0.01804053    0.01870482 -0.03510365
  0.00951882 -0.01804053   -0.05786800 -0.06708653   -0.01079923  0.02026710
  0.01870482 -0.03510365   -0.01079923  0.02026710   -0.09992179 -0.08756424
    2    1
 -0.06885939  0.04625512    0.00951882  0.01804053    0.01870482  0.03510365
  0.00951882  0.01804053   -0.05786800  0.06708653   -0.01079923 -0.02026710
  0.01870482  0.03510365   -0.01079923 -0.02026710   -0.09992179  0.08756424
    2    2
  0.10335486  0.00000000   -0.00279332  0.00000000    0.00329090  0.00122091
 -0.00279332  0.00000000    0.10012942  0.00000000   -0.00190000 -0.00070489
  0.00329090 -0.00122091   -0.00190000  0.00070489    0.14517119  0.00000000

     Dynamical  Matrix in cartesian axes

     q = (   -0.166666667   0.096225045   0.000000000 ) 

    1    1
  0.10335486  0.00000000   -0.00279332  0.00000000    0.00329090  0.00122091
 -0.00279332  0.00000000    0.10012942  0.00000000   -0.00190000 -0.00070489
  0.00329090 -0.00122091   -0.00190000  0.00070489    0.14517119  0.00000000
    1    2
 -0.06885939  0.04625512    0.00951882  0.01804053    0.01870482  0.03510365
  0.00951882  0.01804053   -0.05786800  0.06708653   -0.01079923 -0.02026710
  0.01870482  0.03510365   -0.01079923 -0.02026710   -0.09992179  0.08756424
    2    1
 -0.06885939 -0.04625512    0.00951882 -0.01804053    0.01870482 -0.03510365
  0.00951882 -0.01804053   -0.05786800 -0.06708653   -0.01079923  0.02026710
  0.01870482 -0.03510365   -0.01079923  0.02026710   -0.09992179 -0.08756424
    2    2
  0.10335486  0.00000000   -0.00279332  0.00000000    0.00329090 -0.00122091
 -0.00279332  0.00000000    0.10012942  0.00000000   -0.00190000  0.00070489
  0.00329090  0.00122091   -0.00190000 -0.00070489    0.14517119  0.00000000

     Dynamical  Matrix in cartesian axes

     q = (    0.166666667   0.096225045   0.000000000 ) 

    1    1
  0.10335486  0.00000000    0.00279332  0.00000000   -0.00329090 -0.00122091
  0.00279332  0.00000000    0.10012942  0.00000000   -0.00190000 -0.00070489
 -0.00329090  0.00122091   -0.00190000  0.00070489    0.14517119  0.00000000
    1    2
 -0.07448780 -0.03650642    0.01086415 -0.01726381    0.02104824 -0.03375067
  0.01086415 -0.01726381   -0.08703264 -0.01657189    0.01215221 -0.01948596
  0.02104824 -0.03375067    0.01215221 -0.01948596   -0.12579375 -0.04275269
    2    1
 -0.07448780  0.03650642    0.01086415  0.01726381    0.02104824  0.03375067
  0.01086415  0.01726381   -0.08703264  0.01657189    0.01215221  0.01948596
  0.02104824  0.03375067    0.01215221  0.01948596   -0.12579375  0.04275269
    2    2
  0.10335486  0.00000000    0.00279332  0.00000000   -0.00329090  0.00122091
  0.00279332  0.00000000    0.10012942  0.00000000   -0.00190000  0.00070489
 -0.00329090 -0.00122091   -0.00190000 -0.00070489    0.14517119  0.00000000

     Dynamical  Matrix in cartesian axes

     q = (    0.000000000  -0.192450090   0.000000000 ) 

    1    1
  0.09851670  0.00000000    0.00000000  0.00000000    0.00000000  0.00000000
  0.00000000  0.00000000    0.10496759  0.00000000    0.00380000  0.00140978
  0.00000000  0.00000000    0.00380000 -0.00140978    0.14517119  0.00000000
    1    2
 -0.09330506 -0.00660463    0.00000000 -0.00000000    0.00000000  0.00000000
  0.00000000  0.00000000   -0.06821538 -0.04647369   -0.02430441  0.03897192
  0.00000000  0.00000000   -0.02430441  0.03897192   -0.12579375 -0.04275269
    2    1
 -0.09330506  0.00660463    0.00000000  0.00000000    0.00000000  0.00000000
  0.00000000  0.00000000   -0.06821538  0.04647369   -0.02430441 -0.03897192
  0.00000000  0.00000000   -0.02430441 -0.03897192   -0.12579375  0.04275269
    2    2
  0.09851670  0.00000000    0.00000000  0.00000000    0.00000000  0.00000000
  0.00000000  0.00000000    0.10496759  0.00000000    0.00380000 -0.00140978
  0.00000000  0.00000000    0.00380000  0.00140978    0.14517119  0.00000000

     Diagonalizing the dynamical matrix

     q = (    0.000000000   0.192450090   0.000000000 ) 

 **************************************************************************
     freq (    1) =       0.194927 [THz] =       6.502075 [cm-1]
 (  0.000000 -0.000000 -0.079926 -0.151576 -0.646457  0.229629 ) 
 (  0.000000  0.000000 -0.024580  0.169586 -0.686030  0.000000 ) 
     freq (    2) =       0.531854 [THz] =      17.740728 [cm-1]
 ( -0.664201  0.242564  0.000000 -0.000000 -0.000000  0.000000 ) 
 ( -0.679670  0.195060  0.000000 -0.000000 -0.000000  0.000000 ) 
     freq (    3) =       0.916331 [THz] =      30.565503 [cm-1]
 ( -0.000000  0.000000  0.314130  0.622242 -0.112859  0.037429 ) 
 ( -0.000000  0.000000 -0.102289  0.689492  0.118903  0.000000 ) 
     freq (    4) =       3.303469 [THz] =     110.191871 [cm-1]
 (  0.706834  0.019646 -0.000000 -0.000000  0.000000  0.000000 ) 
 ( -0.703682 -0.069505 -0.000000  0.000000  0.000000  0.000000 ) 
     freq (    5) =       3.357833 [THz] =     112.005250 [cm-1]
 ( -0.000000 -0.000000 -0.094196 -0.676754  0.169776  0.065633 ) 
 (  0.000000  0.000000 -0.331883  0.597262  0.182020  0.000000 ) 
     freq (    6) =       4.034096 [THz] =     134.562968 [cm-1]
 (  0.000000 -0.000000 -0.108071 -0.078909 -0.663909  0.203269 ) 
 ( -0.000000 -0.000000  0.080235 -0.107090  0.694330  0.000000 ) 
 **************************************************************************
