Dynamical matrix file
                                                                           
  1    2  0  8.1209976  0.0000000  0.0000000  0.0000000  0.0000000  0.0000000
Basis vectors
      1.000000000    0.000000000    0.000000000
     -0.500000000    0.866025404    0.000000000
      0.000000000    0.000000000    5.041662557
           1  'Bi  '    190473.982298499     
    1    1      0.5000000000      0.2886751346      2.3176420796
    2    1      0.0000000000      0.5773502692      2.7240204776

     Dynamical  Matrix in cartesian axes

     q = (    0.166666667   0.288675135   0.000000000 ) 

    1    1
  0.10164407  0.00000000    0.00375709 -0.00129279   -0.00336470 -0.00036436
  0.00375709  0.00129279    0.10598239 -0.00000000    0.00194261 -0.00063109
 -0.00336470  0.00036436    0.00194261  0.00063109    0.13192645  0.00000000
    1    2
 -0.06787627 -0.03229106    0.01139842 -0.01864325    0.01943597 -0.03521707
  0.01139842 -0.01864325   -0.05471451  0.03229106   -0.01122136 -0.06099775
  0.01943597 -0.03521707   -0.01122136 -0.06099775   -0.09686537  0.00000000
    2    1
 -0.06787627  0.03229106    0.01139842  0.01864325    0.01943597  0.03521707
  0.01139842  0.01864325   -0.05471451 -0.03229106   -0.01122136  0.06099775
  0.01943597  0.03521707   -0.01122136  0.06099775   -0.09686537 -0.00000000
    2    2
  0.10164407 -0.00000000    0.00375709  0.00129279   -0.00336470  0.00036436
  0.00375709 -0.00129279    0.10598239  0.00000000    0.00194261  0.00063109
 -0.00336470 -0.00036436    0.00194261 -0.00063109    0.13192645  0.00000000

     Dynamical  Matrix in cartesian axes

     q = (   -0.333333333   0.000000000   0.000000000 ) 

    1    1
  0.10815155  0.00000000    0.00000000 -0.00129279    0.00000000  0.00072872
  0.00000000  0.00129279    0.09947492 -0.00000000   -0.00388522 -0.00000000
  0.00000000 -0.00072872   -0.00388522  0.00000000    0.13192645  0.00000000
    1    2
 -0.02406681  0.04168494    0.03229106  0.01864325    0.06099775  0.03521707
  0.03229106  0.01864325   -0.03722857  0.06448178    0.01122136 -0.01943597
  0.06099775  0.03521707    0.01122136 -0.01943597   -0.04843269  0.08388787
    2    1
 -0.02406681 -0.04168494    0.03229106 -0.01864325    0.06099775 -0.03521707
  0.03229106 -0.01864325   -0.03722857 -0.06448178    0.01122136  0.01943597
  0.06099775 -0.03521707    0.01122136  0.01943597   -0.04843269 -0.08388787
    2    2
  0.10815155  0.00000000    0.00000000  0.00129279    0.00000000 -0.00072872
  0.00000000 -0.00129279    0.09947492  0.00000000   -0.00388522  0.00000000
  0.00000000  0.00072872   -0.00388522 -0.00000000    0.13192645  0.00000000

     Dynamical  Matrix in cartesian axes

     q = (    0.166666667  -0.288675135   0.000000000 ) 

    1    1
  0.10164407 -0.00000000   -0.00375709 -0.00129279    0.00336470 -0.00036436
 -0.00375709  0.00129279    0.10598239 -0.00000000    0.00194261  0.00063109
  0.00336470  0.00036436    0.00194261 -0.00063109    0.13192645  0.00000000
    1    2
 -0.06190302 -0.04263704    0.01044632 -0.01919295    0.02078089 -0.03444058
  0.01044632 -0.01919295    0.00060763 -0.06352969   -0.05843628  0.02078089
  0.02078089 -0.03444058   -0.05843628  0.02078089   -0.04843269 -0.08388787
    2    1
 -0.06190302  0.04263704    0.01044632  0.01919295    0.02078089  0.03444058
  0.01044632  0.01919295    0.00060763  0.06352969   -0.05843628 -0.02078089
  0.02078089  0.03444058   -0.05843628 -0.02078089   -0.04843269  0.08388787
    2    2
  0.10164407  0.00000000   -0.00375709  0.00129279    0.00336470  0.00036436
 -0.00375709 -0.00129279    0.10598239  0.00000000    0.00194261 -0.00063109
  0.00336470 -0.00036436    0.00194261  0.00063109    0.13192645  0.00000000

     Dynamical  Matrix in cartesian axes

     q = (   -0.166666667  -0.288675135   0.000000000 ) 

    1    1
  0.10164407 -0.00000000    0.00375709  0.00129279   -0.00336470  0.00036436
  0.00375709 -0.00129279    0.10598239  0.00000000    0.00194261  0.00063109
 -0.00336470 -0.00036436    0.00194261 -0.00063109    0.13192645  0.00000000
    1    2
 -0.06787627  0.03229106    0.01139842  0.01864325    0.01943597  0.03521707
  0.01139842  0.01864325   -0.05471451 -0.03229106   -0.01122136  0.06099775
  0.01943597  0.03521707   -0.01122136  0.06099775   -0.09686537 -0.00000000
    2    1
 -0.06787627 -0.03229106    0.01139842 -0.01864325    0.01943597 -0.03521707
  0.01139842 -0.01864325   -0.05471451  0.03229106   -0.01122136 -0.06099775
  0.01943597 -0.03521707   -0.01122136 -0.06099775   -0.09686537  0.00000000
    2    2
  0.10164407  0.00000000    0.00375709 -0.00129279   -0.00336470 -0.00036436
  0.00375709  0.00129279    0.10598239 -0.00000000    0.00194261 -0.00063109
 -0.00336470  0.00036436    0.00194261  0.00063109    0.13192645  0.00000000

     Dynamical  Matrix in cartesian axes

     q = (   -0.166666667   0.288675135   0.000000000 ) 

    1    1
  0.10164407  0.00000000   -0.00375709  0.00129279    0.00336470  0.00036436
 -0.00375709 -0.00129279    0.10598239  0.00000000    0.00194261 -0.00063109
  0.00336470 -0.00036436    0.00194261  0.00063109    0.13192645  0.00000000
    1    2
 -0.06190302  0.04263704    0.01044632  0.01919295    0.02078089  0.03444058
  0.01044632  0.01919295    0.00060763  0.06352969   -0.05843628 -0.02078089
  0.02078089  0.03444058   -0.05843628 -0.02078089   -0.04843269  0.08388787
    2    1
 -0.06190302 -0.04263704    0.01044632 -0.01919295    0.02078089 -0.03444058
  0.01044632 -0.01919295    0.00060763 -0.06352969   -0.05843628  0.02078089
  0.02078089 -0.03444058   -0.05843628  0.02078089   -0.04843269 -0.08388787
    2    2
  0.10164407 -0.00000000   -0.00375709 -0.00129279    0.00336470 -0.00036436
 -0.00375709  0.00129279    0.10598239 -0.00000000    0.00194261  0.00063109
  0.00336470  0.00036436    0.00194261 -0.00063109    0.13192645  0.00000000

     Dynamical  Matrix in cartesian axes

     q = (    0.333333333  -0.000000000   0.000000000 ) 

    1    1
  0.10815155  0.00000000    0.00000000  0.00129279    0.00000000 -0.00072872
  0.00000000 -0.00129279    0.09947492  0.00000000   -0.00388522  0.00000000
  0.00000000  0.00072872   -0.00388522 -0.00000000    0.13192645  0.00000000
    1    2
 -0.02406681 -0.04168494    0.03229106 -0.01864325    0.06099775 -0.03521707
  0.03229106 -0.01864325   -0.03722857 -0.06448178    0.01122136  0.01943597
  0.06099775 -0.03521707    0.01122136  0.01943597   -0.04843269 -0.08388787
    2    1
 -0.02406681  0.04168494    0.03229106  0.01864325    0.06099775  0.03521707
  0.03229106  0.01864325   -0.03722857  0.06448178    0.01122136 -0.01943597
  0.06099775  0.03521707    0.01122136 -0.01943597   -0.04843269  0.08388787
    2    2
  0.10815155  0.00000000    0.00000000 -0.00129279    0.00000000  0.00072872
  0.00000000  0.00129279    0.09947492 -0.00000000   -0.00388522 -0.00000000
  0.00000000 -0.00072872   -0.00388522  0.00000000    0.13192645  0.00000000

     Diagonalizing the dynamical matrix

     q = (    0.166666667   0.288675135   0.000000000 ) 

 **************************************************************************
     freq (    1) =       0.335436 [THz] =      11.188939 [cm-1]
 ( -0.074663  0.138619  0.043107  0.240096  0.644753 -0.000000 ) 
 ( -0.074663 -0.138619  0.043107 -0.240096  0.644753  0.000000 ) 
     freq (    2) =       0.947573 [THz] =      31.607635 [cm-1]
 ( -0.591689 -0.090871  0.341612 -0.157394 -0.013210 -0.000000 ) 
 ( -0.591689  0.090871  0.341612  0.157394 -0.013210  0.000000 ) 
     freq (    3) =       1.105034 [THz] =      36.859961 [cm-1]
 ( -0.174730  0.317108  0.100880  0.549247 -0.238880  0.000000 ) 
 (  0.174730  0.317108 -0.100880  0.549247  0.238880  0.000000 ) 
     freq (    4) =       3.246609 [THz] =     108.295223 [cm-1]
 ( -0.578745 -0.113813  0.334138 -0.197131 -0.039905 -0.000000 ) 
 (  0.578745 -0.113813 -0.334138 -0.197131  0.039905  0.000000 ) 
     freq (    5) =       3.359132 [THz] =     112.048567 [cm-1]
 (  0.139029 -0.312293 -0.080269 -0.540908  0.290034 -0.000000 ) 
 (  0.139029  0.312293 -0.080269  0.540908  0.290034  0.000000 ) 
     freq (    6) =       3.812114 [THz] =     127.158451 [cm-1]
 (  0.097592 -0.107188 -0.056345 -0.185655 -0.664337  0.000000 ) 
 ( -0.097592 -0.107188  0.056345 -0.185655  0.664337  0.000000 ) 
 **************************************************************************
