Dynamical matrix file
                                                                           
  1    2  0  8.1209976  0.0000000  0.0000000  0.0000000  0.0000000  0.0000000
Basis vectors
      1.000000000    0.000000000    0.000000000
     -0.500000000    0.866025404    0.000000000
      0.000000000    0.000000000    5.041662557
           1  'Bi  '    190473.982298499     
    1    1      0.5000000000      0.2886751346      2.3176420796
    2    1      0.0000000000      0.5773502692      2.7240204776

     Dynamical  Matrix in cartesian axes

     q = (    0.333333333   0.577350269   0.000000000 ) 

    1    1
  0.10675288  0.00000000    0.00000000  0.00207074    0.00000000  0.00000000
  0.00000000 -0.00207074    0.10675288 -0.00000000    0.00000000  0.00000000
  0.00000000  0.00000000    0.00000000  0.00000000    0.11876265  0.00000000
    1    2
 -0.01863673 -0.03227977    0.03227977 -0.01863673    0.06248240 -0.03607423
  0.03227977 -0.01863673    0.01863673  0.03227977   -0.03607423 -0.06248240
  0.06248240 -0.03607423   -0.03607423 -0.06248240    0.00000000 -0.00000000
    2    1
 -0.01863673  0.03227977    0.03227977  0.01863673    0.06248240  0.03607423
  0.03227977  0.01863673    0.01863673 -0.03227977   -0.03607423  0.06248240
  0.06248240  0.03607423   -0.03607423  0.06248240    0.00000000  0.00000000
    2    2
  0.10675288  0.00000000    0.00000000 -0.00207074    0.00000000  0.00000000
  0.00000000  0.00207074    0.10675288  0.00000000    0.00000000  0.00000000
  0.00000000  0.00000000    0.00000000  0.00000000    0.11876265  0.00000000

     Dynamical  Matrix in cartesian axes

     q = (   -0.333333333  -0.577350269   0.000000000 ) 

    1    1
  0.10675288  0.00000000    0.00000000 -0.00207074    0.00000000  0.00000000
  0.00000000  0.00207074    0.10675288  0.00000000    0.00000000  0.00000000
  0.00000000  0.00000000    0.00000000  0.00000000    0.11876265  0.00000000
    1    2
 -0.01863673  0.03227977    0.03227977  0.01863673    0.06248240  0.03607423
  0.03227977  0.01863673    0.01863673 -0.03227977   -0.03607423  0.06248240
  0.06248240  0.03607423   -0.03607423  0.06248240    0.00000000  0.00000000
    2    1
 -0.01863673 -0.03227977    0.03227977 -0.01863673    0.06248240 -0.03607423
  0.03227977 -0.01863673    0.01863673  0.03227977   -0.03607423 -0.06248240
  0.06248240 -0.03607423   -0.03607423 -0.06248240    0.00000000 -0.00000000
    2    2
  0.10675288  0.00000000    0.00000000  0.00207074    0.00000000  0.00000000
  0.00000000 -0.00207074    0.10675288 -0.00000000    0.00000000  0.00000000
  0.00000000  0.00000000    0.00000000  0.00000000    0.11876265  0.00000000

     Diagonalizing the dynamical matrix

     q = (    0.333333333   0.577350269   0.000000000 ) 

 **************************************************************************
     freq (    1) =       0.813228 [THz] =      27.126361 [cm-1]
 ( -0.313543  0.181024  0.181024  0.313543 -0.243846 -0.422352 ) 
 (  0.000001  0.362054 -0.362054  0.000001  0.487682  0.000000 ) 
     freq (    2) =       0.813228 [THz] =      27.126361 [cm-1]
 ( -0.313548  0.181027  0.181027  0.313548  0.243842  0.422345 ) 
 ( -0.000001 -0.362048  0.362048 -0.000001  0.487691  0.000000 ) 
     freq (    3) =       1.308562 [THz] =      43.648924 [cm-1]
 (  0.433013 -0.250000  0.250000  0.433013  0.000000  0.000000 ) 
 ( -0.000000 -0.500000 -0.500000  0.000000 -0.000000  0.000000 ) 
     freq (    4) =       3.191254 [THz] =     106.448789 [cm-1]
 (  0.433013 -0.250000  0.250000  0.433013  0.000000  0.000000 ) 
 (  0.000000  0.500000  0.500000 -0.000000  0.000000  0.000000 ) 
     freq (    5) =       3.502928 [THz] =     116.845100 [cm-1]
 ( -0.298648  0.172425  0.172425  0.298648  0.256008  0.443416 ) 
 (  0.000001  0.344844 -0.344844  0.000001 -0.512021  0.000000 ) 
     freq (    6) =       3.502928 [THz] =     116.845100 [cm-1]
 ( -0.298644  0.172422  0.172422  0.298644 -0.256011 -0.443423 ) 
 ( -0.000001 -0.344849  0.344849 -0.000001 -0.512014  0.000000 ) 
 **************************************************************************
