Dynamical matrix file
                                                                           
  1    2  0  8.1209976  0.0000000  0.0000000  0.0000000  0.0000000  0.0000000
Basis vectors
      1.000000000    0.000000000    0.000000000
     -0.500000000    0.866025404    0.000000000
      0.000000000    0.000000000    5.041662557
           1  'Bi  '    190473.982298499     
    1    1      0.5000000000      0.2886751346      2.3176420796
    2    1      0.0000000000      0.5773502692      2.7240204776

     Dynamical  Matrix in cartesian axes

     q = (    0.000000000  -0.577350269   0.000000000 ) 

    1    1
  0.09770184  0.00000000    0.00000000  0.00000000    0.00000000  0.00000000
 -0.00000000  0.00000000    0.11944078  0.00000000    0.01034154  0.00000000
  0.00000000  0.00000000    0.01034154  0.00000000    0.12700184  0.00000000
    1    2
 -0.08965654  0.00000000    0.00000000  0.00000000    0.00000000  0.00000000
  0.00000000  0.00000000    0.01948817  0.00000000   -0.10279798  0.00000000
  0.00000000  0.00000000   -0.10279798  0.00000000   -0.04998016  0.00000000
    2    1
 -0.08965654  0.00000000    0.00000000  0.00000000    0.00000000  0.00000000
  0.00000000  0.00000000    0.01948817  0.00000000   -0.10279798  0.00000000
  0.00000000  0.00000000   -0.10279798  0.00000000   -0.04998016  0.00000000
    2    2
  0.09770184  0.00000000    0.00000000  0.00000000    0.00000000  0.00000000
  0.00000000  0.00000000    0.11944078  0.00000000    0.01034154  0.00000000
  0.00000000  0.00000000    0.01034154  0.00000000    0.12700184  0.00000000

     Dynamical  Matrix in cartesian axes

     q = (    0.500000000  -0.288675135   0.000000000 ) 

    1    1
  0.11400605  0.00000000   -0.00941324  0.00000000    0.00895604  0.00000000
 -0.00941324  0.00000000    0.10313658  0.00000000   -0.00517077  0.00000000
  0.00895604  0.00000000   -0.00517077  0.00000000    0.12700184  0.00000000
    1    2
  0.00779800  0.00000000    0.04726104  0.00000000    0.08902566  0.00000000
  0.04726104  0.00000000    0.06237036  0.00000000   -0.05139899 -0.00000000
  0.08902566  0.00000000   -0.05139899 -0.00000000    0.04998016  0.00000000
    2    1
  0.00779800 -0.00000000    0.04726104 -0.00000000    0.08902566 -0.00000000
  0.04726104 -0.00000000    0.06237036 -0.00000000   -0.05139899  0.00000000
  0.08902566 -0.00000000   -0.05139899  0.00000000    0.04998016 -0.00000000
    2    2
  0.11400605  0.00000000   -0.00941324  0.00000000    0.00895604  0.00000000
 -0.00941324  0.00000000    0.10313658  0.00000000   -0.00517077  0.00000000
  0.00895604  0.00000000   -0.00517077  0.00000000    0.12700184  0.00000000

     Dynamical  Matrix in cartesian axes

     q = (   -0.500000000  -0.288675135   0.000000000 ) 

    1    1
  0.11400605  0.00000000    0.00941324  0.00000000   -0.00895604  0.00000000
  0.00941324  0.00000000    0.10313658  0.00000000   -0.00517077  0.00000000
 -0.00895604  0.00000000   -0.00517077  0.00000000    0.12700184  0.00000000
    1    2
 -0.00779800 -0.00000000    0.04726104  0.00000000    0.08902566  0.00000000
  0.04726104  0.00000000   -0.06237036 -0.00000000    0.05139899  0.00000000
  0.08902566  0.00000000    0.05139899  0.00000000   -0.04998016 -0.00000000
    2    1
 -0.00779800  0.00000000    0.04726104 -0.00000000    0.08902566 -0.00000000
  0.04726104 -0.00000000   -0.06237036  0.00000000    0.05139899 -0.00000000
  0.08902566 -0.00000000    0.05139899 -0.00000000   -0.04998016  0.00000000
    2    2
  0.11400605  0.00000000    0.00941324  0.00000000   -0.00895604  0.00000000
  0.00941324  0.00000000    0.10313658  0.00000000   -0.00517077  0.00000000
 -0.00895604  0.00000000   -0.00517077  0.00000000    0.12700184  0.00000000

     Diagonalizing the dynamical matrix

     q = (    0.000000000  -0.577350269   0.000000000 ) 

 **************************************************************************
     freq (    1) =       0.676127 [THz] =      22.553178 [cm-1]
 (  0.707107  0.000000  0.000000  0.000000 -0.000000  0.000000 ) 
 (  0.707107  0.000000 -0.000000  0.000000 -0.000000  0.000000 ) 
     freq (    2) =       0.771495 [THz] =      25.734314 [cm-1]
 ( -0.000000  0.000000 -0.413076  0.000000 -0.573906  0.000000 ) 
 ( -0.000000  0.000000 -0.413076  0.000000 -0.573906  0.000000 ) 
     freq (    3) =       1.037728 [THz] =      34.614883 [cm-1]
 ( -0.000000  0.000000  0.574947  0.000000 -0.411626  0.000000 ) 
 ( -0.000000  0.000000 -0.574947  0.000000  0.411626  0.000000 ) 
     freq (    4) =       3.262825 [THz] =     108.836122 [cm-1]
 ( -0.707107  0.000000  0.000000  0.000000 -0.000000  0.000000 ) 
 (  0.707107  0.000000  0.000000  0.000000 -0.000000  0.000000 ) 
     freq (    5) =       3.416941 [THz] =     113.976868 [cm-1]
 ( -0.000000  0.000000 -0.573906  0.000000  0.413076  0.000000 ) 
 (  0.000000  0.000000 -0.573906  0.000000  0.413076  0.000000 ) 
     freq (    6) =       3.828710 [THz] =     127.712027 [cm-1]
 (  0.000000  0.000000 -0.411626  0.000000 -0.574947  0.000000 ) 
 ( -0.000000  0.000000  0.411626  0.000000  0.574947  0.000000 ) 
 **************************************************************************
