Dynamical matrix file
                                                                           
  1    2  0  8.1209976  0.0000000  0.0000000  0.0000000  0.0000000  0.0000000
Basis vectors
      1.000000000    0.000000000    0.000000000
     -0.500000000    0.866025404    0.000000000
      0.000000000    0.000000000    5.041662557
           1  'Bi  '    190473.982298499     
    1    1      0.5000000000      0.2886751346      2.3176420796
    2    1      0.0000000000      0.5773502692      2.7240204776

     Dynamical  Matrix in cartesian axes

     q = (    0.000000000   0.384900179   0.000000000 ) 

    1    1
  0.09778186  0.00000000    0.00000000  0.00000000    0.00000000  0.00000000
  0.00000000  0.00000000    0.11447216  0.00000000    0.00852774 -0.00017858
  0.00000000  0.00000000    0.00852774  0.00017858    0.13119300  0.00000000
    1    2
 -0.08940979  0.00366830    0.00000000  0.00000000    0.00000000  0.00000000
  0.00000000  0.00000000   -0.00941867  0.04540113   -0.07499891 -0.04221467
  0.00000000  0.00000000   -0.07499891 -0.04221467   -0.07414681  0.04125930
    2    1
 -0.08940979 -0.00366830    0.00000000 -0.00000000    0.00000000  0.00000000
  0.00000000  0.00000000   -0.00941867 -0.04540113   -0.07499891  0.04221467
  0.00000000  0.00000000   -0.07499891  0.04221467   -0.07414681 -0.04125930
    2    2
  0.09778186  0.00000000    0.00000000  0.00000000    0.00000000  0.00000000
  0.00000000  0.00000000    0.11447216  0.00000000    0.00852774  0.00017858
  0.00000000  0.00000000    0.00852774 -0.00017858    0.13119300  0.00000000

     Dynamical  Matrix in cartesian axes

     q = (   -0.333333333  -0.192450090   0.000000000 ) 

    1    1
  0.11029958  0.00000000    0.00722711  0.00000000   -0.00738524  0.00015465
  0.00722711  0.00000000    0.10195443  0.00000000   -0.00426387  0.00008929
 -0.00738524 -0.00015465   -0.00426387 -0.00008929    0.13119300  0.00000000
    1    2
 -0.02941645  0.03496792    0.03463717  0.01807085    0.06495096  0.03655897
  0.03463717  0.01807085   -0.06941201  0.01410151    0.03749946  0.02110733
  0.06495096  0.03655897    0.03749946  0.02110733   -0.07414681  0.04125930
    2    1
 -0.02941645 -0.03496792    0.03463717 -0.01807085    0.06495096 -0.03655897
  0.03463717 -0.01807085   -0.06941201 -0.01410151    0.03749946 -0.02110733
  0.06495096 -0.03655897    0.03749946 -0.02110733   -0.07414681 -0.04125930
    2    2
  0.11029958  0.00000000    0.00722711  0.00000000   -0.00738524 -0.00015465
  0.00722711  0.00000000    0.10195443  0.00000000   -0.00426387 -0.00008929
 -0.00738524  0.00015465   -0.00426387  0.00008929    0.13119300  0.00000000

     Dynamical  Matrix in cartesian axes

     q = (    0.333333333  -0.192450090   0.000000000 ) 

    1    1
  0.11029958  0.00000000   -0.00722711  0.00000000    0.00738524 -0.00015465
 -0.00722711  0.00000000    0.10195443  0.00000000   -0.00426387  0.00008929
  0.00738524  0.00015465   -0.00426387 -0.00008929    0.13119300  0.00000000
    1    2
 -0.01557489 -0.04295935    0.03296840 -0.02096125    0.06413648 -0.03796970
  0.03296840 -0.02096125    0.02249374 -0.06716332   -0.03702921  0.02192181
  0.06413648 -0.03796970   -0.03702921  0.02192181    0.00134180 -0.08484267
    2    1
 -0.01557489  0.04295935    0.03296840  0.02096125    0.06413648  0.03796970
  0.03296840  0.02096125    0.02249374  0.06716332   -0.03702921 -0.02192181
  0.06413648  0.03796970   -0.03702921 -0.02192181    0.00134180  0.08484267
    2    2
  0.11029958  0.00000000   -0.00722711  0.00000000    0.00738524  0.00015465
 -0.00722711  0.00000000    0.10195443  0.00000000   -0.00426387 -0.00008929
  0.00738524 -0.00015465   -0.00426387  0.00008929    0.13119300  0.00000000

     Dynamical  Matrix in cartesian axes

     q = (   -0.333333333   0.192450090   0.000000000 ) 

    1    1
  0.11029958  0.00000000   -0.00722711  0.00000000    0.00738524  0.00015465
 -0.00722711  0.00000000    0.10195443  0.00000000   -0.00426387 -0.00008929
  0.00738524 -0.00015465   -0.00426387  0.00008929    0.13119300  0.00000000
    1    2
 -0.01557489  0.04295935    0.03296840  0.02096125    0.06413648  0.03796970
  0.03296840  0.02096125    0.02249374  0.06716332   -0.03702921 -0.02192181
  0.06413648  0.03796970   -0.03702921 -0.02192181    0.00134180  0.08484267
    2    1
 -0.01557489 -0.04295935    0.03296840 -0.02096125    0.06413648 -0.03796970
  0.03296840 -0.02096125    0.02249374 -0.06716332   -0.03702921  0.02192181
  0.06413648 -0.03796970   -0.03702921  0.02192181    0.00134180 -0.08484267
    2    2
  0.11029958  0.00000000   -0.00722711  0.00000000    0.00738524 -0.00015465
 -0.00722711  0.00000000    0.10195443  0.00000000   -0.00426387  0.00008929
  0.00738524  0.00015465   -0.00426387 -0.00008929    0.13119300  0.00000000

     Dynamical  Matrix in cartesian axes

     q = (    0.333333333   0.192450090   0.000000000 ) 

    1    1
  0.11029958  0.00000000    0.00722711  0.00000000   -0.00738524 -0.00015465
  0.00722711  0.00000000    0.10195443  0.00000000   -0.00426387 -0.00008929
 -0.00738524  0.00015465   -0.00426387  0.00008929    0.13119300  0.00000000
    1    2
 -0.02941645 -0.03496792    0.03463717 -0.01807085    0.06495096 -0.03655897
  0.03463717 -0.01807085   -0.06941201 -0.01410151    0.03749946 -0.02110733
  0.06495096 -0.03655897    0.03749946 -0.02110733   -0.07414681 -0.04125930
    2    1
 -0.02941645  0.03496792    0.03463717  0.01807085    0.06495096  0.03655897
  0.03463717  0.01807085   -0.06941201  0.01410151    0.03749946  0.02110733
  0.06495096  0.03655897    0.03749946  0.02110733   -0.07414681  0.04125930
    2    2
  0.11029958  0.00000000    0.00722711  0.00000000   -0.00738524  0.00015465
  0.00722711  0.00000000    0.10195443  0.00000000   -0.00426387  0.00008929
 -0.00738524 -0.00015465   -0.00426387 -0.00008929    0.13119300  0.00000000

     Dynamical  Matrix in cartesian axes

     q = (    0.000000000  -0.384900179   0.000000000 ) 

    1    1
  0.09778186  0.00000000    0.00000000  0.00000000    0.00000000  0.00000000
  0.00000000  0.00000000    0.11447216  0.00000000    0.00852774  0.00017858
  0.00000000  0.00000000    0.00852774 -0.00017858    0.13119300  0.00000000
    1    2
 -0.08940979 -0.00366830    0.00000000 -0.00000000    0.00000000  0.00000000
  0.00000000  0.00000000   -0.00941867 -0.04540113   -0.07499891  0.04221467
  0.00000000  0.00000000   -0.07499891  0.04221467   -0.07414681 -0.04125930
    2    1
 -0.08940979  0.00366830    0.00000000  0.00000000    0.00000000  0.00000000
  0.00000000  0.00000000   -0.00941867  0.04540113   -0.07499891 -0.04221467
  0.00000000  0.00000000   -0.07499891 -0.04221467   -0.07414681  0.04125930
    2    2
  0.09778186  0.00000000    0.00000000  0.00000000    0.00000000  0.00000000
  0.00000000  0.00000000    0.11447216  0.00000000    0.00852774 -0.00017858
  0.00000000  0.00000000    0.00852774  0.00017858    0.13119300  0.00000000

     Diagonalizing the dynamical matrix

     q = (    0.000000000   0.384900179   0.000000000 ) 

 **************************************************************************
     freq (    1) =       0.423084 [THz] =      14.112550 [cm-1]
 ( -0.000000  0.000000  0.260361  0.204113  0.500800 -0.373831 ) 
 ( -0.000000  0.000000  0.086544 -0.319312  0.624940  0.000000 ) 
     freq (    2) =       0.686616 [THz] =      22.903040 [cm-1]
 ( -0.000533  0.707107 -0.000000 -0.000000 -0.000000  0.000000 ) 
 ( -0.029519  0.706490  0.000000 -0.000000 -0.000000  0.000000 ) 
     freq (    3) =       1.220912 [THz] =      40.725232 [cm-1]
 (  0.000000  0.000000  0.577949  0.270689 -0.194006  0.234656 ) 
 (  0.000000  0.000000 -0.159645  0.617909  0.304470  0.000000 ) 
     freq (    4) =       3.262028 [THz] =     108.809540 [cm-1]
 (  0.355002 -0.611534 -0.000000 -0.000000  0.000000 -0.000000 ) 
 ( -0.379773  0.596467 -0.000000  0.000000  0.000000  0.000000 ) 
     freq (    5) =       3.375525 [THz] =     112.595392 [cm-1]
 ( -0.000000  0.000000 -0.392001 -0.471398  0.335963  0.106057 ) 
 (  0.000000 -0.000000 -0.515725  0.331524  0.352306  0.000000 ) 
     freq (    6) =       3.854146 [THz] =     128.560478 [cm-1]
 (  0.000000 -0.000000 -0.320098 -0.070059 -0.594098  0.199188 ) 
 ( -0.000000  0.000000  0.281223 -0.168180  0.626601  0.000000 ) 
 **************************************************************************
