Dynamical matrix file
                                                                           
  1    2  0  8.1209976  0.0000000  0.0000000  0.0000000  0.0000000  0.0000000
Basis vectors
      1.000000000    0.000000000    0.000000000
     -0.500000000    0.866025404    0.000000000
      0.000000000    0.000000000    5.041662557
           1  'Bi  '    190473.982298499     
    1    1      0.5000000000      0.2886751346      2.3176420796
    2    1      0.0000000000      0.5773502692      2.7240204776

     Dynamical  Matrix in cartesian axes

     q = (    0.000000000   0.000000000   0.000000000 ) 

    1    1
  0.10111083  0.00000000   -0.00000000  0.00000000    0.00000000  0.00000000
  0.00000000  0.00000000    0.10111083  0.00000000   -0.00000000  0.00000000
 -0.00000000  0.00000000   -0.00000000  0.00000000    0.15897657  0.00000000
    1    2
 -0.10087764  0.00000000   -0.00000000  0.00000000    0.00000000  0.00000000
  0.00000000  0.00000000   -0.10087764  0.00000000   -0.00000000  0.00000000
 -0.00000000  0.00000000   -0.00000000  0.00000000   -0.15857555  0.00000000
    2    1
 -0.10087764  0.00000000    0.00000000  0.00000000    0.00000000  0.00000000
  0.00000000  0.00000000   -0.10087764  0.00000000   -0.00000000  0.00000000
  0.00000000  0.00000000    0.00000000  0.00000000   -0.15857555  0.00000000
    2    2
  0.10111083  0.00000000   -0.00000000  0.00000000    0.00000000  0.00000000
  0.00000000  0.00000000    0.10111083  0.00000000   -0.00000000  0.00000000
  0.00000000  0.00000000    0.00000000  0.00000000    0.15897657  0.00000000

     Dielectric Tensor:

         11.300789777139          0.000000000000          0.000000000000
          0.000000000000         11.300789777229          0.000000000000
          0.000000000000          0.000000000000          1.220294953257

     Effective Charges E-U: Z_{alpha}{s,beta}

     atom #    1
          0.013413130823          0.000000000000          0.000000000000
          0.000000000000          0.013413130692          0.000000000000
          0.000000000000          0.000000000000          0.023035747715
     atom #    2
          0.013413130823          0.000000000000          0.000000000000
          0.000000000000          0.013413130692          0.000000000000
          0.000000000000         -0.000000000000          0.023035747715

     Diagonalizing the dynamical matrix

     q = (    0.000000000   0.000000000   0.000000000 ) 

 **************************************************************************
     freq (    1) =       0.115110 [THz] =       3.839655 [cm-1]
 (  0.707094  0.000000  0.004170  0.000000  0.000000  0.000000 ) 
 (  0.707094  0.000000  0.004170  0.000000  0.000000  0.000000 ) 
     freq (    2) =       0.115110 [THz] =       3.839655 [cm-1]
 ( -0.004170  0.000000  0.707094  0.000000 -0.000000  0.000000 ) 
 ( -0.004170  0.000000  0.707094  0.000000  0.000000  0.000000 ) 
     freq (    3) =       0.150953 [THz] =       5.035240 [cm-1]
 (  0.000000  0.000000  0.000000  0.000000  0.707107  0.000000 ) 
 ( -0.000000  0.000000  0.000000  0.000000  0.707107  0.000000 ) 
     freq (    4) =       3.387821 [THz] =     113.005555 [cm-1]
 ( -0.707107  0.000000 -0.000002  0.000000  0.000000  0.000000 ) 
 (  0.707107  0.000000  0.000002  0.000000  0.000000  0.000000 ) 
     freq (    5) =       3.387821 [THz] =     113.005555 [cm-1]
 (  0.000002  0.000000 -0.707107  0.000000  0.000000  0.000000 ) 
 ( -0.000002  0.000000  0.707107  0.000000  0.000000  0.000000 ) 
     freq (    6) =       4.247806 [THz] =     141.691567 [cm-1]
 ( -0.000000  0.000000 -0.000000  0.000000 -0.707107  0.000000 ) 
 (  0.000000  0.000000  0.000000  0.000000  0.707107  0.000000 ) 
 **************************************************************************
