Dynamical matrix file
                                                                           
  3    4  0  6.4086764  0.0000000  0.0000000  0.0000000  0.0000000  0.0000000
Basis vectors
      0.995986577    0.089502726    0.000000000
      0.134887988    1.447985439    0.000000000
      0.000000000    0.000000000    6.526971599
           1  'Ag  '    98315.6675103240     
           2  'N   '    12766.3260662741     
           3  'O   '    14582.5610075711     
    1    3      0.3477540960      0.1162668182      3.5996371043
    2    1      0.6086335161      0.7881073477      3.2026757464
    3    2      0.6137789319      1.4069365990      3.3027802314
    4    3      0.6228736033      0.1745303799      3.0277932189

     Dynamical  Matrix in cartesian axes

     q = (   -0.521899003   0.221271497   0.000000000 ) 

    1    1
  0.22190484  0.00000000   -0.13998817 -0.00168917   -0.40239834 -0.00007554
 -0.13998817  0.00168917    0.34050261 -0.00000000    0.33633324 -0.00129058
 -0.40239834  0.00007554    0.33633324  0.00129058    0.93451171  0.00000000
    1    2
 -0.01249146 -0.00604926    0.00549359 -0.00248692   -0.00439087 -0.00819681
  0.00538318 -0.00917154   -0.00322615  0.00585010   -0.01323267  0.02059213
  0.00029962 -0.00956474   -0.00526569  0.01060170   -0.01076644  0.01074449
    1    3
  0.00373477  0.18504827    0.00323054 -0.13789434    0.00154012 -0.27498637
 -0.00387581 -0.14495882    0.00267021  0.46476185    0.00647730  0.35255265
  0.00022686 -0.27881429   -0.00482094  0.34126516    0.00175566  0.68941430
    1    4
 -0.02049065 -0.00013468   -0.00249089 -0.00317196    0.12681310  0.00158155
 -0.01705728  0.00239156    0.13506151 -0.00043540    0.04301071 -0.00422967
  0.12238867  0.00233754    0.02286582  0.00343553   -0.22030067 -0.00207948
    2    1
 -0.01249146  0.00604926    0.00538318  0.00917154    0.00029962  0.00956474
  0.00549359  0.00248692   -0.00322615 -0.00585010   -0.00526569 -0.01060170
 -0.00439087  0.00819681   -0.01323267 -0.02059213   -0.01076644 -0.01074449
    2    2
  0.02392847 -0.00000000    0.00604714  0.00029100   -0.00348205  0.00008884
  0.00604714 -0.00029100    0.31143321  0.00000000    0.03853255 -0.00027272
 -0.00348205 -0.00008884    0.03853255  0.00027272    0.04470620  0.00000000
    2    3
 -0.02636225 -0.02495862   -0.00112246  0.01055471   -0.01247169  0.01011192
 -0.00042222  0.01610011   -0.13152209  0.05101509   -0.01506947 -0.01606644
 -0.01148508  0.00545792   -0.01652250 -0.01423483   -0.01235126 -0.03567068
    2    4
 -0.02903165  0.00469828   -0.00335687 -0.00872865    0.00842049  0.00559587
  0.00555563 -0.00485661   -0.10147500 -0.01378400   -0.02978364  0.00797532
  0.00684586  0.00498199   -0.01280806  0.01329716   -0.04320465 -0.00194435
    3    1
  0.00373477 -0.18504827   -0.00387581  0.14495882    0.00022686  0.27881429
  0.00323054  0.13789434    0.00267021 -0.46476185   -0.00482094 -0.34126516
  0.00154012  0.27498637    0.00647730 -0.35255265    0.00175566 -0.68941430
    3    2
 -0.02636225  0.02495862   -0.00042222 -0.01610011   -0.01148508 -0.00545792
 -0.00112246 -0.01055471   -0.13152209 -0.05101509   -0.01652250  0.01423483
 -0.01247169 -0.01011192   -0.01506947  0.01606644   -0.01235126  0.03567068
    3    3
  0.34868402  0.00000000   -0.01958632 -0.00502917   -0.40454851 -0.00228002
 -0.01958632  0.00502917    1.09052578  0.00000000    0.16931275 -0.01300400
 -0.40454851  0.00228002    0.16931275  0.01300400    0.99988990  0.00000000
    3    4
  0.00988254 -0.14166037    0.00001435 -0.11162020    0.00037624  0.14109893
  0.00192937 -0.10600842    0.01945338 -0.44669229   -0.00305150  0.17714207
  0.00249028  0.14363847    0.00056109  0.17846375    0.00699209 -0.33718666
    4    1
 -0.02049065  0.00013468   -0.01705728 -0.00239156    0.12238867 -0.00233754
 -0.00249089  0.00317196    0.13506151  0.00043540    0.02286582 -0.00343553
  0.12681310 -0.00158155    0.04301071  0.00422967   -0.22030067  0.00207948
    4    2
 -0.02903165 -0.00469828    0.00555563  0.00485661    0.00684586 -0.00498199
 -0.00335687  0.00872865   -0.10147500  0.01378400   -0.01280806 -0.01329716
  0.00842049 -0.00559587   -0.02978364 -0.00797532   -0.04320465  0.00194435
    4    3
  0.00988254  0.14166037    0.00192937  0.10600842    0.00249028 -0.14363847
  0.00001435  0.11162020    0.01945338  0.44669229    0.00056109 -0.17846375
  0.00037624 -0.14109893   -0.00305150 -0.17714207    0.00699209  0.33718666
    4    4
  0.19692750  0.00000000    0.12464426  0.00097202   -0.27080504 -0.00063900
  0.12464426 -0.00097202    0.41122711  0.00000000   -0.20025052  0.00062684
 -0.27080504  0.00063900   -0.20025052 -0.00062684    0.59841297  0.00000000

     Dynamical  Matrix in cartesian axes

     q = (    0.521899003  -0.221271497   0.000000000 ) 

    1    1
  0.22190484 -0.00000000   -0.13998817  0.00168917   -0.40239834  0.00007554
 -0.13998817 -0.00168917    0.34050261  0.00000000    0.33633324  0.00129058
 -0.40239834 -0.00007554    0.33633324 -0.00129058    0.93451171  0.00000000
    1    2
 -0.01249146  0.00604926    0.00549359  0.00248692   -0.00439087  0.00819681
  0.00538318  0.00917154   -0.00322615 -0.00585010   -0.01323267 -0.02059213
  0.00029962  0.00956474   -0.00526569 -0.01060170   -0.01076644 -0.01074449
    1    3
  0.00373477 -0.18504827    0.00323054  0.13789434    0.00154012  0.27498637
 -0.00387581  0.14495882    0.00267021 -0.46476185    0.00647730 -0.35255265
  0.00022686  0.27881429   -0.00482094 -0.34126516    0.00175566 -0.68941430
    1    4
 -0.02049065  0.00013468   -0.00249089  0.00317196    0.12681310 -0.00158155
 -0.01705728 -0.00239156    0.13506151  0.00043540    0.04301071  0.00422967
  0.12238867 -0.00233754    0.02286582 -0.00343553   -0.22030067  0.00207948
    2    1
 -0.01249146 -0.00604926    0.00538318 -0.00917154    0.00029962 -0.00956474
  0.00549359 -0.00248692   -0.00322615  0.00585010   -0.00526569  0.01060170
 -0.00439087 -0.00819681   -0.01323267  0.02059213   -0.01076644  0.01074449
    2    2
  0.02392847  0.00000000    0.00604714 -0.00029100   -0.00348205 -0.00008884
  0.00604714  0.00029100    0.31143321 -0.00000000    0.03853255  0.00027272
 -0.00348205  0.00008884    0.03853255 -0.00027272    0.04470620  0.00000000
    2    3
 -0.02636225  0.02495862   -0.00112246 -0.01055471   -0.01247169 -0.01011192
 -0.00042222 -0.01610011   -0.13152209 -0.05101509   -0.01506947  0.01606644
 -0.01148508 -0.00545792   -0.01652250  0.01423483   -0.01235126  0.03567068
    2    4
 -0.02903165 -0.00469828   -0.00335687  0.00872865    0.00842049 -0.00559587
  0.00555563  0.00485661   -0.10147500  0.01378400   -0.02978364 -0.00797532
  0.00684586 -0.00498199   -0.01280806 -0.01329716   -0.04320465  0.00194435
    3    1
  0.00373477  0.18504827   -0.00387581 -0.14495882    0.00022686 -0.27881429
  0.00323054 -0.13789434    0.00267021  0.46476185   -0.00482094  0.34126516
  0.00154012 -0.27498637    0.00647730  0.35255265    0.00175566  0.68941430
    3    2
 -0.02636225 -0.02495862   -0.00042222  0.01610011   -0.01148508  0.00545792
 -0.00112246  0.01055471   -0.13152209  0.05101509   -0.01652250 -0.01423483
 -0.01247169  0.01011192   -0.01506947 -0.01606644   -0.01235126 -0.03567068
    3    3
  0.34868402 -0.00000000   -0.01958632  0.00502917   -0.40454851  0.00228002
 -0.01958632 -0.00502917    1.09052578 -0.00000000    0.16931275  0.01300400
 -0.40454851 -0.00228002    0.16931275 -0.01300400    0.99988990  0.00000000
    3    4
  0.00988254  0.14166037    0.00001435  0.11162020    0.00037624 -0.14109893
  0.00192937  0.10600842    0.01945338  0.44669229   -0.00305150 -0.17714207
  0.00249028 -0.14363847    0.00056109 -0.17846375    0.00699209  0.33718666
    4    1
 -0.02049065 -0.00013468   -0.01705728  0.00239156    0.12238867  0.00233754
 -0.00249089 -0.00317196    0.13506151 -0.00043540    0.02286582  0.00343553
  0.12681310  0.00158155    0.04301071 -0.00422967   -0.22030067 -0.00207948
    4    2
 -0.02903165  0.00469828    0.00555563 -0.00485661    0.00684586  0.00498199
 -0.00335687 -0.00872865   -0.10147500 -0.01378400   -0.01280806  0.01329716
  0.00842049  0.00559587   -0.02978364  0.00797532   -0.04320465 -0.00194435
    4    3
  0.00988254 -0.14166037    0.00192937 -0.10600842    0.00249028  0.14363847
  0.00001435 -0.11162020    0.01945338 -0.44669229    0.00056109  0.17846375
  0.00037624  0.14109893   -0.00305150  0.17714207    0.00699209 -0.33718666
    4    4
  0.19692750 -0.00000000    0.12464426 -0.00097202   -0.27080504  0.00063900
  0.12464426  0.00097202    0.41122711 -0.00000000   -0.20025052 -0.00062684
 -0.27080504 -0.00063900   -0.20025052  0.00062684    0.59841297  0.00000000

     Diagonalizing the dynamical matrix

     q = (   -0.521899003   0.221271497   0.000000000 ) 

 **************************************************************************
     freq (    1) =       0.618285 [THz] =      20.623770 [cm-1]
 (  0.069946 -0.055370 -0.041131  0.263017 -0.399223 -0.078244 ) 
 (  0.255697  0.429327 -0.021788 -0.036965 -0.262185 -0.247835 ) 
 (  0.039116  0.163897 -0.070104 -0.017390 -0.031202 -0.369186 ) 
 (  0.215971  0.189608  0.005047 -0.116006 -0.327116  0.000000 ) 
     freq (    2) =       0.801227 [THz] =      26.726072 [cm-1]
 ( -0.105130 -0.012169 -0.012190 -0.075781  0.287930 -0.107307 ) 
 (  0.264231  0.387371 -0.023023 -0.028297  0.376272  0.360968 ) 
 (  0.034136  0.061679  0.011194 -0.019004  0.154311  0.369997 ) 
 (  0.161751  0.174111 -0.021721  0.041765  0.412973  0.000000 ) 
     freq (    3) =       2.411778 [THz] =      80.448263 [cm-1]
 (  0.782941  0.005090 -0.088234  0.039842  0.385381  0.050314 ) 
 (  0.046072  0.009815 -0.051113 -0.001806 -0.001796 -0.009791 ) 
 (  0.054782  0.161148 -0.031145 -0.044822 -0.029960  0.093248 ) 
 ( -0.378273 -0.087256 -0.012057  0.015483 -0.170266  0.000000 ) 
     freq (    4) =       2.838492 [THz] =      94.681916 [cm-1]
 ( -0.263473 -0.027183 -0.414108  0.099933  0.430697  0.016969 ) 
 (  0.041650 -0.006460  0.000863 -0.148794 -0.106660 -0.109643 ) 
 (  0.026577 -0.128520  0.023287 -0.205346 -0.083695  0.403566 ) 
 ( -0.100563 -0.000072 -0.053825 -0.136661  0.503764  0.000000 ) 
     freq (    5) =       3.217954 [THz] =     107.339399 [cm-1]
 (  0.138384 -0.130431 -0.278601 -0.054110 -0.335165 -0.108586 ) 
 ( -0.019836 -0.078318 -0.036950 -0.429357  0.072896  0.119154 ) 
 (  0.039456  0.087813  0.196905 -0.241544 -0.001625 -0.395156 ) 
 (  0.056945  0.135578 -0.179218 -0.344903 -0.334928  0.000000 ) 
     freq (    6) =       4.556558 [THz] =     151.990423 [cm-1]
 (  0.314149 -0.067314  0.054925 -0.035001  0.047122 -0.051841 ) 
 ( -0.048405 -0.033149  0.016866 -0.003547 -0.023317 -0.024456 ) 
 ( -0.072760  0.508045  0.025853 -0.024334 -0.005705  0.171620 ) 
 (  0.722386  0.037399 -0.088486 -0.010966  0.239600  0.000000 ) 
     freq (    7) =       6.445655 [THz] =     215.003893 [cm-1]
 ( -0.026378 -0.006304 -0.201324 -0.798115 -0.001630 -0.081631 ) 
 (  0.031737  0.007039 -0.117304  0.037653 -0.082589  0.000445 ) 
 ( -0.170439 -0.028004  0.192763 -0.153041  0.306183 -0.019024 ) 
 ( -0.014302  0.080996 -0.171591  0.265617 -0.027191  0.000000 ) 
     freq (    8) =      10.866460 [THz] =     362.466086 [cm-1]
 ( -0.019577 -0.014537  0.062609 -0.122830  0.051614  0.008439 ) 
 ( -0.002432 -0.008359 -0.160743 -0.080221 -0.023715 -0.000663 ) 
 ( -0.005410  0.118952  0.032943  0.423464  0.023995 -0.073628 ) 
 (  0.015699  0.011244  0.849538 -0.036438  0.144060  0.000000 ) 
     freq (    9) =      13.328617 [THz] =     444.594819 [cm-1]
 ( -0.304828 -0.017698  0.020117 -0.000371 -0.161933 -0.011212 ) 
 (  0.020034 -0.017535 -0.000966  0.002645  0.011405 -0.008392 ) 
 ( -0.106222  0.759319  0.012486 -0.060071 -0.049446  0.358465 ) 
 ( -0.348775  0.004604  0.001010 -0.009474 -0.186511  0.000000 ) 
     freq (   10) =      25.098223 [THz] =     837.186618 [cm-1]
 (  0.241888  0.005153  0.205003 -0.005587 -0.482575 -0.013390 ) 
 (  0.002959  0.000187 -0.001655  0.013501 -0.006745  0.001999 ) 
 (  0.001195  0.016715  0.016216 -0.467668 -0.001034 -0.096001 ) 
 ( -0.273806 -0.000506  0.123765 -0.002011  0.589354  0.000000 ) 
     freq (   11) =      35.265846 [THz] =    1176.342002 [cm-1]
 ( -0.008611 -0.005799 -0.097757  0.005024  0.005186  0.014719 ) 
 (  0.001279  0.000200 -0.001284 -0.006078 -0.001747 -0.001257 ) 
 ( -0.011211  0.250764 -0.008162  0.621451  0.018842 -0.430283 ) 
 ( -0.213722 -0.000430 -0.395648  0.004414  0.391168  0.000000 ) 
     freq (   12) =      43.119322 [THz] =    1438.305759 [cm-1]
 ( -0.202047  0.100587  0.267816 -0.140458  0.461126 -0.231347 ) 
 (  0.001324 -0.000188  0.001506  0.003069 -0.002039  0.000920 ) 
 (  0.109307  0.229815 -0.206400 -0.377086 -0.254032 -0.523762 ) 
 ( -0.004401 -0.001493  0.042302 -0.033118  0.010201  0.000000 ) 
 **************************************************************************
