Dynamical matrix file
                                                                           
  3    4  0  6.4086764  0.0000000  0.0000000  0.0000000  0.0000000  0.0000000
Basis vectors
      0.995986577    0.089502726    0.000000000
      0.134887988    1.447985439    0.000000000
      0.000000000    0.000000000    6.526971599
           1  'Ag  '    98315.6675103240     
           2  'N   '    12766.3260662741     
           3  'O   '    14582.5610075711     
    1    3      0.3477540960      0.1162668182      3.5996371043
    2    1      0.6086335161      0.7881073477      3.2026757464
    3    2      0.6137789319      1.4069365990      3.3027802314
    4    3      0.6228736033      0.1745303799      3.0277932189

     Dynamical  Matrix in cartesian axes

     q = (    0.168750927  -0.015720098   0.000000000 ) 

    1    1
  0.21714296  0.00000000   -0.14186430  0.00263738   -0.40947196  0.00271646
 -0.14186430 -0.00263738    0.34003009  0.00000000    0.34426443  0.00066253
 -0.40947196 -0.00271646    0.34426443 -0.00066253    0.94912731  0.00000000
    1    2
 -0.00511009 -0.00124365    0.00691897  0.00125096    0.00901358 -0.00230395
  0.01573402 -0.00054853   -0.00529680 -0.00119162   -0.03700757  0.00164708
  0.00792644 -0.00126307   -0.01337448 -0.00094240   -0.02903145  0.00132007
    1    3
 -0.18188645  0.00051290    0.14120473 -0.00400703    0.28234202 -0.00097800
  0.14697092  0.00332613   -0.46102929  0.00223116   -0.36108636 -0.00349192
  0.28792230  0.00355926   -0.34734266  0.00309710   -0.71130657 -0.00403468
    1    4
 -0.02921682  0.00321791   -0.00523253  0.00236687    0.11899140  0.00210319
 -0.01980900 -0.00323599    0.12528204 -0.00282547    0.05420439  0.00182662
  0.11709279 -0.00022223    0.01608197 -0.00195881   -0.20769742  0.00424054
    2    1
 -0.00511009  0.00124365    0.01573402  0.00054853    0.00792644  0.00126307
  0.00691897 -0.00125096   -0.00529680  0.00119162   -0.01337448  0.00094240
  0.00901358  0.00230395   -0.03700757 -0.00164708   -0.02903145 -0.00132007
    2    2
  0.02198283  0.00000000    0.00449658  0.00002962   -0.00066932  0.00062256
  0.00449658 -0.00002962    0.30303478  0.00000000    0.03792100  0.00063062
 -0.00066932 -0.00062256    0.03792100 -0.00063062    0.03735571  0.00000000
    2    3
 -0.00779516 -0.00115445   -0.01245036 -0.00292952   -0.01936786 -0.00214017
 -0.01334527  0.00079182   -0.18872696 -0.00307371   -0.00223936 -0.00055739
 -0.02378573 -0.00207661   -0.00379560  0.00079499    0.03588363  0.00277499
    2    4
 -0.02443353  0.00070679   -0.00869691  0.00179325    0.01164415  0.00063862
  0.00052502 -0.00012406   -0.11414703  0.00099199   -0.02173496 -0.00031765
  0.01491957  0.00028247    0.00382077  0.00076775   -0.05143950 -0.00140319
    3    1
 -0.18188645 -0.00051290    0.14697092 -0.00332613    0.28792230 -0.00355926
  0.14120473  0.00400703   -0.46102929 -0.00223116   -0.34734266 -0.00309710
  0.28234202  0.00097800   -0.36108636  0.00349192   -0.71130657  0.00403468
    3    2
 -0.00779516  0.00115445   -0.01334527 -0.00079182   -0.02378573  0.00207661
 -0.01245036  0.00292952   -0.18872696  0.00307371   -0.00379560 -0.00079499
 -0.01936786  0.00214017   -0.00223936  0.00055739    0.03588363 -0.00277499
    3    3
  0.33185013 -0.00000000   -0.02525147  0.00340471   -0.41282027  0.00418688
 -0.02525147 -0.00340471    1.07343488  0.00000000    0.17701868  0.00634024
 -0.41282027 -0.00418688    0.17701868 -0.00634024    1.02358263  0.00000000
    3    4
 -0.13458437  0.00148851   -0.11001529 -0.00194319    0.14911928 -0.00067918
 -0.10326624  0.00456926   -0.42326406  0.00230982    0.17387230 -0.00238932
  0.14593651  0.00240715    0.18672086  0.00238291   -0.34890708 -0.00310612
    4    1
 -0.02921682 -0.00321791   -0.01980900  0.00323599    0.11709279  0.00022223
 -0.00523253 -0.00236687    0.12528204  0.00282547    0.01608197  0.00195881
  0.11899140 -0.00210319    0.05420439 -0.00182662   -0.20769742 -0.00424054
    4    2
 -0.02443353 -0.00070679    0.00052502  0.00012406    0.01491957 -0.00028247
 -0.00869691 -0.00179325   -0.11414703 -0.00099199    0.00382077 -0.00076775
  0.01164415 -0.00063862   -0.02173496  0.00031765   -0.05143950  0.00140319
    4    3
 -0.13458437 -0.00148851   -0.10326624 -0.00456926    0.14593651 -0.00240715
 -0.11001529  0.00194319   -0.42326406 -0.00230982    0.18672086 -0.00238291
  0.14911928  0.00067918    0.17387230  0.00238932   -0.34890708  0.00310612
    4    4
  0.19026721  0.00000000    0.12298422  0.00227838   -0.27653128 -0.00182012
  0.12298422 -0.00227838    0.41155190  0.00000000   -0.20648418  0.00018645
 -0.27653128  0.00182012   -0.20648418 -0.00018645    0.60939801  0.00000000

     Dynamical  Matrix in cartesian axes

     q = (   -0.168750927   0.015720098   0.000000000 ) 

    1    1
  0.21714296 -0.00000000   -0.14186430 -0.00263738   -0.40947196 -0.00271646
 -0.14186430  0.00263738    0.34003009 -0.00000000    0.34426443 -0.00066253
 -0.40947196  0.00271646    0.34426443  0.00066253    0.94912731  0.00000000
    1    2
 -0.00511009  0.00124365    0.00691897 -0.00125096    0.00901358  0.00230395
  0.01573402  0.00054853   -0.00529680  0.00119162   -0.03700757 -0.00164708
  0.00792644  0.00126307   -0.01337448  0.00094240   -0.02903145 -0.00132007
    1    3
 -0.18188645 -0.00051290    0.14120473  0.00400703    0.28234202  0.00097800
  0.14697092 -0.00332613   -0.46102929 -0.00223116   -0.36108636  0.00349192
  0.28792230 -0.00355926   -0.34734266 -0.00309710   -0.71130657  0.00403468
    1    4
 -0.02921682 -0.00321791   -0.00523253 -0.00236687    0.11899140 -0.00210319
 -0.01980900  0.00323599    0.12528204  0.00282547    0.05420439 -0.00182662
  0.11709279  0.00022223    0.01608197  0.00195881   -0.20769742 -0.00424054
    2    1
 -0.00511009 -0.00124365    0.01573402 -0.00054853    0.00792644 -0.00126307
  0.00691897  0.00125096   -0.00529680 -0.00119162   -0.01337448 -0.00094240
  0.00901358 -0.00230395   -0.03700757  0.00164708   -0.02903145  0.00132007
    2    2
  0.02198283 -0.00000000    0.00449658 -0.00002962   -0.00066932 -0.00062256
  0.00449658  0.00002962    0.30303478 -0.00000000    0.03792100 -0.00063062
 -0.00066932  0.00062256    0.03792100  0.00063062    0.03735571  0.00000000
    2    3
 -0.00779516  0.00115445   -0.01245036  0.00292952   -0.01936786  0.00214017
 -0.01334527 -0.00079182   -0.18872696  0.00307371   -0.00223936  0.00055739
 -0.02378573  0.00207661   -0.00379560 -0.00079499    0.03588363 -0.00277499
    2    4
 -0.02443353 -0.00070679   -0.00869691 -0.00179325    0.01164415 -0.00063862
  0.00052502  0.00012406   -0.11414703 -0.00099199   -0.02173496  0.00031765
  0.01491957 -0.00028247    0.00382077 -0.00076775   -0.05143950  0.00140319
    3    1
 -0.18188645  0.00051290    0.14697092  0.00332613    0.28792230  0.00355926
  0.14120473 -0.00400703   -0.46102929  0.00223116   -0.34734266  0.00309710
  0.28234202 -0.00097800   -0.36108636 -0.00349192   -0.71130657 -0.00403468
    3    2
 -0.00779516 -0.00115445   -0.01334527  0.00079182   -0.02378573 -0.00207661
 -0.01245036 -0.00292952   -0.18872696 -0.00307371   -0.00379560  0.00079499
 -0.01936786 -0.00214017   -0.00223936 -0.00055739    0.03588363  0.00277499
    3    3
  0.33185013  0.00000000   -0.02525147 -0.00340471   -0.41282027 -0.00418688
 -0.02525147  0.00340471    1.07343488 -0.00000000    0.17701868 -0.00634024
 -0.41282027  0.00418688    0.17701868  0.00634024    1.02358263  0.00000000
    3    4
 -0.13458437 -0.00148851   -0.11001529  0.00194319    0.14911928  0.00067918
 -0.10326624 -0.00456926   -0.42326406 -0.00230982    0.17387230  0.00238932
  0.14593651 -0.00240715    0.18672086 -0.00238291   -0.34890708  0.00310612
    4    1
 -0.02921682  0.00321791   -0.01980900 -0.00323599    0.11709279 -0.00022223
 -0.00523253  0.00236687    0.12528204 -0.00282547    0.01608197 -0.00195881
  0.11899140  0.00210319    0.05420439  0.00182662   -0.20769742  0.00424054
    4    2
 -0.02443353  0.00070679    0.00052502 -0.00012406    0.01491957  0.00028247
 -0.00869691  0.00179325   -0.11414703  0.00099199    0.00382077  0.00076775
  0.01164415  0.00063862   -0.02173496 -0.00031765   -0.05143950 -0.00140319
    4    3
 -0.13458437  0.00148851   -0.10326624  0.00456926    0.14593651  0.00240715
 -0.11001529 -0.00194319   -0.42326406  0.00230982    0.18672086  0.00238291
  0.14911928 -0.00067918    0.17387230 -0.00238932   -0.34890708 -0.00310612
    4    4
  0.19026721 -0.00000000    0.12298422 -0.00227838   -0.27653128  0.00182012
  0.12298422  0.00227838    0.41155190 -0.00000000   -0.20648418 -0.00018645
 -0.27653128 -0.00182012   -0.20648418  0.00018645    0.60939801  0.00000000

     Diagonalizing the dynamical matrix

     q = (    0.168750927  -0.015720098   0.000000000 ) 

 **************************************************************************
     freq (    1) =      -0.913181 [THz] =     -30.460440 [cm-1]
 (  0.019909 -0.314649  0.097011 -0.137612 -0.204368  0.036907 ) 
 (  0.260146 -0.486342  0.086339 -0.154149 -0.109846  0.033465 ) 
 (  0.154578 -0.360442  0.086966 -0.151414 -0.140411  0.018948 ) 
 (  0.281060 -0.399232  0.083692 -0.155743 -0.080614  0.000000 ) 
     freq (    2) =      -0.753873 [THz] =     -25.146491 [cm-1]
 ( -0.017268  0.129559  0.123474  0.199744 -0.378283  0.092341 ) 
 ( -0.119701  0.006460  0.140169  0.216467 -0.442019  0.019834 ) 
 ( -0.070143  0.036559  0.134061  0.211107 -0.406132  0.045317 ) 
 ( -0.110186 -0.065656  0.141040  0.220920 -0.422559  0.000000 ) 
     freq (    3) =      -0.653866 [THz] =     -21.810621 [cm-1]
 ( -0.081938 -0.178321  0.272746  0.316086  0.224919 -0.038869 ) 
 ( -0.067766 -0.155735  0.268186  0.306553  0.250194 -0.010429 ) 
 ( -0.059149 -0.127758  0.269522  0.306816  0.235620 -0.013380 ) 
 ( -0.030626 -0.096636  0.267883  0.301061  0.250336  0.000000 ) 
     freq (    4) =       2.231947 [THz] =      74.449726 [cm-1]
 (  0.491116  0.613847 -0.003132 -0.122174  0.193408  0.372370 ) 
 (  0.019095 -0.073558  0.011496  0.013990  0.036851 -0.092257 ) 
 (  0.112624  0.194664  0.016016 -0.036911  0.016755  0.151594 ) 
 ( -0.222364 -0.165416  0.035919  0.029431 -0.143522  0.000000 ) 
     freq (    5) =       3.121741 [THz] =     104.130080 [cm-1]
 ( -0.364721  0.141441 -0.351400 -0.022089  0.425951  0.079700 ) 
 (  0.093092 -0.015022  0.050633  0.002993 -0.163718 -0.010822 ) 
 ( -0.244564  0.050245 -0.093508 -0.005913  0.380949  0.032205 ) 
 ( -0.239052 -0.025362  0.075589  0.006353  0.464773  0.000000 ) 
     freq (    6) =       4.456005 [THz] =     148.636343 [cm-1]
 ( -0.055951 -0.167615 -0.014663  0.027088 -0.033152 -0.114508 ) 
 (  0.128519  0.001240 -0.013083 -0.003496  0.070422  0.008545 ) 
 ( -0.397561 -0.045480  0.032496  0.009601 -0.213780 -0.054140 ) 
 ( -0.760843  0.066337  0.077586 -0.007591 -0.364165  0.000000 ) 
     freq (    7) =       6.390056 [THz] =     213.149319 [cm-1]
 ( -0.006972 -0.001036 -0.807434  0.046269 -0.138988  0.007898 ) 
 ( -0.028965  0.005191  0.096424 -0.006539  0.073811 -0.003441 ) 
 (  0.173485 -0.010649 -0.179920  0.010311 -0.378531  0.023737 ) 
 (  0.078175 -0.010965  0.310892 -0.014980 -0.034165  0.000000 ) 
     freq (    8) =      11.641949 [THz] =     388.333629 [cm-1]
 ( -0.010882 -0.017988  0.109321  0.005744  0.052445 -0.004362 ) 
 ( -0.006971 -0.000313 -0.196545 -0.014667 -0.020131 -0.001257 ) 
 (  0.054600  0.058173  0.419190  0.026507 -0.088289  0.018158 ) 
 (  0.017959 -0.024749  0.850096  0.064904  0.163649  0.000000 ) 
     freq (    9) =      12.516021 [THz] =     417.489525 [cm-1]
 ( -0.303901 -0.015111  0.019806  0.004751 -0.148117 -0.004813 ) 
 ( -0.004103 -0.002302 -0.003851 -0.008564 -0.000856 -0.001405 ) 
 (  0.779282  0.028695 -0.040452  0.024537  0.359377  0.007592 ) 
 ( -0.338413 -0.007061  0.033978  0.046964 -0.165652  0.000000 ) 
     freq (   10) =      24.983276 [THz] =     833.352395 [cm-1]
 (  0.240577  0.001891  0.212481 -0.001063 -0.479738  0.002141 ) 
 (  0.003220  0.000316  0.013361  0.000104 -0.004609 -0.000115 ) 
 (  0.009839 -0.002349 -0.484606  0.003159 -0.079428 -0.003072 ) 
 ( -0.270654  0.001594  0.121257 -0.001052  0.580838  0.000000 ) 
     freq (   11) =      35.117430 [THz] =    1171.391368 [cm-1]
 (  0.007956  0.004223 -0.105611 -0.003579 -0.021930 -0.009682 ) 
 (  0.000881 -0.000198 -0.007738 -0.000267 -0.003951 -0.000085 ) 
 (  0.234430 -0.006140  0.630208  0.005348 -0.409669  0.009906 ) 
 ( -0.216305 -0.002557 -0.393938 -0.000363  0.407439  0.000000 ) 
     freq (   12) =      43.506229 [THz] =    1451.211577 [cm-1]
 ( -0.219759 -0.047290  0.289862  0.067255  0.505351  0.114320 ) 
 (  0.001377  0.000465  0.003401  0.001025 -0.003116 -0.000907 ) 
 (  0.254398  0.051025 -0.393618 -0.098785 -0.585543 -0.124477 ) 
 ( -0.010408  0.002050  0.030893  0.013442  0.028903  0.000000 ) 
 **************************************************************************
