Dynamical matrix file
                                                                           
  3    4  0  6.4086764  0.0000000  0.0000000  0.0000000  0.0000000  0.0000000
Basis vectors
      0.995986577    0.089502726    0.000000000
      0.134887988    1.447985439    0.000000000
      0.000000000    0.000000000    6.526971599
           1  'Ag  '    98315.6675103240     
           2  'N   '    12766.3260662741     
           3  'O   '    14582.5610075711     
    1    3      0.3477540960      0.1162668182      3.5996371043
    2    1      0.6086335161      0.7881073477      3.2026757464
    3    2      0.6137789319      1.4069365990      3.3027802314
    4    3      0.6228736033      0.1745303799      3.0277932189

     Dynamical  Matrix in cartesian axes

     q = (    0.200043372  -0.363942505   0.000000000 ) 

    1    1
  0.21699130 -0.00000000   -0.14062289  0.00253259   -0.40532365  0.00236192
 -0.14062289 -0.00253259    0.33959746 -0.00000000    0.33886039  0.00015866
 -0.40532365 -0.00236192    0.33886039 -0.00015866    0.94126204  0.00000000
    1    2
 -0.01403180 -0.00231820   -0.00054978  0.00309302   -0.00929380 -0.00257593
 -0.00280458  0.00337105    0.00733584 -0.00078167    0.00460010  0.00122652
 -0.00972997  0.00127320    0.00892497 -0.00357419   -0.00252465  0.00240175
    1    3
  0.18454241  0.00129570   -0.13920620  0.00477507   -0.27328660  0.00117650
 -0.14677378 -0.00521903    0.46287341 -0.00238265    0.35819200  0.00215101
 -0.27876832 -0.00296607    0.34005631 -0.00427174    0.70061279  0.00361082
    1    4
 -0.02809457  0.00389553   -0.00759901  0.00448785    0.12432433  0.00230285
 -0.01474607 -0.00338930    0.13812793 -0.00330444    0.04329278  0.00089354
  0.12313678 -0.00099060    0.02107646 -0.00206370   -0.21486978  0.00358138
    2    1
 -0.01403180  0.00231820   -0.00280458 -0.00337105   -0.00972997 -0.00127320
 -0.00054978 -0.00309302    0.00733584  0.00078167    0.00892497  0.00357419
 -0.00929380  0.00257593    0.00460010 -0.00122652   -0.00252465 -0.00240175
    2    2
  0.01258837  0.00000000    0.00631394 -0.00011517   -0.00488253  0.00075274
  0.00631394  0.00011517    0.31324899 -0.00000000    0.03710449  0.00071880
 -0.00488253 -0.00075274    0.03710449 -0.00071880    0.03889000  0.00000000
    2    3
 -0.04537880  0.00282590    0.01018139 -0.00625737   -0.00344705 -0.00133734
  0.01315481 -0.00591370   -0.06839853 -0.00090581   -0.02750092  0.00655384
 -0.00263390  0.00294525   -0.03215187  0.00091882   -0.05365622 -0.00454548
    2    4
 -0.02974588  0.00044458    0.00683340 -0.00378013    0.00255936  0.00007727
  0.01172536 -0.00298069   -0.08416205 -0.00326408   -0.03751254  0.00256065
  0.00320968  0.00174400   -0.02492724  0.00164442   -0.04426378 -0.00207963
    3    1
  0.18454241 -0.00129570   -0.14677378  0.00521903   -0.27876832  0.00296607
 -0.13920620 -0.00477507    0.46287341  0.00238265    0.34005631  0.00427174
 -0.27328660 -0.00117650    0.35819200 -0.00215101    0.70061279 -0.00361082
    3    2
 -0.04537880 -0.00282590    0.01315481  0.00591370   -0.00263390 -0.00294525
  0.01018139  0.00625737   -0.06839853  0.00090581   -0.03215187 -0.00091882
 -0.00344705  0.00133734   -0.02750092 -0.00655384   -0.05365622  0.00454548
    3    3
  0.34204702  0.00000000   -0.02067063  0.00667507   -0.40486468  0.00377913
 -0.02067063 -0.00667507    1.10401117  0.00000000    0.16947066  0.00914040
 -0.40486468 -0.00377913    0.16947066 -0.00914040    1.02476954  0.00000000
    3    4
  0.15040221 -0.00117321    0.10700829  0.00713638   -0.14293830  0.00070549
  0.10654492 -0.00480022    0.45860100 -0.00473716   -0.17734578  0.00299343
 -0.13971460 -0.00390377   -0.18255438 -0.00369740    0.35856179  0.00269459
    4    1
 -0.02809457 -0.00389553   -0.01474607  0.00338930    0.12313678  0.00099060
 -0.00759901 -0.00448785    0.13812793  0.00330444    0.02107646  0.00206370
  0.12432433 -0.00230285    0.04329278 -0.00089354   -0.21486978 -0.00358138
    4    2
 -0.02974588 -0.00044458    0.01172536  0.00298069    0.00320968 -0.00174400
  0.00683340  0.00378013   -0.08416205  0.00326408   -0.02492724 -0.00164442
  0.00255936 -0.00007727   -0.03751254 -0.00256065   -0.04426378  0.00207963
    4    3
  0.15040221  0.00117321    0.10654492  0.00480022   -0.13971460  0.00390377
  0.10700829 -0.00713638    0.45860100  0.00473716   -0.18255438  0.00369740
 -0.14293830 -0.00070549   -0.17734578 -0.00299343    0.35856179 -0.00269459
    4    4
  0.19153496  0.00000000    0.11956463  0.00375308   -0.27210998 -0.00066111
  0.11956463 -0.00375308    0.40828630 -0.00000000   -0.20241580  0.00031902
 -0.27210998  0.00066111   -0.20241580 -0.00031902    0.60583251  0.00000000

     Dynamical  Matrix in cartesian axes

     q = (   -0.200043372   0.363942505   0.000000000 ) 

    1    1
  0.21699130  0.00000000   -0.14062289 -0.00253259   -0.40532365 -0.00236192
 -0.14062289  0.00253259    0.33959746  0.00000000    0.33886039 -0.00015866
 -0.40532365  0.00236192    0.33886039  0.00015866    0.94126204  0.00000000
    1    2
 -0.01403180  0.00231820   -0.00054978 -0.00309302   -0.00929380  0.00257593
 -0.00280458 -0.00337105    0.00733584  0.00078167    0.00460010 -0.00122652
 -0.00972997 -0.00127320    0.00892497  0.00357419   -0.00252465 -0.00240175
    1    3
  0.18454241 -0.00129570   -0.13920620 -0.00477507   -0.27328660 -0.00117650
 -0.14677378  0.00521903    0.46287341  0.00238265    0.35819200 -0.00215101
 -0.27876832  0.00296607    0.34005631  0.00427174    0.70061279 -0.00361082
    1    4
 -0.02809457 -0.00389553   -0.00759901 -0.00448785    0.12432433 -0.00230285
 -0.01474607  0.00338930    0.13812793  0.00330444    0.04329278 -0.00089354
  0.12313678  0.00099060    0.02107646  0.00206370   -0.21486978 -0.00358138
    2    1
 -0.01403180 -0.00231820   -0.00280458  0.00337105   -0.00972997  0.00127320
 -0.00054978  0.00309302    0.00733584 -0.00078167    0.00892497 -0.00357419
 -0.00929380 -0.00257593    0.00460010  0.00122652   -0.00252465  0.00240175
    2    2
  0.01258837 -0.00000000    0.00631394  0.00011517   -0.00488253 -0.00075274
  0.00631394 -0.00011517    0.31324899  0.00000000    0.03710449 -0.00071880
 -0.00488253  0.00075274    0.03710449  0.00071880    0.03889000  0.00000000
    2    3
 -0.04537880 -0.00282590    0.01018139  0.00625737   -0.00344705  0.00133734
  0.01315481  0.00591370   -0.06839853  0.00090581   -0.02750092 -0.00655384
 -0.00263390 -0.00294525   -0.03215187 -0.00091882   -0.05365622  0.00454548
    2    4
 -0.02974588 -0.00044458    0.00683340  0.00378013    0.00255936 -0.00007727
  0.01172536  0.00298069   -0.08416205  0.00326408   -0.03751254 -0.00256065
  0.00320968 -0.00174400   -0.02492724 -0.00164442   -0.04426378  0.00207963
    3    1
  0.18454241  0.00129570   -0.14677378 -0.00521903   -0.27876832 -0.00296607
 -0.13920620  0.00477507    0.46287341 -0.00238265    0.34005631 -0.00427174
 -0.27328660  0.00117650    0.35819200  0.00215101    0.70061279  0.00361082
    3    2
 -0.04537880  0.00282590    0.01315481 -0.00591370   -0.00263390  0.00294525
  0.01018139 -0.00625737   -0.06839853 -0.00090581   -0.03215187  0.00091882
 -0.00344705 -0.00133734   -0.02750092  0.00655384   -0.05365622 -0.00454548
    3    3
  0.34204702 -0.00000000   -0.02067063 -0.00667507   -0.40486468 -0.00377913
 -0.02067063  0.00667507    1.10401117 -0.00000000    0.16947066 -0.00914040
 -0.40486468  0.00377913    0.16947066  0.00914040    1.02476954  0.00000000
    3    4
  0.15040221  0.00117321    0.10700829 -0.00713638   -0.14293830 -0.00070549
  0.10654492  0.00480022    0.45860100  0.00473716   -0.17734578 -0.00299343
 -0.13971460  0.00390377   -0.18255438  0.00369740    0.35856179 -0.00269459
    4    1
 -0.02809457  0.00389553   -0.01474607 -0.00338930    0.12313678 -0.00099060
 -0.00759901  0.00448785    0.13812793 -0.00330444    0.02107646 -0.00206370
  0.12432433  0.00230285    0.04329278  0.00089354   -0.21486978  0.00358138
    4    2
 -0.02974588  0.00044458    0.01172536 -0.00298069    0.00320968  0.00174400
  0.00683340 -0.00378013   -0.08416205 -0.00326408   -0.02492724  0.00164442
  0.00255936  0.00007727   -0.03751254  0.00256065   -0.04426378 -0.00207963
    4    3
  0.15040221 -0.00117321    0.10654492 -0.00480022   -0.13971460 -0.00390377
  0.10700829  0.00713638    0.45860100 -0.00473716   -0.18255438 -0.00369740
 -0.14293830  0.00070549   -0.17734578  0.00299343    0.35856179  0.00269459
    4    4
  0.19153496 -0.00000000    0.11956463 -0.00375308   -0.27210998  0.00066111
  0.11956463  0.00375308    0.40828630  0.00000000   -0.20241580 -0.00031902
 -0.27210998 -0.00066111   -0.20241580  0.00031902    0.60583251  0.00000000

     Diagonalizing the dynamical matrix

     q = (    0.200043372  -0.363942505   0.000000000 ) 

 **************************************************************************
     freq (    1) =      -0.891600 [THz] =     -29.740564 [cm-1]
 (  0.116195  0.173798 -0.152263 -0.144909  0.020907  0.111942 ) 
 ( -0.614751 -0.581322  0.054213  0.052207 -0.048854 -0.091607 ) 
 ( -0.108323 -0.218798  0.037076  0.052646  0.041961 -0.083256 ) 
 ( -0.241832 -0.102377  0.082839  0.054838 -0.124770  0.000000 ) 
     freq (    2) =       0.796819 [THz] =      26.579036 [cm-1]
 (  0.040405  0.085314 -0.404236  0.119398 -0.198968  0.071149 ) 
 ( -0.053303  0.055803  0.025529 -0.015529  0.711938 -0.180298 ) 
 ( -0.034962 -0.013103  0.093483 -0.028746  0.378617 -0.092530 ) 
 (  0.037107 -0.017586  0.202741 -0.055049 -0.117783  0.000000 ) 
     freq (    3) =       1.695430 [THz] =      56.553457 [cm-1]
 (  0.195136 -0.532886 -0.130626  0.049201  0.381140 -0.310221 ) 
 ( -0.001804 -0.055061  0.014009  0.007320  0.048837 -0.018773 ) 
 ( -0.191691  0.160246  0.064698 -0.018853 -0.356716  0.134899 ) 
 (  0.196189  0.115782 -0.014304 -0.001682  0.382664  0.000000 ) 
     freq (    4) =       2.265540 [THz] =      75.570269 [cm-1]
 (  0.488514 -0.230939  0.158899  0.008611 -0.330992 -0.120455 ) 
 (  0.004772 -0.016198 -0.023879  0.003650 -0.030654  0.003459 ) 
 ( -0.384105  0.091413 -0.054570 -0.004973  0.340207  0.058417 ) 
 (  0.354293  0.018718 -0.017508  0.002733 -0.390610  0.000000 ) 
     freq (    5) =       3.275506 [THz] =     109.259118 [cm-1]
 ( -0.209855  0.335388  0.041950 -0.051386 -0.105512  0.215364 ) 
 ( -0.031399  0.005703 -0.003476  0.000489  0.003619  0.002436 ) 
 ( -0.309929 -0.086888  0.024430  0.020385 -0.160297 -0.092866 ) 
 (  0.715755 -0.111407 -0.079072  0.004077  0.332548  0.000000 ) 
     freq (    6) =       4.475333 [THz] =     149.281029 [cm-1]
 (  0.006798 -0.025043  0.710534 -0.098538  0.087548 -0.028706 ) 
 ( -0.086156  0.013621 -0.443219  0.072761  0.112216 -0.014603 ) 
 (  0.164519 -0.001687 -0.165450  0.018604 -0.287883  0.054349 ) 
 ( -0.067239  0.011124 -0.324218  0.058136 -0.018899  0.000000 ) 
     freq (    7) =       6.955821 [THz] =     232.021203 [cm-1]
 (  0.063173  0.007266  0.832611  0.196922  0.038235  0.007531 ) 
 ( -0.018728 -0.002939  0.252970  0.054098  0.078465  0.019175 ) 
 (  0.090370  0.011584 -0.348276 -0.078409 -0.203972 -0.054679 ) 
 ( -0.019971 -0.018831  0.082337  0.013201  0.023835  0.000000 ) 
     freq (    8) =       9.813898 [THz] =     327.356397 [cm-1]
 ( -0.028293 -0.009098 -0.003644 -0.000838  0.062054  0.001022 ) 
 (  0.004728  0.001897 -0.095185 -0.007480 -0.027593 -0.000353 ) 
 ( -0.082225 -0.040280 -0.429701 -0.021224  0.104942 -0.011686 ) 
 (  0.025708 -0.021230  0.869093  0.053632  0.146325  0.000000 ) 
     freq (    9) =      13.530984 [THz] =     451.345035 [cm-1]
 ( -0.292967 -0.016227  0.026460  0.005553 -0.142985 -0.002504 ) 
 (  0.031872 -0.001253 -0.002279  0.001332  0.017808 -0.000610 ) 
 ( -0.769676 -0.008522  0.037988 -0.027448 -0.355856 -0.001947 ) 
 ( -0.368114 -0.003904  0.029782  0.037170 -0.179677  0.000000 ) 
     freq (   10) =      25.207694 [THz] =     840.838174 [cm-1]
 (  0.243494  0.001460  0.194877 -0.001376 -0.488546  0.004758 ) 
 (  0.002859 -0.000619 -0.013632  0.000058 -0.008881 -0.000013 ) 
 ( -0.018738  0.004462  0.465802 -0.005736  0.096900  0.005141 ) 
 ( -0.272616  0.002555  0.130740 -0.001033  0.587830  0.000000 ) 
     freq (   11) =      35.526050 [THz] =    1185.021468 [cm-1]
 ( -0.001355  0.005471 -0.100205 -0.006279  0.000910 -0.014764 ) 
 (  0.000677  0.000378  0.003903  0.000744 -0.000943 -0.000350 ) 
 ( -0.240261  0.005663 -0.628211 -0.005808  0.427158 -0.014877 ) 
 ( -0.208935 -0.002160 -0.394946  0.000039  0.393554  0.000000 ) 
     freq (   12) =      43.329864 [THz] =    1445.328701 [cm-1]
 ( -0.208928 -0.077832  0.279845  0.109881  0.480034  0.184362 ) 
 (  0.000785 -0.000132 -0.002741 -0.000635 -0.002355 -0.001222 ) 
 ( -0.239489 -0.083096  0.390191  0.165630  0.554244  0.202668 ) 
 ( -0.006003  0.004084  0.044565  0.027709  0.021391  0.000000 ) 
 **************************************************************************
