Dynamical matrix file
                                                                           
  3    4  0  6.4086764  0.0000000  0.0000000  0.0000000  0.0000000  0.0000000
Basis vectors
      0.995986577    0.089502726    0.000000000
      0.134887988    1.447985439    0.000000000
      0.000000000    0.000000000    6.526971599
           1  'Ag  '    98315.6675103240     
           2  'N   '    12766.3260662741     
           3  'O   '    14582.5610075711     
    1    3      0.3477540960      0.1162668182      3.5996371043
    2    1      0.6086335161      0.7881073477      3.2026757464
    3    2      0.6137789319      1.4069365990      3.3027802314
    4    3      0.6228736033      0.1745303799      3.0277932189

     Dynamical  Matrix in cartesian axes

     q = (    0.184397149  -0.189831301   0.000000000 ) 

    1    1
  0.21653052 -0.00000000   -0.14159052  0.00282878   -0.40708855  0.00221808
 -0.14159052 -0.00282878    0.34245989 -0.00000000    0.34220210  0.00063983
 -0.40708855 -0.00221808    0.34220210 -0.00063983    0.94345170  0.00000000
    1    2
 -0.00967905  0.00322319    0.00511758  0.00531555   -0.00018227  0.00671196
  0.00987196  0.01085761   -0.00152139 -0.01025833   -0.01618448 -0.01993694
 -0.00058858  0.00856480   -0.00416366 -0.01343676   -0.01535671 -0.01112643
    1    3
  0.00252198 -0.18187716    0.00545195  0.14059460    0.00130093  0.27769355
 -0.00687507  0.14577977    0.00072906 -0.46522232    0.00806191 -0.36009126
 -0.00229083  0.28275678   -0.00641336 -0.34537971    0.00586350 -0.70356933
    1    4
 -0.02905717  0.00336616   -0.00691682  0.00569696    0.12223452  0.00068565
 -0.01719509 -0.00495178    0.13495261 -0.00088399    0.04777567  0.00540665
  0.12071301 -0.00179688    0.02075355 -0.00472513   -0.21282706  0.00580098
    2    1
 -0.00967905 -0.00322319    0.00987196 -0.01085761   -0.00058858 -0.00856480
  0.00511758 -0.00531555   -0.00152139  0.01025833   -0.00416366  0.01343676
 -0.00018227 -0.00671196   -0.01618448  0.01993694   -0.01535671  0.01112643
    2    2
  0.01588358  0.00000000    0.00198831  0.00014216   -0.00264870  0.00048122
  0.00198831 -0.00014216    0.31042097 -0.00000000    0.03708548  0.00089908
 -0.00264870 -0.00048122    0.03708548 -0.00089908    0.03846844  0.00000000
    2    3
 -0.02543328  0.01971105   -0.00377449 -0.01721183   -0.01021187 -0.00741400
 -0.00170045 -0.01660040   -0.12554697 -0.05906343   -0.01157596  0.01615712
 -0.01069273 -0.00993127   -0.01742242  0.01483754   -0.01258340  0.04392301
    2    4
 -0.02625042 -0.00341501    0.00305643  0.00525680    0.00608010 -0.00417540
  0.00821793  0.00479553   -0.10006586  0.01691992   -0.03053324 -0.00792165
  0.00858230 -0.00526169   -0.01058490 -0.01310630   -0.04773542  0.00201403
    3    1
  0.00252198  0.18187716   -0.00687507 -0.14577977   -0.00229083 -0.28275678
  0.00545195 -0.14059460    0.00072906  0.46522232   -0.00641336  0.34537971
  0.00130093 -0.27769355    0.00806191  0.36009126    0.00586350  0.70356933
    3    2
 -0.02543328 -0.01971105   -0.00170045  0.01660040   -0.01069273  0.00993127
 -0.00377449  0.01721183   -0.12554697  0.05906343   -0.01742242 -0.01483754
 -0.01021187  0.00741400   -0.01157596 -0.01615712   -0.01258340 -0.04392301
    3    3
  0.33532116 -0.00000000   -0.02227879  0.00864356   -0.40841210  0.00347183
 -0.02227879 -0.00864356    1.09290571 -0.00000000    0.17509133  0.01718084
 -0.40841210 -0.00347183    0.17509133 -0.01718084    1.02075052  0.00000000
    3    4
  0.00938069  0.14196308   -0.00501805  0.10969124    0.00057326 -0.14532506
  0.00642893  0.10524907    0.01894384  0.44326264   -0.00483905 -0.17576153
  0.00313181 -0.14189030    0.00218921 -0.18192419    0.00507744  0.35168598
    4    1
 -0.02905717 -0.00336616   -0.01719509  0.00495178    0.12071301  0.00179688
 -0.00691682 -0.00569696    0.13495261  0.00088399    0.02075355  0.00472513
  0.12223452 -0.00068565    0.04777567 -0.00540665   -0.21282706 -0.00580098
    4    2
 -0.02625042  0.00341501    0.00821793 -0.00479553    0.00858230  0.00526169
  0.00305643 -0.00525680   -0.10006586 -0.01691992   -0.01058490  0.01310630
  0.00608010  0.00417540   -0.03053324  0.00792165   -0.04773542 -0.00201403
    4    3
  0.00938069 -0.14196308    0.00642893 -0.10524907    0.00313181  0.14189030
 -0.00501805 -0.10969124    0.01894384 -0.44326264    0.00218921  0.18192419
  0.00057326  0.14532506   -0.00483905  0.17576153    0.00507744 -0.35168598
    4    4
  0.19068225 -0.00000000    0.12078353  0.00356098   -0.27366039 -0.00148082
  0.12078353 -0.00356098    0.41201081 -0.00000000   -0.20403452  0.00015340
 -0.27366039  0.00148082   -0.20403452 -0.00015340    0.60679138  0.00000000

     Dynamical  Matrix in cartesian axes

     q = (   -0.184397149   0.189831301   0.000000000 ) 

    1    1
  0.21653052  0.00000000   -0.14159052 -0.00282878   -0.40708855 -0.00221808
 -0.14159052  0.00282878    0.34245989  0.00000000    0.34220210 -0.00063983
 -0.40708855  0.00221808    0.34220210  0.00063983    0.94345170  0.00000000
    1    2
 -0.00967905 -0.00322319    0.00511758 -0.00531555   -0.00018227 -0.00671196
  0.00987196 -0.01085761   -0.00152139  0.01025833   -0.01618448  0.01993694
 -0.00058858 -0.00856480   -0.00416366  0.01343676   -0.01535671  0.01112643
    1    3
  0.00252198  0.18187716    0.00545195 -0.14059460    0.00130093 -0.27769355
 -0.00687507 -0.14577977    0.00072906  0.46522232    0.00806191  0.36009126
 -0.00229083 -0.28275678   -0.00641336  0.34537971    0.00586350  0.70356933
    1    4
 -0.02905717 -0.00336616   -0.00691682 -0.00569696    0.12223452 -0.00068565
 -0.01719509  0.00495178    0.13495261  0.00088399    0.04777567 -0.00540665
  0.12071301  0.00179688    0.02075355  0.00472513   -0.21282706 -0.00580098
    2    1
 -0.00967905  0.00322319    0.00987196  0.01085761   -0.00058858  0.00856480
  0.00511758  0.00531555   -0.00152139 -0.01025833   -0.00416366 -0.01343676
 -0.00018227  0.00671196   -0.01618448 -0.01993694   -0.01535671 -0.01112643
    2    2
  0.01588358 -0.00000000    0.00198831 -0.00014216   -0.00264870 -0.00048122
  0.00198831  0.00014216    0.31042097  0.00000000    0.03708548 -0.00089908
 -0.00264870  0.00048122    0.03708548  0.00089908    0.03846844  0.00000000
    2    3
 -0.02543328 -0.01971105   -0.00377449  0.01721183   -0.01021187  0.00741400
 -0.00170045  0.01660040   -0.12554697  0.05906343   -0.01157596 -0.01615712
 -0.01069273  0.00993127   -0.01742242 -0.01483754   -0.01258340 -0.04392301
    2    4
 -0.02625042  0.00341501    0.00305643 -0.00525680    0.00608010  0.00417540
  0.00821793 -0.00479553   -0.10006586 -0.01691992   -0.03053324  0.00792165
  0.00858230  0.00526169   -0.01058490  0.01310630   -0.04773542 -0.00201403
    3    1
  0.00252198 -0.18187716   -0.00687507  0.14577977   -0.00229083  0.28275678
  0.00545195  0.14059460    0.00072906 -0.46522232   -0.00641336 -0.34537971
  0.00130093  0.27769355    0.00806191 -0.36009126    0.00586350 -0.70356933
    3    2
 -0.02543328  0.01971105   -0.00170045 -0.01660040   -0.01069273 -0.00993127
 -0.00377449 -0.01721183   -0.12554697 -0.05906343   -0.01742242  0.01483754
 -0.01021187 -0.00741400   -0.01157596  0.01615712   -0.01258340  0.04392301
    3    3
  0.33532116  0.00000000   -0.02227879 -0.00864356   -0.40841210 -0.00347183
 -0.02227879  0.00864356    1.09290571  0.00000000    0.17509133 -0.01718084
 -0.40841210  0.00347183    0.17509133  0.01718084    1.02075052  0.00000000
    3    4
  0.00938069 -0.14196308   -0.00501805 -0.10969124    0.00057326  0.14532506
  0.00642893 -0.10524907    0.01894384 -0.44326264   -0.00483905  0.17576153
  0.00313181  0.14189030    0.00218921  0.18192419    0.00507744 -0.35168598
    4    1
 -0.02905717  0.00336616   -0.01719509 -0.00495178    0.12071301 -0.00179688
 -0.00691682  0.00569696    0.13495261 -0.00088399    0.02075355 -0.00472513
  0.12223452  0.00068565    0.04777567  0.00540665   -0.21282706  0.00580098
    4    2
 -0.02625042 -0.00341501    0.00821793  0.00479553    0.00858230 -0.00526169
  0.00305643  0.00525680   -0.10006586  0.01691992   -0.01058490 -0.01310630
  0.00608010 -0.00417540   -0.03053324 -0.00792165   -0.04773542  0.00201403
    4    3
  0.00938069  0.14196308    0.00642893  0.10524907    0.00313181 -0.14189030
 -0.00501805  0.10969124    0.01894384  0.44326264    0.00218921 -0.18192419
  0.00057326 -0.14532506   -0.00483905 -0.17576153    0.00507744  0.35168598
    4    4
  0.19068225  0.00000000    0.12078353 -0.00356098   -0.27366039  0.00148082
  0.12078353  0.00356098    0.41201081  0.00000000   -0.20403452 -0.00015340
 -0.27366039 -0.00148082   -0.20403452  0.00015340    0.60679138  0.00000000

     Diagonalizing the dynamical matrix

     q = (    0.184397149  -0.189831301   0.000000000 ) 

 **************************************************************************
     freq (    1) =      -0.839324 [THz] =     -27.996830 [cm-1]
 ( -0.129062  0.217355  0.109829  0.092400  0.214656 -0.063280 ) 
 (  0.087040  0.657255 -0.011140 -0.037772  0.086923 -0.123279 ) 
 (  0.233754  0.269444  0.014665 -0.035237 -0.010513 -0.192812 ) 
 ( -0.210424  0.397635 -0.043929 -0.076931  0.159149  0.000000 ) 
     freq (    2) =      -0.602886 [THz] =     -20.110120 [cm-1]
 (  0.035393 -0.218579 -0.020131  0.191416  0.431522 -0.074473 ) 
 (  0.008427 -0.150873  0.000694  0.002534  0.351752 -0.356013 ) 
 ( -0.080220 -0.082071  0.045340  0.016878  0.064774 -0.454387 ) 
 (  0.086440 -0.000788 -0.012250 -0.085128  0.455860  0.000000 ) 
     freq (    3) =       1.969765 [THz] =      65.704286 [cm-1]
 ( -0.245036 -0.709191 -0.047197  0.084898 -0.075298 -0.384422 ) 
 (  0.018783  0.055604  0.015962  0.005041  0.014667  0.115055 ) 
 ( -0.290193 -0.018787  0.042670  0.023219 -0.184999 -0.029481 ) 
 (  0.301866  0.087401 -0.005187  0.007630  0.189942  0.000000 ) 
     freq (    4) =       2.708218 [THz] =      90.336429 [cm-1]
 (  0.341865 -0.112846  0.394596  0.129257 -0.392526 -0.049932 ) 
 ( -0.044216  0.041704  0.016981 -0.139449  0.099122 -0.080704 ) 
 ( -0.056057 -0.263300 -0.003153 -0.190711  0.045938  0.346750 ) 
 (  0.282306  0.052013  0.048175 -0.123093 -0.413005  0.000000 ) 
     freq (    5) =       3.192368 [THz] =     106.485944 [cm-1]
 ( -0.203666  0.056233  0.300293 -0.022149  0.303561  0.003326 ) 
 (  0.025127 -0.081808  0.076041 -0.443880 -0.087145  0.102493 ) 
 (  0.038559  0.151053 -0.183725 -0.266728  0.075088 -0.362377 ) 
 ( -0.134087  0.099558  0.208742 -0.343693  0.297574  0.000000 ) 
     freq (    6) =       3.909071 [THz] =     130.392568 [cm-1]
 (  0.027984 -0.330166 -0.018802  0.019581  0.004624 -0.196210 ) 
 (  0.074781 -0.049041 -0.036720 -0.014514  0.045985 -0.029786 ) 
 ( -0.032675  0.379580 -0.013158 -0.023247 -0.049989  0.201374 ) 
 ( -0.718749  0.079781  0.053493 -0.035023 -0.349896  0.000000 ) 
     freq (    7) =       6.420977 [THz] =     214.180742 [cm-1]
 ( -0.012222  0.029361 -0.316682  0.761462 -0.014227  0.086402 ) 
 (  0.030354  0.004785 -0.109711 -0.047315 -0.079814 -0.011527 ) 
 ( -0.161934 -0.023575  0.164016  0.179269  0.302181  0.059522 ) 
 (  0.017775 -0.058120 -0.125767 -0.297895 -0.023680  0.000000 ) 
     freq (    8) =      10.958837 [THz] =     365.547449 [cm-1]
 ( -0.020189 -0.004268  0.069059  0.125788  0.057496 -0.013480 ) 
 ( -0.003051  0.006620 -0.164542  0.068337 -0.024369  0.000014 ) 
 (  0.054888 -0.062863  0.060674 -0.425182  0.041662  0.088798 ) 
 (  0.018681 -0.032385  0.841900  0.095924  0.150542  0.000000 ) 
     freq (    9) =      12.980855 [THz] =     432.994704 [cm-1]
 ( -0.295299  0.002520  0.019924  0.008785 -0.144160  0.004258 ) 
 (  0.017564  0.017040 -0.008989 -0.005505  0.010029  0.008232 ) 
 ( -0.068764 -0.768709  0.038983  0.041150 -0.040146 -0.355033 ) 
 ( -0.359292 -0.008945  0.029488  0.054204 -0.176480  0.000000 ) 
     freq (   10) =      25.108924 [THz] =     837.543566 [cm-1]
 (  0.242543 -0.003611  0.203620  0.004326 -0.484548  0.014835 ) 
 (  0.003551 -0.000422 -0.001204 -0.013138 -0.006891 -0.002075 ) 
 ( -0.001762 -0.013497  0.019568  0.472009 -0.003209  0.089390 ) 
 ( -0.272058  0.002364  0.126041  0.000358  0.585804  0.000000 ) 
     freq (   11) =      35.323880 [THz] =    1178.277803 [cm-1]
 (  0.000563  0.008619 -0.101327 -0.007759 -0.005055 -0.021497 ) 
 (  0.000240  0.000163 -0.001947  0.005753 -0.002342  0.001335 ) 
 ( -0.012339 -0.240848 -0.003688 -0.625720  0.026619  0.422863 ) 
 ( -0.211834 -0.003061 -0.394719 -0.002915  0.398937  0.000000 ) 
     freq (   12) =      43.421701 [THz] =    1448.392033 [cm-1]
 ( -0.204889 -0.089481  0.272102  0.128259  0.470078  0.211004 ) 
 (  0.001367  0.000099  0.001361 -0.002446 -0.002620 -0.001098 ) 
 (  0.094968 -0.235766 -0.191723  0.375108 -0.228558  0.544734 ) 
 ( -0.007526  0.003783  0.036309  0.032458  0.022888  0.000000 ) 
 **************************************************************************
