Dynamical matrix file
                                                                           
  3    4  0  6.4086764  0.0000000  0.0000000  0.0000000  0.0000000  0.0000000
Basis vectors
      0.995986577    0.089502726    0.000000000
      0.134887988    1.447985439    0.000000000
      0.000000000    0.000000000    6.526971599
           1  'Ag  '    98315.6675103240     
           2  'N   '    12766.3260662741     
           3  'O   '    14582.5610075711     
    1    3      0.3477540960      0.1162668182      3.5996371043
    2    1      0.6086335161      0.7881073477      3.2026757464
    3    2      0.6137789319      1.4069365990      3.3027802314
    4    3      0.6228736033      0.1745303799      3.0277932189

     Dynamical  Matrix in cartesian axes

     q = (   -0.506252781   0.047160294   0.000000000 ) 

    1    1
  0.22212302  0.00000000   -0.14174087  0.00000000   -0.40422274  0.00000000
 -0.14174087  0.00000000    0.34296474  0.00000000    0.33819068  0.00000000
 -0.40422274  0.00000000    0.33819068  0.00000000    0.93601687  0.00000000
    1    2
 -0.00637502  0.00000000    0.00852439  0.00000000    0.00370018  0.00000000
  0.01544355  0.00000000   -0.00774128  0.00000000   -0.03349725  0.00000000
  0.00962754  0.00000000   -0.01645211  0.00000000   -0.02149021  0.00000000
    1    3
 -0.18058646  0.00000000    0.14336404  0.00000000    0.27887803  0.00000000
  0.14576356  0.00000000   -0.46677588  0.00000000   -0.35315579  0.00000000
  0.28220084  0.00000000   -0.34713640  0.00000000   -0.69101065  0.00000000
    1    4
 -0.02333368  0.00000000   -0.00468550  0.00000000    0.12561209  0.00000000
 -0.01983040  0.00000000    0.13067144  0.00000000    0.04738238  0.00000000
  0.12038857  0.00000000    0.02293457  0.00000000   -0.21923015  0.00000000
    2    1
 -0.00637502  0.00000000    0.01544355  0.00000000    0.00962754  0.00000000
  0.00852439  0.00000000   -0.00774128  0.00000000   -0.01645211  0.00000000
  0.00370018  0.00000000   -0.03349725  0.00000000   -0.02149021  0.00000000
    2    2
  0.02712636  0.00000000    0.00431457  0.00000000   -0.00115240  0.00000000
  0.00431457  0.00000000    0.30867289  0.00000000    0.03853754  0.00000000
 -0.00115240  0.00000000    0.03853754  0.00000000    0.04404211  0.00000000
    2    3
 -0.00252549  0.00000000   -0.01171428  0.00000000   -0.02286430  0.00000000
 -0.01678673  0.00000000   -0.18355074  0.00000000    0.00209658  0.00000000
 -0.01722075  0.00000000   -0.00230738  0.00000000    0.02293002  0.00000000
    2    4
 -0.02455501  0.00000000   -0.01107181  0.00000000    0.01329032  0.00000000
  0.00151968  0.00000000   -0.11318833  0.00000000   -0.02263772  0.00000000
  0.01126687  0.00000000   -0.00025614  0.00000000   -0.04481680  0.00000000
    3    1
 -0.18058646  0.00000000    0.14576356  0.00000000    0.28220084  0.00000000
  0.14336404  0.00000000   -0.46677588  0.00000000   -0.34713640  0.00000000
  0.27887803  0.00000000   -0.35315579  0.00000000   -0.69101065  0.00000000
    3    2
 -0.00252549  0.00000000   -0.01678673  0.00000000   -0.01722075  0.00000000
 -0.01171428  0.00000000   -0.18355074  0.00000000   -0.00230738  0.00000000
 -0.02286430  0.00000000    0.00209658  0.00000000    0.02293002  0.00000000
    3    3
  0.33709367  0.00000000   -0.02640781  0.00000000   -0.40572826  0.00000000
 -0.02640781  0.00000000    1.08338038  0.00000000    0.17550908  0.00000000
 -0.40572826  0.00000000    0.17550908  0.00000000    0.99501691  0.00000000
    3    4
 -0.12855583  0.00000000   -0.10927033  0.00000000    0.14170644  0.00000000
 -0.10420867  0.00000000   -0.43093597  0.00000000    0.17512623  0.00000000
  0.14508695  0.00000000    0.17783010  0.00000000   -0.32910963  0.00000000
    4    1
 -0.02333368  0.00000000   -0.01983040  0.00000000    0.12038857  0.00000000
 -0.00468550  0.00000000    0.13067144  0.00000000    0.02293457  0.00000000
  0.12561209  0.00000000    0.04738238  0.00000000   -0.21923015  0.00000000
    4    2
 -0.02455501  0.00000000    0.00151968  0.00000000    0.01126687  0.00000000
 -0.01107181  0.00000000   -0.11318833  0.00000000   -0.00025614  0.00000000
  0.01329032  0.00000000   -0.02263772  0.00000000   -0.04481680  0.00000000
    4    3
 -0.12855583  0.00000000   -0.10420867  0.00000000    0.14508695  0.00000000
 -0.10927033  0.00000000   -0.43093597  0.00000000    0.17783010  0.00000000
  0.14170644  0.00000000    0.17512623  0.00000000   -0.32910963  0.00000000
    4    4
  0.19496954  0.00000000    0.12436391  0.00000000   -0.27162927  0.00000000
  0.12436391  0.00000000    0.41454988  0.00000000   -0.20032779  0.00000000
 -0.27162927  0.00000000   -0.20032779  0.00000000    0.59835327  0.00000000

     Diagonalizing the dynamical matrix

     q = (   -0.506252781   0.047160294   0.000000000 ) 

 **************************************************************************
     freq (    1) =       0.465188 [THz] =      15.516989 [cm-1]
 (  0.012676  0.000000 -0.366783  0.000000  0.320473  0.000000 ) 
 ( -0.199506  0.000000 -0.391293  0.000000  0.309867  0.000000 ) 
 ( -0.086618  0.000000 -0.383732  0.000000  0.283792  0.000000 ) 
 ( -0.160588  0.000000 -0.392955  0.000000  0.241212  0.000000 ) 
     freq (    2) =       0.754332 [THz] =      25.161800 [cm-1]
 (  0.142915  0.000000 -0.323725  0.000000 -0.328205  0.000000 ) 
 ( -0.046506  0.000000 -0.296008  0.000000 -0.423637  0.000000 ) 
 (  0.032123  0.000000 -0.305745  0.000000 -0.385209  0.000000 ) 
 ( -0.031046  0.000000 -0.293732  0.000000 -0.409471  0.000000 ) 
     freq (    3) =       1.156763 [THz] =      38.585452 [cm-1]
 (  0.013041  0.000000 -0.188154  0.000000 -0.091196  0.000000 ) 
 (  0.730973  0.000000 -0.222260  0.000000  0.127014  0.000000 ) 
 (  0.230173  0.000000 -0.198285  0.000000  0.018455  0.000000 ) 
 (  0.453619  0.000000 -0.212667  0.000000  0.112355  0.000000 ) 
     freq (    4) =       2.578830 [THz] =      86.020496 [cm-1]
 (  0.786242  0.000000 -0.070230  0.000000  0.392279  0.000000 ) 
 (  0.047054  0.000000  0.029142  0.000000 -0.012449  0.000000 ) 
 (  0.189084  0.000000  0.001913  0.000000  0.095958  0.000000 ) 
 ( -0.379787  0.000000  0.066367  0.000000 -0.161815  0.000000 ) 
     freq (    5) =       3.260577 [THz] =     108.761134 [cm-1]
 ( -0.302914  0.000000 -0.356885  0.000000  0.470139  0.000000 ) 
 (  0.047629  0.000000  0.042909  0.000000 -0.184587  0.000000 ) 
 ( -0.162553  0.000000 -0.108228  0.000000  0.432873  0.000000 ) 
 ( -0.159244  0.000000  0.054629  0.000000  0.517498  0.000000 ) 
     freq (    6) =       5.216362 [THz] =     173.999094 [cm-1]
 ( -0.290918  0.000000 -0.099754  0.000000 -0.082439  0.000000 ) 
 (  0.083429  0.000000 -0.002391  0.000000  0.055845  0.000000 ) 
 ( -0.470107  0.000000  0.013106  0.000000 -0.218431  0.000000 ) 
 ( -0.726679  0.000000  0.108926  0.000000 -0.282355  0.000000 ) 
     freq (    7) =       6.496146 [THz] =     216.688098 [cm-1]
 ( -0.019317  0.000000  0.807388  0.000000  0.125478  0.000000 ) 
 (  0.029696  0.000000 -0.098925  0.000000 -0.070467  0.000000 ) 
 ( -0.218621  0.000000  0.187039  0.000000  0.352275  0.000000 ) 
 ( -0.140787  0.000000 -0.299439  0.000000  0.003362  0.000000 ) 
     freq (    8) =      11.643230 [THz] =     388.376334 [cm-1]
 (  0.032538  0.000000 -0.104710  0.000000 -0.039439  0.000000 ) 
 (  0.008298  0.000000  0.196721  0.000000  0.019821  0.000000 ) 
 ( -0.145564  0.000000 -0.416991  0.000000  0.051056  0.000000 ) 
 (  0.009233  0.000000 -0.853400  0.000000 -0.145625  0.000000 ) 
     freq (    9) =      12.599354 [THz] =     420.269212 [cm-1]
 ( -0.310187  0.000000  0.015972  0.000000 -0.167866  0.000000 ) 
 ( -0.002008  0.000000  0.007370  0.000000  0.001417  0.000000 ) 
 (  0.771442  0.000000 -0.072035  0.000000  0.364782  0.000000 ) 
 ( -0.327640  0.000000 -0.032057  0.000000 -0.183127  0.000000 ) 
     freq (   10) =      25.009880 [THz] =     834.239798 [cm-1]
 (  0.239679  0.000000  0.213332  0.000000 -0.480012  0.000000 ) 
 (  0.003171  0.000000  0.012627  0.000000 -0.004612  0.000000 ) 
 (  0.013485  0.000000 -0.474841  0.000000 -0.086634  0.000000 ) 
 ( -0.273745  0.000000  0.117710  0.000000  0.586931  0.000000 ) 
     freq (   11) =      35.002595 [THz] =    1167.560906 [cm-1]
 ( -0.005852  0.000000 -0.095950  0.000000  0.004020  0.000000 ) 
 (  0.001400  0.000000 -0.007631  0.000000 -0.002970  0.000000 ) 
 (  0.248039  0.000000  0.617866  0.000000 -0.433038  0.000000 ) 
 ( -0.215397  0.000000 -0.394941  0.000000  0.396859  0.000000 ) 
     freq (   12) =      43.201918 [THz] =    1441.060858 [cm-1]
 ( -0.227030  0.000000  0.302634  0.000000  0.516673  0.000000 ) 
 (  0.001678  0.000000  0.003303  0.000000 -0.002308  0.000000 ) 
 (  0.254075  0.000000 -0.431319  0.000000 -0.580292  0.000000 ) 
 ( -0.002734  0.000000  0.050043  0.000000  0.007707  0.000000 ) 
 **************************************************************************
