Dynamical matrix file
                                                                           
  3    4  0  6.4086764  0.0000000  0.0000000  0.0000000  0.0000000  0.0000000
Basis vectors
      0.995986577    0.089502726    0.000000000
      0.134887988    1.447985439    0.000000000
      0.000000000    0.000000000    6.526971599
           1  'Ag  '    98315.6675103240     
           2  'N   '    12766.3260662741     
           3  'O   '    14582.5610075711     
    1    3      0.3477540960      0.1162668182      3.5996371043
    2    1      0.6086335161      0.7881073477      3.2026757464
    3    2      0.6137789319      1.4069365990      3.3027802314
    4    3      0.6228736033      0.1745303799      3.0277932189

     Dynamical  Matrix in cartesian axes

     q = (    0.321855632   0.142671008   0.000000000 ) 

    1    1
  0.22129013  0.00000000   -0.13941740 -0.00071697   -0.40449732  0.00193604
 -0.13941740  0.00071697    0.34195210  0.00000000    0.33814901 -0.00212161
 -0.40449732 -0.00193604    0.33814901  0.00212161    0.93899051  0.00000000
    1    2
 -0.01174278 -0.00702472    0.00349511 -0.00060636   -0.00297141 -0.01091320
  0.00342646 -0.00818528   -0.00219639  0.00479143   -0.01382090  0.02210679
 -0.00090915 -0.00935791   -0.00291491  0.00798158   -0.01265861  0.01334884
    1    3
  0.00354502  0.18597891    0.00152763 -0.13634768    0.00047691 -0.27652667
 -0.00084560 -0.14462897    0.00335341  0.46629903    0.00652036  0.35388494
  0.00251389 -0.28019463   -0.00340904  0.34108175   -0.00130999  0.69622946
    1    4
 -0.02176095  0.00245962   -0.00161719 -0.00121568    0.12426481  0.00419089
 -0.01519139  0.00104508    0.13578341 -0.00043084    0.04403341 -0.00400962
  0.12116683  0.00284992    0.01987170  0.00328664   -0.21655459  0.00106387
    2    1
 -0.01174278  0.00702472    0.00342646  0.00818528   -0.00090915  0.00935791
  0.00349511  0.00060636   -0.00219639 -0.00479143   -0.00291491 -0.00798158
 -0.00297141  0.01091320   -0.01382090 -0.02210679   -0.01265861 -0.01334884
    2    2
  0.01151238 -0.00000000    0.00749962 -0.00003859   -0.00332657  0.00102540
  0.00749962  0.00003859    0.30576138 -0.00000000    0.03865211 -0.00040144
 -0.00332657 -0.00102540    0.03865211  0.00040144    0.03780674  0.00000000
    2    3
 -0.02857978 -0.02342869    0.00048497  0.00610602   -0.01268192  0.00832311
  0.00236305  0.01229352   -0.13216427  0.05124613   -0.01946168 -0.01178018
 -0.01467841  0.00738450   -0.01725907 -0.01294710   -0.00752673 -0.03910919
    2    4
 -0.02948592  0.00451047   -0.00501747 -0.00986830    0.00842820  0.00591305
  0.00351241 -0.00654820   -0.10350944 -0.01536675   -0.02814151  0.00947319
  0.00825772  0.00648209   -0.01146823  0.01496473   -0.04491218 -0.00417399
    3    1
  0.00354502 -0.18597891   -0.00084560  0.14462897    0.00251389  0.28019463
  0.00152763  0.13634768    0.00335341 -0.46629903   -0.00340904 -0.34108175
  0.00047691  0.27652667    0.00652036 -0.35388494   -0.00130999 -0.69622946
    3    2
 -0.02857978  0.02342869    0.00236305 -0.01229352   -0.01467841 -0.00738450
  0.00048497 -0.00610602   -0.13216427 -0.05124613   -0.01725907  0.01294710
 -0.01268192 -0.00832311   -0.01946168  0.01178018   -0.00752673  0.03910919
    3    3
  0.34703297  0.00000000   -0.01766206 -0.00173812   -0.40611322  0.00101841
 -0.01766206  0.00173812    1.09387715  0.00000000    0.16763362 -0.00930590
 -0.40611322 -0.00101841    0.16763362  0.00930590    1.00950833  0.00000000
    3    4
  0.00808218 -0.14397093    0.00396084 -0.11210681    0.00112630  0.14379854
  0.00009611 -0.10921053    0.01929496 -0.44969470   -0.00138757  0.17884771
  0.00056226  0.14485109   -0.00018495  0.18396332    0.00905881 -0.34406037
    4    1
 -0.02176095 -0.00245962   -0.01519139 -0.00104508    0.12116683 -0.00284992
 -0.00161719  0.00121568    0.13578341  0.00043084    0.01987170 -0.00328664
  0.12426481 -0.00419089    0.04403341  0.00400962   -0.21655459 -0.00106387
    4    2
 -0.02948592 -0.00451047    0.00351241  0.00654820    0.00825772 -0.00648209
 -0.00501747  0.00986830   -0.10350944  0.01536675   -0.01146823 -0.01496473
  0.00842820 -0.00591305   -0.02814151 -0.00947319   -0.04491218  0.00417399
    4    3
  0.00808218  0.14397093    0.00009611  0.10921053    0.00056226 -0.14485109
  0.00396084  0.11210681    0.01929496  0.44969470   -0.00018495 -0.18396332
  0.00112630 -0.14379854   -0.00138757 -0.17884771    0.00905881  0.34406037
    4    4
  0.19692500 -0.00000000    0.12735759  0.00347687   -0.27342199 -0.00168403
  0.12735759 -0.00347687    0.41485893 -0.00000000   -0.20422467  0.00092768
 -0.27342199  0.00168403   -0.20422467 -0.00092768    0.60247348  0.00000000

     Dynamical  Matrix in cartesian axes

     q = (   -0.321855632  -0.142671008   0.000000000 ) 

    1    1
  0.22129013 -0.00000000   -0.13941740  0.00071697   -0.40449732 -0.00193604
 -0.13941740 -0.00071697    0.34195210 -0.00000000    0.33814901  0.00212161
 -0.40449732  0.00193604    0.33814901 -0.00212161    0.93899051  0.00000000
    1    2
 -0.01174278  0.00702472    0.00349511  0.00060636   -0.00297141  0.01091320
  0.00342646  0.00818528   -0.00219639 -0.00479143   -0.01382090 -0.02210679
 -0.00090915  0.00935791   -0.00291491 -0.00798158   -0.01265861 -0.01334884
    1    3
  0.00354502 -0.18597891    0.00152763  0.13634768    0.00047691  0.27652667
 -0.00084560  0.14462897    0.00335341 -0.46629903    0.00652036 -0.35388494
  0.00251389  0.28019463   -0.00340904 -0.34108175   -0.00130999 -0.69622946
    1    4
 -0.02176095 -0.00245962   -0.00161719  0.00121568    0.12426481 -0.00419089
 -0.01519139 -0.00104508    0.13578341  0.00043084    0.04403341  0.00400962
  0.12116683 -0.00284992    0.01987170 -0.00328664   -0.21655459 -0.00106387
    2    1
 -0.01174278 -0.00702472    0.00342646 -0.00818528   -0.00090915 -0.00935791
  0.00349511 -0.00060636   -0.00219639  0.00479143   -0.00291491  0.00798158
 -0.00297141 -0.01091320   -0.01382090  0.02210679   -0.01265861  0.01334884
    2    2
  0.01151238  0.00000000    0.00749962  0.00003859   -0.00332657 -0.00102540
  0.00749962 -0.00003859    0.30576138  0.00000000    0.03865211  0.00040144
 -0.00332657  0.00102540    0.03865211 -0.00040144    0.03780674  0.00000000
    2    3
 -0.02857978  0.02342869    0.00048497 -0.00610602   -0.01268192 -0.00832311
  0.00236305 -0.01229352   -0.13216427 -0.05124613   -0.01946168  0.01178018
 -0.01467841 -0.00738450   -0.01725907  0.01294710   -0.00752673  0.03910919
    2    4
 -0.02948592 -0.00451047   -0.00501747  0.00986830    0.00842820 -0.00591305
  0.00351241  0.00654820   -0.10350944  0.01536675   -0.02814151 -0.00947319
  0.00825772 -0.00648209   -0.01146823 -0.01496473   -0.04491218  0.00417399
    3    1
  0.00354502  0.18597891   -0.00084560 -0.14462897    0.00251389 -0.28019463
  0.00152763 -0.13634768    0.00335341  0.46629903   -0.00340904  0.34108175
  0.00047691 -0.27652667    0.00652036  0.35388494   -0.00130999  0.69622946
    3    2
 -0.02857978 -0.02342869    0.00236305  0.01229352   -0.01467841  0.00738450
  0.00048497  0.00610602   -0.13216427  0.05124613   -0.01725907 -0.01294710
 -0.01268192  0.00832311   -0.01946168 -0.01178018   -0.00752673 -0.03910919
    3    3
  0.34703297 -0.00000000   -0.01766206  0.00173812   -0.40611322 -0.00101841
 -0.01766206 -0.00173812    1.09387715 -0.00000000    0.16763362  0.00930590
 -0.40611322  0.00101841    0.16763362 -0.00930590    1.00950833  0.00000000
    3    4
  0.00808218  0.14397093    0.00396084  0.11210681    0.00112630 -0.14379854
  0.00009611  0.10921053    0.01929496  0.44969470   -0.00138757 -0.17884771
  0.00056226 -0.14485109   -0.00018495 -0.18396332    0.00905881  0.34406037
    4    1
 -0.02176095  0.00245962   -0.01519139  0.00104508    0.12116683  0.00284992
 -0.00161719 -0.00121568    0.13578341 -0.00043084    0.01987170  0.00328664
  0.12426481  0.00419089    0.04403341 -0.00400962   -0.21655459  0.00106387
    4    2
 -0.02948592  0.00451047    0.00351241 -0.00654820    0.00825772  0.00648209
 -0.00501747 -0.00986830   -0.10350944 -0.01536675   -0.01146823  0.01496473
  0.00842820  0.00591305   -0.02814151  0.00947319   -0.04491218 -0.00417399
    4    3
  0.00808218 -0.14397093    0.00009611 -0.10921053    0.00056226  0.14485109
  0.00396084 -0.11210681    0.01929496 -0.44969470   -0.00018495  0.18396332
  0.00112630  0.14379854   -0.00138757  0.17884771    0.00905881 -0.34406037
    4    4
  0.19692500  0.00000000    0.12735759 -0.00347687   -0.27342199  0.00168403
  0.12735759  0.00347687    0.41485893  0.00000000   -0.20422467 -0.00092768
 -0.27342199 -0.00168403   -0.20422467  0.00092768    0.60247348  0.00000000

     Diagonalizing the dynamical matrix

     q = (    0.321855632   0.142671008   0.000000000 ) 

 **************************************************************************
     freq (    1) =      -1.047853 [THz] =     -34.952627 [cm-1]
 (  0.089559  0.066748 -0.190529 -0.045253  0.120426 -0.144053 ) 
 ( -0.603900  0.503740  0.060162 -0.043385 -0.019389 -0.012395 ) 
 ( -0.253071  0.105550  0.041532 -0.053486  0.061377  0.057647 ) 
 ( -0.229163  0.376131  0.085132 -0.035931 -0.007075  0.000000 ) 
     freq (    2) =      -0.468883 [THz] =     -15.640263 [cm-1]
 ( -0.101155 -0.103428 -0.000165 -0.189018  0.414181 -0.124634 ) 
 (  0.014269  0.009534 -0.000220  0.006899  0.426179  0.347314 ) 
 (  0.016883 -0.046110  0.043382 -0.003724  0.166057  0.441131 ) 
 ( -0.006908  0.086980 -0.006544  0.092495  0.459321  0.000000 ) 
     freq (    3) =       2.254874 [THz] =      75.214495 [cm-1]
 ( -0.366056 -0.638865 -0.020478  0.160167  0.016776 -0.432266 ) 
 ( -0.019679 -0.038759  0.018386  0.009602 -0.107698 -0.014722 ) 
 (  0.137088 -0.089426 -0.054104 -0.006448  0.164364  0.138421 ) 
 (  0.136321  0.274545 -0.007427 -0.023939  0.244929  0.000000 ) 
     freq (    4) =       2.854796 [THz] =      95.225738 [cm-1]
 (  0.310687 -0.228340  0.460486  0.046122 -0.287694 -0.202175 ) 
 ( -0.036164  0.007103 -0.047058  0.255731  0.060905  0.075740 ) 
 (  0.016832  0.124440 -0.134401  0.234229  0.158793 -0.269636 ) 
 (  0.068465  0.131396  0.049737  0.227350 -0.415177  0.000000 ) 
     freq (    5) =       3.175643 [THz] =     105.928036 [cm-1]
 ( -0.290282  0.268368  0.117725  0.082261  0.343617  0.209341 ) 
 (  0.027531  0.077248 -0.012599  0.309995 -0.065766 -0.118488 ) 
 ( -0.053965 -0.180337 -0.172690  0.126415 -0.074964  0.411382 ) 
 ( -0.090172 -0.177329  0.101727  0.266039  0.403801  0.000000 ) 
     freq (    6) =       4.266919 [THz] =     142.329098 [cm-1]
 ( -0.237271 -0.099139 -0.051969  0.050379 -0.020293 -0.031833 ) 
 (  0.051232  0.043989 -0.013243 -0.009123  0.022995  0.026337 ) 
 (  0.143219 -0.482656 -0.026745  0.022382  0.040690 -0.165922 ) 
 ( -0.748693 -0.029974  0.089167 -0.000363 -0.260592  0.000000 ) 
     freq (    7) =       6.449406 [THz] =     215.129018 [cm-1]
 ( -0.037793 -0.017263 -0.205873 -0.799602 -0.005254 -0.081309 ) 
 (  0.029891  0.005709 -0.115560  0.036934 -0.081372  0.000432 ) 
 ( -0.149601 -0.031941  0.191163 -0.153627  0.312114 -0.021624 ) 
 ( -0.022169  0.068826 -0.165014  0.270033 -0.028594  0.000000 ) 
     freq (    8) =      10.866919 [THz] =     362.481404 [cm-1]
 ( -0.016221 -0.028165  0.075863 -0.115949  0.051554  0.006064 ) 
 ( -0.000961 -0.007129 -0.153974 -0.092123 -0.023122 -0.001825 ) 
 ( -0.051444  0.106130  0.003157  0.427172  0.010555 -0.078399 ) 
 (  0.020195 -0.009648  0.847868  0.027163  0.146602  0.000000 ) 
     freq (    9) =      13.328393 [THz] =     444.587340 [cm-1]
 ( -0.303262 -0.031279  0.021451  0.003784 -0.157244 -0.013520 ) 
 (  0.020147 -0.018655  0.002414 -0.000700  0.011100 -0.009335 ) 
 ( -0.117216  0.759018 -0.010638 -0.058037 -0.050977  0.357374 ) 
 ( -0.350999  0.000263  0.009466  0.027606 -0.181669  0.000000 ) 
     freq (   10) =      25.103693 [THz] =     837.369060 [cm-1]
 (  0.242937  0.006930  0.204932 -0.006312 -0.482818 -0.011803 ) 
 (  0.002562  0.000066 -0.001503  0.013542 -0.006725  0.001987 ) 
 (  0.005636  0.016758  0.013660 -0.467253  0.001628 -0.095735 ) 
 ( -0.272723  0.000469  0.123387 -0.003122  0.589744  0.000000 ) 
     freq (   11) =      35.459765 [THz] =    1182.810458 [cm-1]
 ( -0.006976 -0.002944 -0.101820  0.001965  0.001198  0.009099 ) 
 (  0.001480  0.000288 -0.000842 -0.005720 -0.002057 -0.001660 ) 
 ( -0.008318  0.246468 -0.010392  0.625395  0.012917 -0.424290 ) 
 ( -0.214512 -0.001677 -0.397148  0.005529  0.391710  0.000000 ) 
     freq (   12) =      43.215017 [THz] =    1441.497793 [cm-1]
 ( -0.224702  0.013812  0.300641 -0.022594  0.515761 -0.029497 ) 
 (  0.000996  0.000256  0.000473  0.003694 -0.002468 -0.000281 ) 
 (  0.014130  0.254667 -0.034619 -0.422280 -0.030571 -0.585991 ) 
 ( -0.004531 -0.000657  0.047888 -0.010130  0.014546  0.000000 ) 
 **************************************************************************
