Dynamical matrix file
                                                                           
  3    4  0  6.4086764  0.0000000  0.0000000  0.0000000  0.0000000  0.0000000
Basis vectors
      0.995986577    0.089502726    0.000000000
      0.134887988    1.447985439    0.000000000
      0.000000000    0.000000000    6.526971599
           1  'Ag  '    98315.6675103240     
           2  'N   '    12766.3260662741     
           3  'O   '    14582.5610075711     
    1    3      0.3477540960      0.1162668182      3.5996371043
    2    1      0.6086335161      0.7881073477      3.2026757464
    3    2      0.6137789319      1.4069365990      3.3027802314
    4    3      0.6228736033      0.1745303799      3.0277932189

     Dynamical  Matrix in cartesian axes

     q = (    0.353148076  -0.205551399   0.000000000 ) 

    1    1
  0.22024293 -0.00000000   -0.14153377  0.00264414   -0.40399822  0.00225435
 -0.14153377 -0.00264414    0.34324167 -0.00000000    0.33844245  0.00085588
 -0.40399822 -0.00225435    0.33844245 -0.00085588    0.93675343  0.00000000
    1    2
 -0.01187702  0.00440058    0.00617219  0.00450488   -0.00318579  0.00615029
  0.00753781  0.00977014   -0.00355156 -0.00769563   -0.01411314 -0.01962661
  0.00063465  0.00949623   -0.00590628 -0.01280193   -0.01189994 -0.00966123
    1    3
  0.00342458 -0.18362478    0.00445845  0.14048552    0.00235681  0.27590189
 -0.00702547  0.14581352    0.00253452 -0.46836942    0.00723028 -0.35514912
 -0.00235637  0.28005886   -0.00657458 -0.34344089    0.00529145 -0.69296485
    1    4
 -0.02335380  0.00266204   -0.00492655  0.00506084    0.12577182  0.00110391
 -0.01791475 -0.00347318    0.13717144 -0.00032582    0.04395314  0.00457729
  0.12179308 -0.00187376    0.02307600 -0.00453806   -0.21854977  0.00547225
    2    1
 -0.01187702 -0.00440058    0.00753781 -0.00977014    0.00063465 -0.00949623
  0.00617219 -0.00450488   -0.00355156  0.00769563   -0.00590628  0.01280193
 -0.00318579 -0.00615029   -0.01411314  0.01962661   -0.01189994  0.00966123
    2    2
  0.01125196 -0.00000000    0.00415475 -0.00046392   -0.00314837  0.00071696
  0.00415475  0.00046392    0.30726189 -0.00000000    0.03792409  0.00010658
 -0.00314837 -0.00071696    0.03792409 -0.00010658    0.03812209  0.00000000
    2    3
 -0.02505624  0.02382629   -0.00213469 -0.01465933   -0.01187838 -0.01042804
 -0.00227858 -0.01789095   -0.12927543 -0.05323993   -0.01180514  0.01798574
 -0.00959122 -0.00665437   -0.01635499  0.01474664   -0.01485864  0.03782779
    2    4
 -0.02815548 -0.00406424   -0.00107138  0.00777356    0.00787608 -0.00503837
  0.00717535  0.00395127   -0.10071025  0.01406202   -0.03070465 -0.00715701
  0.00697575 -0.00427737   -0.01223848 -0.01221968   -0.04451170  0.00080642
    3    1
  0.00342458  0.18362478   -0.00702547 -0.14581352   -0.00235637 -0.28005886
  0.00445845 -0.14048552    0.00253452  0.46836942   -0.00657458  0.34344089
  0.00235681 -0.27590189    0.00723028  0.35514912    0.00529145  0.69296485
    3    2
 -0.02505624 -0.02382629   -0.00227858  0.01789095   -0.00959122  0.00665437
 -0.00213469  0.01465933   -0.12927543  0.05323993   -0.01635499 -0.01474664
 -0.01187838  0.01042804   -0.01180514 -0.01798574   -0.01485864 -0.03782779
    3    3
  0.34380164  0.00000000   -0.02244244  0.00833414   -0.40577375  0.00513941
 -0.02244244 -0.00833414    1.09580949  0.00000000    0.17190692  0.01680804
 -0.40577375 -0.00513941    0.17190692 -0.01680804    1.00513952  0.00000000
    3    4
  0.01117738  0.14129042   -0.00398130  0.11063418   -0.00022078 -0.14179415
  0.00362098  0.10441512    0.02051814  0.44791084   -0.00434937 -0.17704159
  0.00407485 -0.14301105    0.00177128 -0.17860897    0.00500843  0.34092898
    4    1
 -0.02335380 -0.00266204   -0.01791475  0.00347318    0.12179308  0.00187376
 -0.00492655 -0.00506084    0.13717144  0.00032582    0.02307600  0.00453806
  0.12577182 -0.00110391    0.04395314 -0.00457729   -0.21854977 -0.00547225
    4    2
 -0.02815548  0.00406424    0.00717535 -0.00395127    0.00697575  0.00427737
 -0.00107138 -0.00777356   -0.10071025 -0.01406202   -0.01223848  0.01221968
  0.00787608  0.00503837   -0.03070465  0.00715701   -0.04451170 -0.00080642
    4    3
  0.01117738 -0.14129042    0.00362098 -0.10441512    0.00407485  0.14301105
 -0.00398130 -0.11063418    0.02051814 -0.44791084    0.00177128  0.17860897
 -0.00022078  0.14179415   -0.00434937  0.17704159    0.00500843 -0.34092898
    4    4
  0.19447994 -0.00000000    0.12258884  0.00135515   -0.27137047 -0.00064443
  0.12258884 -0.00135515    0.41242389  0.00000000   -0.20148724 -0.00052101
 -0.27137047  0.00064443   -0.20148724  0.00052101    0.60067500  0.00000000

     Dynamical  Matrix in cartesian axes

     q = (   -0.353148076   0.205551399   0.000000000 ) 

    1    1
  0.22024293  0.00000000   -0.14153377 -0.00264414   -0.40399822 -0.00225435
 -0.14153377  0.00264414    0.34324167  0.00000000    0.33844245 -0.00085588
 -0.40399822  0.00225435    0.33844245  0.00085588    0.93675343  0.00000000
    1    2
 -0.01187702 -0.00440058    0.00617219 -0.00450488   -0.00318579 -0.00615029
  0.00753781 -0.00977014   -0.00355156  0.00769563   -0.01411314  0.01962661
  0.00063465 -0.00949623   -0.00590628  0.01280193   -0.01189994  0.00966123
    1    3
  0.00342458  0.18362478    0.00445845 -0.14048552    0.00235681 -0.27590189
 -0.00702547 -0.14581352    0.00253452  0.46836942    0.00723028  0.35514912
 -0.00235637 -0.28005886   -0.00657458  0.34344089    0.00529145  0.69296485
    1    4
 -0.02335380 -0.00266204   -0.00492655 -0.00506084    0.12577182 -0.00110391
 -0.01791475  0.00347318    0.13717144  0.00032582    0.04395314 -0.00457729
  0.12179308  0.00187376    0.02307600  0.00453806   -0.21854977 -0.00547225
    2    1
 -0.01187702  0.00440058    0.00753781  0.00977014    0.00063465  0.00949623
  0.00617219  0.00450488   -0.00355156 -0.00769563   -0.00590628 -0.01280193
 -0.00318579  0.00615029   -0.01411314 -0.01962661   -0.01189994 -0.00966123
    2    2
  0.01125196  0.00000000    0.00415475  0.00046392   -0.00314837 -0.00071696
  0.00415475 -0.00046392    0.30726189  0.00000000    0.03792409 -0.00010658
 -0.00314837  0.00071696    0.03792409  0.00010658    0.03812209  0.00000000
    2    3
 -0.02505624 -0.02382629   -0.00213469  0.01465933   -0.01187838  0.01042804
 -0.00227858  0.01789095   -0.12927543  0.05323993   -0.01180514 -0.01798574
 -0.00959122  0.00665437   -0.01635499 -0.01474664   -0.01485864 -0.03782779
    2    4
 -0.02815548  0.00406424   -0.00107138 -0.00777356    0.00787608  0.00503837
  0.00717535 -0.00395127   -0.10071025 -0.01406202   -0.03070465  0.00715701
  0.00697575  0.00427737   -0.01223848  0.01221968   -0.04451170 -0.00080642
    3    1
  0.00342458 -0.18362478   -0.00702547  0.14581352   -0.00235637  0.28005886
  0.00445845  0.14048552    0.00253452 -0.46836942   -0.00657458 -0.34344089
  0.00235681  0.27590189    0.00723028 -0.35514912    0.00529145 -0.69296485
    3    2
 -0.02505624  0.02382629   -0.00227858 -0.01789095   -0.00959122 -0.00665437
 -0.00213469 -0.01465933   -0.12927543 -0.05323993   -0.01635499  0.01474664
 -0.01187838 -0.01042804   -0.01180514  0.01798574   -0.01485864  0.03782779
    3    3
  0.34380164 -0.00000000   -0.02244244 -0.00833414   -0.40577375 -0.00513941
 -0.02244244  0.00833414    1.09580949 -0.00000000    0.17190692 -0.01680804
 -0.40577375  0.00513941    0.17190692  0.01680804    1.00513952  0.00000000
    3    4
  0.01117738 -0.14129042   -0.00398130 -0.11063418   -0.00022078  0.14179415
  0.00362098 -0.10441512    0.02051814 -0.44791084   -0.00434937  0.17704159
  0.00407485  0.14301105    0.00177128  0.17860897    0.00500843 -0.34092898
    4    1
 -0.02335380  0.00266204   -0.01791475 -0.00347318    0.12179308 -0.00187376
 -0.00492655  0.00506084    0.13717144 -0.00032582    0.02307600 -0.00453806
  0.12577182  0.00110391    0.04395314  0.00457729   -0.21854977  0.00547225
    4    2
 -0.02815548 -0.00406424    0.00717535  0.00395127    0.00697575 -0.00427737
 -0.00107138  0.00777356   -0.10071025  0.01406202   -0.01223848 -0.01221968
  0.00787608 -0.00503837   -0.03070465 -0.00715701   -0.04451170  0.00080642
    4    3
  0.01117738  0.14129042    0.00362098  0.10441512    0.00407485 -0.14301105
 -0.00398130  0.11063418    0.02051814  0.44791084    0.00177128 -0.17860897
 -0.00022078 -0.14179415   -0.00434937 -0.17704159    0.00500843  0.34092898
    4    4
  0.19447994  0.00000000    0.12258884 -0.00135515   -0.27137047  0.00064443
  0.12258884  0.00135515    0.41242389 -0.00000000   -0.20148724  0.00052101
 -0.27137047 -0.00064443   -0.20148724 -0.00052101    0.60067500  0.00000000

     Diagonalizing the dynamical matrix

     q = (    0.353148076  -0.205551399   0.000000000 ) 

 **************************************************************************
     freq (    1) =      -0.892036 [THz] =     -29.755123 [cm-1]
 (  0.051961  0.015775 -0.117061 -0.169908 -0.232801  0.159282 ) 
 (  0.023261 -0.745353 -0.002780  0.041996 -0.088121  0.117704 ) 
 ( -0.065589 -0.199766 -0.047610  0.035594  0.055157  0.207795 ) 
 (  0.136046 -0.377496  0.046837  0.080286 -0.178366  0.000000 ) 
     freq (    2) =      -0.357661 [THz] =     -11.930296 [cm-1]
 (  0.055048  0.158350 -0.002949 -0.189540 -0.407766  0.047570 ) 
 ( -0.039428  0.166735  0.003357 -0.007296 -0.378938  0.404803 ) 
 (  0.034051  0.022339 -0.043994 -0.008896 -0.085745  0.452209 ) 
 ( -0.042497 -0.007487  0.015140  0.087379 -0.453102  0.000000 ) 
     freq (    3) =       2.182013 [THz] =      72.784104 [cm-1]
 ( -0.411164 -0.603296 -0.081371  0.114959 -0.114998 -0.385144 ) 
 ( -0.022763 -0.015305  0.034305  0.026805  0.009758  0.101057 ) 
 ( -0.195293  0.023180  0.063012  0.034916 -0.186331 -0.032675 ) 
 (  0.314569  0.190844  0.002940  0.022677  0.238899  0.000000 ) 
     freq (    4) =       2.846974 [THz] =      94.964845 [cm-1]
 (  0.347362 -0.225612  0.369688  0.169018 -0.358947 -0.155614 ) 
 ( -0.036063 -0.004203  0.032341 -0.146746  0.091697 -0.065261 ) 
 ( -0.050798 -0.213826  0.010426 -0.195747  0.003207  0.348767 ) 
 (  0.175168  0.158096  0.074197 -0.130288 -0.432486  0.000000 ) 
     freq (    5) =       3.151948 [THz] =     105.137673 [cm-1]
 ( -0.178184  0.070532  0.260965 -0.013624  0.355885  0.039133 ) 
 (  0.025375 -0.057621  0.105696 -0.417080 -0.092804  0.104356 ) 
 (  0.006133  0.116048 -0.157728 -0.258517  0.083993 -0.403246 ) 
 ( -0.113269  0.039702  0.227029 -0.307210  0.350721  0.000000 ) 
     freq (    6) =       4.366314 [THz] =     145.644566 [cm-1]
 ( -0.219941 -0.253350 -0.040573 -0.002715 -0.035495 -0.136592 ) 
 (  0.054569 -0.032715 -0.023397 -0.013111  0.028929 -0.025025 ) 
 ( -0.017738  0.478726 -0.016938 -0.026106 -0.026156  0.183816 ) 
 ( -0.716967  0.029231  0.075498 -0.020790 -0.271434  0.000000 ) 
     freq (    7) =       6.421001 [THz] =     214.181524 [cm-1]
 ( -0.010095  0.013057 -0.260235  0.782092 -0.005339  0.084084 ) 
 (  0.031310 -0.003238 -0.112073 -0.041648 -0.080761 -0.006102 ) 
 ( -0.175994 -0.004004  0.182215  0.166741  0.301589  0.037990 ) 
 (  0.010144 -0.073191 -0.150134 -0.280124 -0.023027  0.000000 ) 
     freq (    8) =      10.883458 [THz] =     363.033096 [cm-1]
 ( -0.021231  0.001022  0.060358  0.126844  0.053790 -0.011213 ) 
 ( -0.004092  0.008468 -0.165110  0.068467 -0.024101 -0.000134 ) 
 (  0.041463 -0.101337  0.059954 -0.422719  0.036954  0.078130 ) 
 (  0.016440 -0.030354  0.843143  0.095434  0.145755  0.000000 ) 
     freq (    9) =      13.199307 [THz] =     440.281484 [cm-1]
 ( -0.301479  0.005442  0.019134  0.005478 -0.156256  0.007866 ) 
 (  0.018936  0.016658 -0.005330 -0.005123  0.011053  0.007808 ) 
 ( -0.091891 -0.762146  0.033976  0.052174 -0.046444 -0.357106 ) 
 ( -0.352035 -0.007664  0.006497  0.045286 -0.185427  0.000000 ) 
     freq (   10) =      25.123087 [THz] =     838.015962 [cm-1]
 (  0.241617 -0.003717  0.204605  0.005304 -0.484503  0.014655 ) 
 (  0.003334 -0.000232 -0.001627 -0.013265 -0.006776 -0.002011 ) 
 ( -0.003080 -0.017014  0.018036  0.466551 -0.003123  0.093387 ) 
 ( -0.274765  0.001222  0.123644  0.001666  0.588817  0.000000 ) 
     freq (   11) =      35.292103 [THz] =    1177.217856 [cm-1]
 ( -0.006905  0.008991 -0.097930 -0.008585  0.006627 -0.020024 ) 
 (  0.000884 -0.000133 -0.001646  0.006129 -0.001906  0.001058 ) 
 ( -0.013501 -0.248233 -0.004070 -0.620814  0.024665  0.431978 ) 
 ( -0.211601 -0.000998 -0.395459 -0.004417  0.392546  0.000000 ) 
     freq (   12) =      43.244082 [THz] =    1442.467305 [cm-1]
 ( -0.179108 -0.136220  0.235783  0.190558  0.406439  0.315560 ) 
 (  0.001412  0.000479  0.001824 -0.002464 -0.001843 -0.001528 ) 
 (  0.147286 -0.206315 -0.280776  0.328126 -0.346338  0.467594 ) 
 ( -0.006215  0.002340  0.033397  0.044327  0.013797  0.000000 ) 
 **************************************************************************
