Dynamical matrix file
                                                                           
  3    4  0  6.4086764  0.0000000  0.0000000  0.0000000  0.0000000  0.0000000
Basis vectors
      0.995986577    0.089502726    0.000000000
      0.134887988    1.447985439    0.000000000
      0.000000000    0.000000000    6.526971599
           1  'Ag  '    98315.6675103240     
           2  'N   '    12766.3260662741     
           3  'O   '    14582.5610075711     
    1    3      0.3477540960      0.1162668182      3.5996371043
    2    1      0.6086335161      0.7881073477      3.2026757464
    3    2      0.6137789319      1.4069365990      3.3027802314
    4    3      0.6228736033      0.1745303799      3.0277932189

     Dynamical  Matrix in cartesian axes

     q = (    0.337501854  -0.031440196   0.000000000 ) 

    1    1
  0.22112580 -0.00000000   -0.14340390 -0.00020479   -0.40677787  0.00212019
 -0.14340390  0.00020479    0.34356151  0.00000000    0.34150503 -0.00084112
 -0.40677787 -0.00212019    0.34150503  0.00084112    0.94054801  0.00000000
    1    2
 -0.00644028 -0.00038655    0.00851087  0.00112679    0.00524306 -0.00216975
  0.01548814 -0.00232320   -0.00726612 -0.00038107   -0.03441211  0.00117399
  0.00940187 -0.00153762   -0.01589840 -0.00064276   -0.02366683  0.00124220
    1    3
 -0.18149043  0.00081483    0.14394390  0.00200477    0.28108867 -0.00140953
  0.14655931  0.00155871   -0.46973497 -0.00136625   -0.35655093  0.00035207
  0.28413559  0.00286708   -0.34889910 -0.00061789   -0.69768780 -0.00299485
    1    4
 -0.02435563  0.00103525   -0.00531689 -0.00081019    0.12337837  0.00331275
 -0.01963259  0.00132962    0.13143730  0.00038183    0.04886793 -0.00015538
  0.11895456  0.00168460    0.02161336  0.00026968   -0.21597220  0.00309109
    2    1
 -0.00644028  0.00038655    0.01548814  0.00232320    0.00940187  0.00153762
  0.00851087 -0.00112679   -0.00726612  0.00038107   -0.01589840  0.00064276
  0.00524306  0.00216975   -0.03441211 -0.00117399   -0.02366683 -0.00124220
    2    2
  0.01539042  0.00000000    0.00411398 -0.00014210   -0.00083386  0.00081481
  0.00411398  0.00014210    0.30326178  0.00000000    0.03838467 -0.00025406
 -0.00083386 -0.00081481    0.03838467  0.00025406    0.03733861  0.00000000
    2    3
 -0.00400414 -0.00104256   -0.01109088 -0.00540685   -0.02242702 -0.00231625
 -0.01582873  0.00079242   -0.18483442 -0.00143626    0.00109585 -0.00046965
 -0.01921275 -0.00200669   -0.00293244 -0.00011279    0.02668509  0.00260865
    2    4
 -0.02548591  0.00081703   -0.01101098  0.00239886    0.01320523  0.00032259
  0.00150517 -0.00049998   -0.11364666  0.00017877   -0.02228377 -0.00008279
  0.01226545  0.00053520    0.00093613  0.00114255   -0.04687660 -0.00146566
    3    1
 -0.18149043 -0.00081483    0.14655931 -0.00155871    0.28413559 -0.00286708
  0.14394390 -0.00200477   -0.46973497  0.00136625   -0.34889910  0.00061789
  0.28108867  0.00140953   -0.35655093 -0.00035207   -0.69768780  0.00299485
    3    2
 -0.00400414  0.00104256   -0.01582873 -0.00079242   -0.01921275  0.00200669
 -0.01109088  0.00540685   -0.18483442  0.00143626   -0.00293244  0.00011279
 -0.02242702  0.00231625    0.00109585  0.00046965    0.02668509 -0.00260865
    3    3
  0.33546336  0.00000000   -0.02649081  0.00022303   -0.40815574  0.00387293
 -0.02649081 -0.00022303    1.08950400  0.00000000    0.17672389 -0.00079188
 -0.40815574 -0.00387293    0.17672389  0.00079188    1.00421232  0.00000000
    3    4
 -0.13096577  0.00231960   -0.10934965 -0.00047773    0.14399522 -0.00119737
 -0.10566876 -0.00253202   -0.43352210 -0.00044617    0.17627560  0.00001104
  0.14646729  0.00044937    0.18049262 -0.00112885   -0.33518354 -0.00173153
    4    1
 -0.02435563 -0.00103525   -0.01963259 -0.00132962    0.11895456 -0.00168460
 -0.00531689  0.00081019    0.13143730 -0.00038183    0.02161336 -0.00026968
  0.12337837 -0.00331275    0.04886793  0.00015538   -0.21597220 -0.00309109
    4    2
 -0.02548591 -0.00081703    0.00150517  0.00049998    0.01226545 -0.00053520
 -0.01101098 -0.00239886   -0.11364666 -0.00017877    0.00093613 -0.00114255
  0.01320523 -0.00032259   -0.02228377  0.00008279   -0.04687660  0.00146566
    4    3
 -0.13096577 -0.00231960   -0.10566876  0.00253202    0.14646729 -0.00044937
 -0.10934965  0.00047773   -0.43352210  0.00044617    0.18049262  0.00112885
  0.14399522  0.00119737    0.17627560 -0.00001104   -0.33518354  0.00173153
    4    4
  0.19429068  0.00000000    0.12558132 -0.00052838   -0.27382393 -0.00113297
  0.12558132  0.00052838    0.41536739  0.00000000   -0.20356416 -0.00045406
 -0.27382393  0.00113297   -0.20356416  0.00045406    0.60204769  0.00000000

     Dynamical  Matrix in cartesian axes

     q = (   -0.337501854   0.031440196   0.000000000 ) 

    1    1
  0.22112580  0.00000000   -0.14340390  0.00020479   -0.40677787 -0.00212019
 -0.14340390 -0.00020479    0.34356151 -0.00000000    0.34150503  0.00084112
 -0.40677787  0.00212019    0.34150503 -0.00084112    0.94054801  0.00000000
    1    2
 -0.00644028  0.00038655    0.00851087 -0.00112679    0.00524306  0.00216975
  0.01548814  0.00232320   -0.00726612  0.00038107   -0.03441211 -0.00117399
  0.00940187  0.00153762   -0.01589840  0.00064276   -0.02366683 -0.00124220
    1    3
 -0.18149043 -0.00081483    0.14394390 -0.00200477    0.28108867  0.00140953
  0.14655931 -0.00155871   -0.46973497  0.00136625   -0.35655093 -0.00035207
  0.28413559 -0.00286708   -0.34889910  0.00061789   -0.69768780  0.00299485
    1    4
 -0.02435563 -0.00103525   -0.00531689  0.00081019    0.12337837 -0.00331275
 -0.01963259 -0.00132962    0.13143730 -0.00038183    0.04886793  0.00015538
  0.11895456 -0.00168460    0.02161336 -0.00026968   -0.21597220 -0.00309109
    2    1
 -0.00644028 -0.00038655    0.01548814 -0.00232320    0.00940187 -0.00153762
  0.00851087  0.00112679   -0.00726612 -0.00038107   -0.01589840 -0.00064276
  0.00524306 -0.00216975   -0.03441211  0.00117399   -0.02366683  0.00124220
    2    2
  0.01539042 -0.00000000    0.00411398  0.00014210   -0.00083386 -0.00081481
  0.00411398 -0.00014210    0.30326178 -0.00000000    0.03838467  0.00025406
 -0.00083386  0.00081481    0.03838467 -0.00025406    0.03733861  0.00000000
    2    3
 -0.00400414  0.00104256   -0.01109088  0.00540685   -0.02242702  0.00231625
 -0.01582873 -0.00079242   -0.18483442  0.00143626    0.00109585  0.00046965
 -0.01921275  0.00200669   -0.00293244  0.00011279    0.02668509 -0.00260865
    2    4
 -0.02548591 -0.00081703   -0.01101098 -0.00239886    0.01320523 -0.00032259
  0.00150517  0.00049998   -0.11364666 -0.00017877   -0.02228377  0.00008279
  0.01226545 -0.00053520    0.00093613 -0.00114255   -0.04687660  0.00146566
    3    1
 -0.18149043  0.00081483    0.14655931  0.00155871    0.28413559  0.00286708
  0.14394390  0.00200477   -0.46973497 -0.00136625   -0.34889910 -0.00061789
  0.28108867 -0.00140953   -0.35655093  0.00035207   -0.69768780 -0.00299485
    3    2
 -0.00400414 -0.00104256   -0.01582873  0.00079242   -0.01921275 -0.00200669
 -0.01109088 -0.00540685   -0.18483442 -0.00143626   -0.00293244 -0.00011279
 -0.02242702 -0.00231625    0.00109585 -0.00046965    0.02668509  0.00260865
    3    3
  0.33546336 -0.00000000   -0.02649081 -0.00022303   -0.40815574 -0.00387293
 -0.02649081  0.00022303    1.08950400 -0.00000000    0.17672389  0.00079188
 -0.40815574  0.00387293    0.17672389 -0.00079188    1.00421232  0.00000000
    3    4
 -0.13096577 -0.00231960   -0.10934965  0.00047773    0.14399522  0.00119737
 -0.10566876  0.00253202   -0.43352210  0.00044617    0.17627560 -0.00001104
  0.14646729 -0.00044937    0.18049262  0.00112885   -0.33518354  0.00173153
    4    1
 -0.02435563  0.00103525   -0.01963259  0.00132962    0.11895456  0.00168460
 -0.00531689 -0.00081019    0.13143730  0.00038183    0.02161336  0.00026968
  0.12337837  0.00331275    0.04886793 -0.00015538   -0.21597220  0.00309109
    4    2
 -0.02548591  0.00081703    0.00150517 -0.00049998    0.01226545  0.00053520
 -0.01101098  0.00239886   -0.11364666  0.00017877    0.00093613  0.00114255
  0.01320523  0.00032259   -0.02228377 -0.00008279   -0.04687660 -0.00146566
    4    3
 -0.13096577  0.00231960   -0.10566876 -0.00253202    0.14646729  0.00044937
 -0.10934965 -0.00047773   -0.43352210 -0.00044617    0.18049262 -0.00112885
  0.14399522 -0.00119737    0.17627560  0.00001104   -0.33518354 -0.00173153
    4    4
  0.19429068 -0.00000000    0.12558132  0.00052838   -0.27382393  0.00113297
  0.12558132 -0.00052838    0.41536739 -0.00000000   -0.20356416  0.00045406
 -0.27382393 -0.00113297   -0.20356416 -0.00045406    0.60204769  0.00000000

     Diagonalizing the dynamical matrix

     q = (    0.337501854  -0.031440196   0.000000000 ) 

 **************************************************************************
     freq (    1) =      -0.829544 [THz] =     -27.670617 [cm-1]
 ( -0.005715  0.019589 -0.207097  0.228622  0.299039 -0.082299 ) 
 ( -0.370699  0.280881 -0.210356  0.237597  0.218838 -0.048281 ) 
 ( -0.147139  0.119987 -0.211049  0.238056  0.235779 -0.039257 ) 
 ( -0.269621  0.201099 -0.211772  0.239202  0.177204  0.000000 ) 
     freq (    2) =      -0.479117 [THz] =     -15.981637 [cm-1]
 (  0.092507  0.117304 -0.134871  0.171131 -0.362703  0.090795 ) 
 ( -0.133754 -0.001967 -0.102526  0.192236 -0.481125  0.009068 ) 
 ( -0.016986  0.027844 -0.115189  0.186161 -0.420494  0.043444 ) 
 ( -0.091384 -0.074631 -0.102151  0.198546 -0.449464  0.000000 ) 
     freq (    3) =      -0.293019 [THz] =      -9.774057 [cm-1]
 (  0.030121  0.145199  0.000687 -0.403168 -0.064198 -0.032305 ) 
 ( -0.154727  0.392907  0.015494 -0.406998 -0.148453  0.016048 ) 
 ( -0.038016  0.174325  0.007025 -0.398949 -0.098537 -0.016642 ) 
 ( -0.123174  0.219721  0.012819 -0.400525 -0.136882  0.000000 ) 
     freq (    4) =       2.374564 [THz] =      79.206940 [cm-1]
 (  0.579069  0.508009  0.014687 -0.123424  0.202875  0.347280 ) 
 (  0.037855  0.001865  0.012263  0.018015  0.047685 -0.078417 ) 
 (  0.135068  0.137757  0.021905 -0.031693  0.002277  0.143468 ) 
 ( -0.266658 -0.217204  0.040664  0.039186 -0.195692  0.000000 ) 
     freq (    5) =       3.217043 [THz] =     107.309001 [cm-1]
 ( -0.337382  0.195334 -0.344648 -0.050301  0.425618  0.154977 ) 
 (  0.057268  0.006882  0.045381  0.008853 -0.155870 -0.020779 ) 
 ( -0.194222  0.034927 -0.098658 -0.010992  0.392009  0.066201 ) 
 ( -0.182309 -0.126587  0.065425  0.021515  0.480095  0.000000 ) 
     freq (    6) =       4.990508 [THz] =     166.465443 [cm-1]
 ( -0.233834 -0.123132 -0.081681  0.018958 -0.076314 -0.059175 ) 
 (  0.093001  0.006882 -0.005157 -0.002946  0.060619  0.002410 ) 
 ( -0.453158 -0.057411  0.016670  0.004814 -0.223636 -0.025594 ) 
 ( -0.733067 -0.003093  0.102346 -0.000453 -0.306435  0.000000 ) 
     freq (    7) =       6.413735 [THz] =     213.939180 [cm-1]
 (  0.016965  0.010268 -0.798837 -0.080102 -0.133908 -0.012878 ) 
 ( -0.030606 -0.003109  0.097511  0.008902  0.071126  0.007681 ) 
 (  0.211244  0.034081 -0.182186 -0.017686 -0.362459 -0.032406 ) 
 (  0.129601  0.023134  0.301801  0.030058 -0.016288  0.000000 ) 
     freq (    8) =      11.619192 [THz] =     387.574521 [cm-1]
 ( -0.024320 -0.017135  0.107585  0.005837  0.043623 -0.004536 ) 
 ( -0.007840 -0.000600 -0.196813 -0.014706 -0.020025 -0.001345 ) 
 (  0.112740  0.052840  0.418184  0.027207 -0.064600  0.016090 ) 
 (  0.001992 -0.022538  0.850128  0.064071  0.152578  0.000000 ) 
     freq (    9) =      12.573838 [THz] =     419.418105 [cm-1]
 ( -0.308577 -0.012054  0.017926  0.003324 -0.161927 -0.003444 ) 
 ( -0.002510 -0.001840  0.003387 -0.006553  0.000733 -0.001204 ) 
 (  0.773485  0.019673 -0.060726  0.018122  0.363283  0.005408 ) 
 ( -0.331407 -0.006242 -0.010233  0.040402 -0.178077  0.000000 ) 
     freq (   10) =      25.019007 [THz] =     834.544243 [cm-1]
 (  0.239912  0.001464  0.212073  0.000350 -0.481407 -0.001503 ) 
 (  0.003139  0.000506  0.012761  0.000111 -0.004611 -0.000015 ) 
 (  0.013284 -0.004172 -0.474869 -0.001617 -0.084899  0.000340 ) 
 ( -0.273262 -0.001449  0.116916  0.001286  0.586742  0.000000 ) 
     freq (   11) =      35.144161 [THz] =    1172.283035 [cm-1]
 ( -0.004341  0.001735 -0.097789 -0.000930  0.001789  0.002436 ) 
 (  0.001373 -0.000340 -0.007583 -0.000077 -0.003277 -0.000250 ) 
 (  0.245039 -0.000855  0.620329  0.002516 -0.429524 -0.002273 ) 
 ( -0.215669  0.000468 -0.395029 -0.001414  0.398016  0.000000 ) 
     freq (   12) =      43.357817 [THz] =    1446.261110 [cm-1]
 ( -0.226185 -0.012828  0.301994  0.017643  0.515214  0.031771 ) 
 (  0.001596  0.000385  0.003352  0.000296 -0.002534 -0.000349 ) 
 (  0.253915  0.012930 -0.427935 -0.023832 -0.581989 -0.034312 ) 
 ( -0.004117 -0.001150  0.047902  0.002098  0.012077  0.000000 ) 
 **************************************************************************
