Dynamical matrix file
                                                                           
  3    4  0  6.4086764  0.0000000  0.0000000  0.0000000  0.0000000  0.0000000
Basis vectors
      0.995986577    0.089502726    0.000000000
      0.134887988    1.447985439    0.000000000
      0.000000000    0.000000000    6.526971599
           1  'Ag  '    98315.6675103240     
           2  'N   '    12766.3260662741     
           3  'O   '    14582.5610075711     
    1    3      0.3477540960      0.1162668182      3.5996371043
    2    1      0.6086335161      0.7881073477      3.2026757464
    3    2      0.6137789319      1.4069365990      3.3027802314
    4    3      0.6228736033      0.1745303799      3.0277932189

     Dynamical  Matrix in cartesian axes

     q = (   -0.474960337  -0.301062113   0.000000000 ) 

    1    1
  0.22352163  0.00000000   -0.13788929  0.00000000   -0.40079415  0.00000000
 -0.13788929  0.00000000    0.33945762  0.00000000    0.33430009  0.00000000
 -0.40079415  0.00000000    0.33430009  0.00000000    0.93310837  0.00000000
    1    2
 -0.01810253  0.00000000    0.00198904  0.00000000   -0.01236337  0.00000000
 -0.00349558  0.00000000    0.00329956  0.00000000    0.00681457  0.00000000
 -0.00857271  0.00000000    0.00606215  0.00000000    0.00008088  0.00000000
    1    3
  0.18945015  0.00000000   -0.13402109  0.00000000   -0.27145670  0.00000000
 -0.14498774  0.00000000    0.46023941  0.00000000    0.35243266  0.00000000
 -0.27604807  0.00000000    0.33564710  0.00000000    0.68787332  0.00000000
    1    4
 -0.01801745  0.00000000   -0.00144981  0.00000000    0.12811991  0.00000000
 -0.01536526  0.00000000    0.13756178  0.00000000    0.03928310  0.00000000
  0.12407722  0.00000000    0.02305720  0.00000000   -0.22137583  0.00000000
    2    1
 -0.01810253  0.00000000   -0.00349558  0.00000000   -0.00857271  0.00000000
  0.00198904  0.00000000    0.00329956  0.00000000    0.00606215  0.00000000
 -0.01236337  0.00000000    0.00681457  0.00000000    0.00008088  0.00000000
    2    2
  0.02120021  0.00000000    0.00659714  0.00000000   -0.00557907  0.00000000
  0.00659714  0.00000000    0.31328062  0.00000000    0.03862360  0.00000000
 -0.00557907  0.00000000    0.03862360  0.00000000    0.04472874  0.00000000
    2    3
 -0.04984014  0.00000000    0.01024735  0.00000000   -0.00129008  0.00000000
  0.01460784  0.00000000   -0.07791593  0.00000000   -0.03025990  0.00000000
 -0.00517110  0.00000000   -0.03104858  0.00000000   -0.04819638  0.00000000
    2    4
 -0.03275709  0.00000000    0.00585986  0.00000000    0.00337128  0.00000000
  0.01027024  0.00000000   -0.08700007  0.00000000   -0.03747711  0.00000000
  0.00245927  0.00000000   -0.02594300  0.00000000   -0.04129911  0.00000000
    3    1
  0.18945015  0.00000000   -0.14498774  0.00000000   -0.27604807  0.00000000
 -0.13402109  0.00000000    0.46023941  0.00000000    0.33564710  0.00000000
 -0.27145670  0.00000000    0.35243266  0.00000000    0.68787332  0.00000000
    3    2
 -0.04984014  0.00000000    0.01460784  0.00000000   -0.00517110  0.00000000
  0.01024735  0.00000000   -0.07791593  0.00000000   -0.03104858  0.00000000
 -0.00129008  0.00000000   -0.03025990  0.00000000   -0.04819638  0.00000000
    3    3
  0.35975464  0.00000000   -0.01464706  0.00000000   -0.40392863  0.00000000
 -0.01464706  0.00000000    1.09538607  0.00000000    0.16340117  0.00000000
 -0.40392863  0.00000000    0.16340117  0.00000000    1.00486816  0.00000000
    3    4
  0.15386688  0.00000000    0.11272219  0.00000000   -0.14063385  0.00000000
  0.10671495  0.00000000    0.46029190  0.00000000   -0.17834419  0.00000000
 -0.14248414  0.00000000   -0.17892459  0.00000000    0.34498275  0.00000000
    4    1
 -0.01801745  0.00000000   -0.01536526  0.00000000    0.12407722  0.00000000
 -0.00144981  0.00000000    0.13756178  0.00000000    0.02305720  0.00000000
  0.12811991  0.00000000    0.03928310  0.00000000   -0.22137583  0.00000000
    4    2
 -0.03275709  0.00000000    0.01027024  0.00000000    0.00245927  0.00000000
  0.00585986  0.00000000   -0.08700007  0.00000000   -0.02594300  0.00000000
  0.00337128  0.00000000   -0.03747711  0.00000000   -0.04129911  0.00000000
    4    3
  0.15386688  0.00000000    0.10671495  0.00000000   -0.14248414  0.00000000
  0.11272219  0.00000000    0.46029190  0.00000000   -0.17892459  0.00000000
 -0.14063385  0.00000000   -0.17834419  0.00000000    0.34498275  0.00000000
    4    4
  0.19966306  0.00000000    0.12352791  0.00000000   -0.26974210  0.00000000
  0.12352791  0.00000000    0.40815241  0.00000000   -0.19882409  0.00000000
 -0.26974210  0.00000000   -0.19882409  0.00000000    0.59824924  0.00000000

     Diagonalizing the dynamical matrix

     q = (   -0.474960337  -0.301062113   0.000000000 ) 

 **************************************************************************
     freq (    1) =      -0.321773 [THz] =     -10.733196 [cm-1]
 (  0.089085  0.000000 -0.250105  0.000000  0.114393  0.000000 ) 
 ( -0.869472  0.000000  0.087866  0.000000 -0.109371  0.000000 ) 
 ( -0.175177  0.000000  0.076641  0.000000 -0.063167  0.000000 ) 
 ( -0.295248  0.000000  0.108187  0.000000 -0.036538  0.000000 ) 
     freq (    2) =       1.155552 [THz] =      38.545063 [cm-1]
 ( -0.138910  0.000000  0.418375  0.000000  0.179891  0.000000 ) 
 (  0.069511  0.000000 -0.022219  0.000000 -0.729323  0.000000 ) 
 (  0.061175  0.000000 -0.099506  0.000000 -0.394491  0.000000 ) 
 ( -0.004500  0.000000 -0.203010  0.000000  0.159897  0.000000 ) 
     freq (    3) =       2.289716 [THz] =      76.376718 [cm-1]
 ( -0.000636  0.000000  0.198331  0.000000 -0.605227  0.000000 ) 
 ( -0.024369  0.000000 -0.017833  0.000000 -0.060513  0.000000 ) 
 ( -0.078001  0.000000 -0.083581  0.000000  0.529135  0.000000 ) 
 (  0.183298  0.000000  0.002493  0.000000 -0.512964  0.000000 ) 
     freq (    4) =       2.511605 [THz] =      83.778125 [cm-1]
 ( -0.811787  0.000000 -0.010650  0.000000 -0.240641  0.000000 ) 
 ( -0.041314  0.000000  0.028594  0.000000  0.024577  0.000000 ) 
 (  0.142729  0.000000  0.013943  0.000000 -0.056128  0.000000 ) 
 (  0.381492  0.000000 -0.010969  0.000000  0.332385  0.000000 ) 
     freq (    5) =       4.041095 [THz] =     134.796427 [cm-1]
 (  0.341366  0.000000  0.076700  0.000000  0.021002  0.000000 ) 
 ( -0.026479  0.000000 -0.036711  0.000000  0.011260  0.000000 ) 
 ( -0.533584  0.000000  0.026781  0.000000 -0.156511  0.000000 ) 
 (  0.717385  0.000000 -0.112562  0.000000  0.194253  0.000000 ) 
     freq (    6) =       4.532278 [THz] =     151.180517 [cm-1]
 ( -0.105353  0.000000  0.698197  0.000000  0.054155  0.000000 ) 
 ( -0.093655  0.000000 -0.453890  0.000000  0.104937  0.000000 ) 
 (  0.243601  0.000000 -0.176981  0.000000 -0.260834  0.000000 ) 
 ( -0.140765  0.000000 -0.304832  0.000000 -0.035405  0.000000 ) 
     freq (    7) =       6.996440 [THz] =     233.376106 [cm-1]
 (  0.070658  0.000000  0.854883  0.000000  0.037080  0.000000 ) 
 ( -0.020900  0.000000  0.246173  0.000000  0.080922  0.000000 ) 
 (  0.069366  0.000000 -0.367057  0.000000 -0.210188  0.000000 ) 
 ( -0.026075  0.000000  0.102808  0.000000  0.015824  0.000000 ) 
     freq (    8) =       9.750087 [THz] =     325.227892 [cm-1]
 ( -0.020159  0.000000 -0.028212  0.000000  0.060553  0.000000 ) 
 (  0.007019  0.000000 -0.097255  0.000000 -0.028181  0.000000 ) 
 ( -0.126840  0.000000 -0.422667  0.000000  0.098284  0.000000 ) 
 (  0.030384  0.000000  0.871461  0.000000  0.141658  0.000000 ) 
     freq (    9) =      13.943277 [THz] =     465.097650 [cm-1]
 ( -0.303328  0.000000  0.019841  0.000000 -0.159338  0.000000 ) 
 (  0.032654  0.000000 -0.002087  0.000000  0.017295  0.000000 ) 
 ( -0.761817  0.000000  0.058605  0.000000 -0.361121  0.000000 ) 
 ( -0.361222  0.000000  0.012030  0.000000 -0.189754  0.000000 ) 
     freq (   10) =      25.181869 [THz] =     839.976746 [cm-1]
 (  0.243915  0.000000  0.197303  0.000000 -0.485223  0.000000 ) 
 (  0.002848  0.000000 -0.014295  0.000000 -0.008740  0.000000 ) 
 ( -0.019933  0.000000  0.462747  0.000000  0.103199  0.000000 ) 
 ( -0.274077  0.000000  0.130268  0.000000  0.590404  0.000000 ) 
     freq (   11) =      35.474204 [THz] =    1183.292091 [cm-1]
 ( -0.009631  0.000000 -0.098861  0.000000  0.004430  0.000000 ) 
 (  0.001058  0.000000  0.004462  0.000000 -0.000568  0.000000 ) 
 ( -0.252484  0.000000 -0.626006  0.000000  0.427519  0.000000 ) 
 ( -0.212316  0.000000 -0.396216  0.000000  0.386813  0.000000 ) 
     freq (   12) =      43.036987 [THz] =    1435.559365 [cm-1]
 ( -0.224996  0.000000  0.301847  0.000000  0.515468  0.000000 ) 
 (  0.000921  0.000000 -0.003409  0.000000 -0.002220  0.000000 ) 
 ( -0.256087  0.000000  0.426338  0.000000  0.584865  0.000000 ) 
 ( -0.004445  0.000000  0.054636  0.000000  0.011187  0.000000 ) 
 **************************************************************************
