Dynamical matrix file
                                                                           
  3    4  0  6.4086764  0.0000000  0.0000000  0.0000000  0.0000000  0.0000000
Basis vectors
      0.995986577    0.089502726    0.000000000
      0.134887988    1.447985439    0.000000000
      0.000000000    0.000000000    6.526971599
           1  'Ag  '    98315.6675103240     
           2  'N   '    12766.3260662741     
           3  'O   '    14582.5610075711     
    1    3      0.3477540960      0.1162668182      3.5996371043
    2    1      0.6086335161      0.7881073477      3.2026757464
    3    2      0.6137789319      1.4069365990      3.3027802314
    4    3      0.6228736033      0.1745303799      3.0277932189

     Dynamical  Matrix in cartesian axes

     q = (    0.368794299  -0.379662603   0.000000000 ) 

    1    1
  0.22111967  0.00000000   -0.13895300  0.00151596   -0.40237968  0.00206120
 -0.13895300 -0.00151596    0.33965712 -0.00000000    0.33574200 -0.00037428
 -0.40237968 -0.00206120    0.33574200  0.00037428    0.93584053  0.00000000
    1    2
 -0.01713840 -0.00184741    0.00120601  0.00268088   -0.01136354 -0.00253867
 -0.00325478  0.00196484    0.00444862 -0.00133325    0.00634920  0.00092670
 -0.00893113  0.00115317    0.00684778 -0.00330526   -0.00072244  0.00229310
    1    3
  0.18831773  0.00079442   -0.13519345  0.00340032   -0.27219210  0.00098496
 -0.14502949 -0.00395745    0.46300361 -0.00125848    0.35373896  0.00084545
 -0.27686914 -0.00229901    0.33678937 -0.00296824    0.69195709  0.00325774
    1    4
 -0.02085985  0.00339673   -0.00276191  0.00333109    0.12673259  0.00239962
 -0.01468451 -0.00242689    0.13943060 -0.00086009    0.04005516  0.00068623
  0.12367272 -0.00029778    0.02217007 -0.00111507   -0.21931133  0.00332025
    2    1
 -0.01713840  0.00184741   -0.00325478 -0.00196484   -0.00893113 -0.00115317
  0.00120601 -0.00268088    0.00444862  0.00133325    0.00684778  0.00330526
 -0.01136354  0.00253867    0.00634920 -0.00092670   -0.00072244 -0.00229310
    2    2
  0.00821563  0.00000000    0.00683204 -0.00054206   -0.00526945  0.00086663
  0.00683204  0.00054206    0.30932178 -0.00000000    0.03827825 -0.00005479
 -0.00526945 -0.00086663    0.03827825  0.00005479    0.03764293  0.00000000
    2    3
 -0.04883841  0.00254247    0.01026825 -0.00486054   -0.00192784 -0.00128813
  0.01397298 -0.00514876   -0.07544627 -0.00004619   -0.02941936  0.00578074
 -0.00425917  0.00298293   -0.03102999  0.00148507   -0.04993092 -0.00444392
    2    4
 -0.03210185  0.00025431    0.00596171 -0.00177180    0.00313280  0.00010151
  0.01050463 -0.00233937   -0.08644212 -0.00216917   -0.03747018  0.00214208
  0.00277908  0.00179463   -0.02542820  0.00205166   -0.04232545 -0.00203434
    3    1
  0.18831773 -0.00079442   -0.14502949  0.00395745   -0.27686914  0.00229901
 -0.13519345 -0.00340032    0.46300361  0.00125848    0.33678937  0.00296824
 -0.27219210 -0.00098496    0.35373896 -0.00084545    0.69195709 -0.00325774
    3    2
 -0.04883841 -0.00254247    0.01397298  0.00514876   -0.00425917 -0.00298293
  0.01026825  0.00486054   -0.07544627  0.00004619   -0.03102999 -0.00148507
 -0.00192784  0.00128813   -0.02941936 -0.00578074   -0.04993092  0.00444392
    3    3
  0.35477216  0.00000000   -0.01589521  0.00556317   -0.40432399  0.00303773
 -0.01589521 -0.00556317    1.10081271  0.00000000    0.16430332  0.00681392
 -0.40432399 -0.00303773    0.16430332 -0.00681392    1.01106933  0.00000000
    3    4
  0.15346709 -0.00133378    0.11189476  0.00622261   -0.14163621  0.00074121
  0.10729891 -0.00391336    0.46257326 -0.00218213   -0.17888246  0.00280061
 -0.14198501 -0.00286199   -0.18108560 -0.00235603    0.34949575  0.00231284
    4    1
 -0.02085985 -0.00339673   -0.01468451  0.00242689    0.12367272  0.00029778
 -0.00276191 -0.00333109    0.13943060  0.00086009    0.02217007  0.00111507
  0.12673259 -0.00239962    0.04005516 -0.00068623   -0.21931133 -0.00332025
    4    2
 -0.03210185 -0.00025431    0.01050463  0.00233937    0.00277908 -0.00179463
  0.00596171  0.00177180   -0.08644212  0.00216917   -0.02542820 -0.00205166
  0.00313280 -0.00010151   -0.03747018 -0.00214208   -0.04232545  0.00203434
    4    3
  0.15346709  0.00133378    0.10729891  0.00391336   -0.14198501  0.00286199
  0.11189476 -0.00622261    0.46257326  0.00218213   -0.18108560  0.00235603
 -0.14163621 -0.00074121   -0.17888246 -0.00280061    0.34949575 -0.00231284
    4    4
  0.19713709  0.00000000    0.12318460  0.00349218   -0.27079164 -0.00080813
  0.12318460 -0.00349218    0.41030362 -0.00000000   -0.20100205  0.00070382
 -0.27079164  0.00080813   -0.20100205 -0.00070382    0.60082098  0.00000000

     Dynamical  Matrix in cartesian axes

     q = (   -0.368794299   0.379662603   0.000000000 ) 

    1    1
  0.22111967 -0.00000000   -0.13895300 -0.00151596   -0.40237968 -0.00206120
 -0.13895300  0.00151596    0.33965712  0.00000000    0.33574200  0.00037428
 -0.40237968  0.00206120    0.33574200 -0.00037428    0.93584053  0.00000000
    1    2
 -0.01713840  0.00184741    0.00120601 -0.00268088   -0.01136354  0.00253867
 -0.00325478 -0.00196484    0.00444862  0.00133325    0.00634920 -0.00092670
 -0.00893113 -0.00115317    0.00684778  0.00330526   -0.00072244 -0.00229310
    1    3
  0.18831773 -0.00079442   -0.13519345 -0.00340032   -0.27219210 -0.00098496
 -0.14502949  0.00395745    0.46300361  0.00125848    0.35373896 -0.00084545
 -0.27686914  0.00229901    0.33678937  0.00296824    0.69195709 -0.00325774
    1    4
 -0.02085985 -0.00339673   -0.00276191 -0.00333109    0.12673259 -0.00239962
 -0.01468451  0.00242689    0.13943060  0.00086009    0.04005516 -0.00068623
  0.12367272  0.00029778    0.02217007  0.00111507   -0.21931133 -0.00332025
    2    1
 -0.01713840 -0.00184741   -0.00325478  0.00196484   -0.00893113  0.00115317
  0.00120601  0.00268088    0.00444862 -0.00133325    0.00684778 -0.00330526
 -0.01136354 -0.00253867    0.00634920  0.00092670   -0.00072244  0.00229310
    2    2
  0.00821563 -0.00000000    0.00683204  0.00054206   -0.00526945 -0.00086663
  0.00683204 -0.00054206    0.30932178  0.00000000    0.03827825  0.00005479
 -0.00526945  0.00086663    0.03827825 -0.00005479    0.03764293  0.00000000
    2    3
 -0.04883841 -0.00254247    0.01026825  0.00486054   -0.00192784  0.00128813
  0.01397298  0.00514876   -0.07544627  0.00004619   -0.02941936 -0.00578074
 -0.00425917 -0.00298293   -0.03102999 -0.00148507   -0.04993092  0.00444392
    2    4
 -0.03210185 -0.00025431    0.00596171  0.00177180    0.00313280 -0.00010151
  0.01050463  0.00233937   -0.08644212  0.00216917   -0.03747018 -0.00214208
  0.00277908 -0.00179463   -0.02542820 -0.00205166   -0.04232545  0.00203434
    3    1
  0.18831773  0.00079442   -0.14502949 -0.00395745   -0.27686914 -0.00229901
 -0.13519345  0.00340032    0.46300361 -0.00125848    0.33678937 -0.00296824
 -0.27219210  0.00098496    0.35373896  0.00084545    0.69195709  0.00325774
    3    2
 -0.04883841  0.00254247    0.01397298 -0.00514876   -0.00425917  0.00298293
  0.01026825 -0.00486054   -0.07544627 -0.00004619   -0.03102999  0.00148507
 -0.00192784 -0.00128813   -0.02941936  0.00578074   -0.04993092 -0.00444392
    3    3
  0.35477216 -0.00000000   -0.01589521 -0.00556317   -0.40432399 -0.00303773
 -0.01589521  0.00556317    1.10081271 -0.00000000    0.16430332 -0.00681392
 -0.40432399  0.00303773    0.16430332  0.00681392    1.01106933  0.00000000
    3    4
  0.15346709  0.00133378    0.11189476 -0.00622261   -0.14163621 -0.00074121
  0.10729891  0.00391336    0.46257326  0.00218213   -0.17888246 -0.00280061
 -0.14198501  0.00286199   -0.18108560  0.00235603    0.34949575 -0.00231284
    4    1
 -0.02085985  0.00339673   -0.01468451 -0.00242689    0.12367272 -0.00029778
 -0.00276191  0.00333109    0.13943060 -0.00086009    0.02217007 -0.00111507
  0.12673259  0.00239962    0.04005516  0.00068623   -0.21931133  0.00332025
    4    2
 -0.03210185  0.00025431    0.01050463 -0.00233937    0.00277908  0.00179463
  0.00596171 -0.00177180   -0.08644212 -0.00216917   -0.02542820  0.00205166
  0.00313280  0.00010151   -0.03747018  0.00214208   -0.04232545 -0.00203434
    4    3
  0.15346709 -0.00133378    0.10729891 -0.00391336   -0.14198501 -0.00286199
  0.11189476  0.00622261    0.46257326 -0.00218213   -0.18108560 -0.00235603
 -0.14163621  0.00074121   -0.17888246  0.00280061    0.34949575  0.00231284
    4    4
  0.19713709 -0.00000000    0.12318460 -0.00349218   -0.27079164  0.00080813
  0.12318460  0.00349218    0.41030362  0.00000000   -0.20100205 -0.00070382
 -0.27079164 -0.00080813   -0.20100205  0.00070382    0.60082098  0.00000000

     Diagonalizing the dynamical matrix

     q = (    0.368794299  -0.379662603   0.000000000 ) 

 **************************************************************************
     freq (    1) =      -1.198235 [THz] =     -39.968807 [cm-1]
 (  0.061595  0.071789 -0.169679 -0.177531  0.034556  0.087980 ) 
 ( -0.626557 -0.610486  0.058853  0.059579 -0.040666 -0.075488 ) 
 ( -0.100548 -0.157990  0.042924  0.062150  0.013195 -0.064963 ) 
 ( -0.230279 -0.159501  0.091844  0.064032 -0.077474  0.000000 ) 
     freq (    2) =       0.739116 [THz] =      24.654254 [cm-1]
 (  0.083893  0.070284 -0.419025  0.079519 -0.173230  0.059901 ) 
 ( -0.041595  0.036739  0.022285 -0.008821  0.734564 -0.128295 ) 
 ( -0.040239 -0.008348  0.100068 -0.018948  0.372472 -0.069229 ) 
 (  0.021822 -0.023875  0.201184 -0.037068 -0.119738  0.000000 ) 
     freq (    3) =       1.919791 [THz] =      64.037344 [cm-1]
 (  0.095672  0.475738  0.151767 -0.061615 -0.383426  0.347527 ) 
 ( -0.000959  0.037073 -0.020935 -0.008844 -0.049909  0.015117 ) 
 (  0.000723 -0.072767 -0.068823  0.020950  0.395542 -0.155138 ) 
 ( -0.059498 -0.248839  0.007836  0.006186 -0.456876  0.000000 ) 
     freq (    4) =       2.546882 [THz] =      84.954830 [cm-1]
 ( -0.523283  0.392415 -0.106145 -0.060952  0.177877  0.334935 ) 
 ( -0.003637  0.024885  0.024442 -0.006852  0.021242  0.004226 ) 
 (  0.257101 -0.015823  0.041651  0.019130 -0.273844 -0.153615 ) 
 ( -0.088759 -0.301504  0.004950  0.008693  0.381723  0.000000 ) 
     freq (    5) =       3.749912 [THz] =     125.083615 [cm-1]
 (  0.193676  0.260224  0.062118 -0.022351 -0.008513  0.123564 ) 
 ( -0.024054 -0.003384 -0.021090 -0.006368  0.009156  0.002070 ) 
 ( -0.481034 -0.115653  0.026335  0.015449 -0.162605 -0.057457 ) 
 (  0.728085  0.006759 -0.098162 -0.011273  0.241972  0.000000 ) 
     freq (    6) =       4.452946 [THz] =     148.534288 [cm-1]
 ( -0.063467 -0.049932  0.691220  0.150685  0.069039 -0.005391 ) 
 ( -0.089138 -0.015618 -0.444225 -0.083562  0.106348  0.021457 ) 
 (  0.202082  0.062928 -0.168270 -0.040322 -0.274692 -0.048173 ) 
 ( -0.100903 -0.009928 -0.312551 -0.055039 -0.020070  0.000000 ) 
     freq (    7) =       6.952534 [THz] =     231.911586 [cm-1]
 (  0.065188  0.005071  0.830318  0.204884  0.036660  0.005415 ) 
 ( -0.019896 -0.002177  0.246183  0.054184  0.078957  0.019792 ) 
 (  0.076285  0.015241 -0.352479 -0.087125 -0.204382 -0.052359 ) 
 ( -0.022762 -0.018605  0.090051  0.025179  0.019307  0.000000 ) 
     freq (    8) =       9.752198 [THz] =     325.298298 [cm-1]
 ( -0.022203 -0.006653 -0.017277  0.004412  0.060848  0.000724 ) 
 (  0.006067  0.002745 -0.096115 -0.005671 -0.027669 -0.000229 ) 
 ( -0.114367 -0.033090 -0.426068 -0.025249  0.099442 -0.008832 ) 
 (  0.028044 -0.016356  0.868950  0.051855  0.142237  0.000000 ) 
     freq (    9) =      13.836589 [THz] =     461.538929 [cm-1]
 ( -0.299832 -0.013053  0.021049  0.003010 -0.154344 -0.001571 ) 
 (  0.032380 -0.001043 -0.001902  0.001154  0.017333 -0.000640 ) 
 ( -0.764023 -0.005056  0.053851 -0.021848 -0.359652 -0.000492 ) 
 ( -0.362959 -0.001286  0.015287  0.028800 -0.187112  0.000000 ) 
     freq (   10) =      25.199660 [THz] =     840.570168 [cm-1]
 (  0.243763  0.001558  0.196416 -0.000915 -0.486547  0.003409 ) 
 (  0.002847 -0.000427 -0.014076  0.000149 -0.008745  0.000043 ) 
 ( -0.020291  0.004763  0.461786 -0.004973  0.102198  0.004239 ) 
 ( -0.274015  0.002012  0.129748 -0.001810  0.590661  0.000000 ) 
     freq (   11) =      35.557660 [THz] =    1186.075882 [cm-1]
 ( -0.008316  0.004434 -0.099892 -0.005271  0.005369 -0.011175 ) 
 (  0.000951  0.000227  0.004336  0.000561 -0.000721 -0.000430 ) 
 ( -0.249120  0.004335 -0.626416 -0.003357  0.427903 -0.011692 ) 
 ( -0.210849 -0.001797 -0.396713  0.001514  0.387505  0.000000 ) 
     freq (   12) =      43.132200 [THz] =    1438.735312 [cm-1]
 ( -0.204906 -0.091249  0.274087  0.126284  0.468614  0.213496 ) 
 (  0.000916  0.000057 -0.003102 -0.000984 -0.002020 -0.001218 ) 
 ( -0.234701 -0.099458  0.383759  0.186669  0.536116  0.235880 ) 
 ( -0.005688  0.002442  0.046640  0.028882  0.014777  0.000000 ) 
 **************************************************************************
