   6   4   1
  14
   0.000000000000000E+00   0.000000000000000E+00   0.000000000000000E+00
  -0.156462222098873E-01   0.174111203516620E+00   0.000000000000000E+00
   0.312924444197746E-01  -0.348222407033240E+00   0.000000000000000E+00
   0.168750927092715E+00  -0.157200979617818E-01   0.000000000000000E+00
   0.153104704882827E+00   0.158391105554838E+00   0.000000000000000E+00
   0.200043371512489E+00  -0.363942504995022E+00   0.000000000000000E+00
   0.184397149302602E+00  -0.189831301478402E+00   0.000000000000000E+00
   0.337501854185429E+00  -0.314401959235635E-01   0.000000000000000E+00
   0.321855631975542E+00   0.142671007593057E+00   0.000000000000000E+00
   0.368794298605204E+00  -0.379662602956804E+00   0.000000000000000E+00
   0.353148076395317E+00  -0.205551399440184E+00   0.000000000000000E+00
  -0.506252781278144E+00   0.471602938853453E-01   0.000000000000000E+00
  -0.521899003488031E+00   0.221271497401965E+00   0.000000000000000E+00
  -0.474960336858369E+00  -0.301062113147895E+00   0.000000000000000E+00
