Dynamical matrix file
                                                                           
  3    4  0  6.4086764  0.0000000  0.0000000  0.0000000  0.0000000  0.0000000
Basis vectors
      0.995986577    0.089502726    0.000000000
      0.134887988    1.447985439    0.000000000
      0.000000000    0.000000000    6.526971599
           1  'Ag  '    98315.6675103240     
           2  'N   '    12766.3260662741     
           3  'O   '    14582.5610075711     
    1    3      0.3477540960      0.1162668182      3.5996371043
    2    1      0.6086335161      0.7881073477      3.2026757464
    3    2      0.6137789319      1.4069365990      3.3027802314
    4    3      0.6228736033      0.1745303799      3.0277932189

     Dynamical  Matrix in cartesian axes

     q = (    0.153104705   0.158391106   0.000000000 ) 

    1    1
  0.21717396  0.00000000   -0.14105634  0.00284314   -0.40722007  0.00299333
 -0.14105634 -0.00284314    0.33835057 -0.00000000    0.34071363  0.00035266
 -0.40722007 -0.00299333    0.34071363 -0.00035266    0.94563654  0.00000000
    1    2
 -0.00904732 -0.00740860    0.00170412 -0.00109966   -0.00010641 -0.01158946
  0.00321938 -0.00634792    0.00075905  0.00755453   -0.01641149  0.02299556
 -0.00208678 -0.00806021   -0.00023793  0.00775808   -0.01633917  0.01500578
    1    3
  0.00147456  0.18407343   -0.00375141 -0.14014635   -0.00067178 -0.27703265
  0.00186902 -0.14794193    0.00534300  0.46018395    0.00246422  0.35798149
  0.00435924 -0.28336006    0.00163088  0.34214369   -0.00193240  0.70693750
    1    4
 -0.02868691  0.00415872   -0.00617113  0.00203755    0.12150284  0.00352442
 -0.01721462 -0.00223938    0.13095539 -0.00545299    0.04870819 -0.00270619
  0.11993767  0.00018403    0.01662137 -0.00002814   -0.21026247  0.00205116
    2    1
 -0.00904732  0.00740860    0.00321938  0.00634792   -0.00208678  0.00806021
  0.00170412  0.00109966    0.00075905 -0.00755453   -0.00023793 -0.00775808
 -0.00010641  0.01158946   -0.01641149 -0.02299556   -0.01633917 -0.01500578
    2    2
  0.01528904 -0.00000000    0.00923543 -0.00026958   -0.00325544  0.00098435
  0.00923543  0.00026958    0.31043759 -0.00000000    0.03808545  0.00046881
 -0.00325544 -0.00098435    0.03808545 -0.00046881    0.03801081  0.00000000
    2    3
 -0.02939673 -0.01872723    0.00207905  0.00693938   -0.01060296  0.00568370
  0.00327999  0.00999510   -0.12763500  0.05785584   -0.02090511 -0.00838376
 -0.01585284  0.01048001   -0.01728634 -0.01360971   -0.00496279 -0.04541613
    2    4
 -0.02673086  0.00428074   -0.00428770 -0.01071155    0.00730643  0.00516116
  0.00355559 -0.00814068   -0.10294334 -0.01902939   -0.02767312  0.01108707
  0.00965049  0.00723924   -0.01030041  0.01513904   -0.04788142 -0.00544246
    3    1
  0.00147456 -0.18407343    0.00186902  0.14794193    0.00435924  0.28336006
 -0.00375141  0.14014635    0.00534300 -0.46018395    0.00163088 -0.34214369
 -0.00067178  0.27703265    0.00246422 -0.35798149   -0.00193240 -0.70693750
    3    2
 -0.02939673  0.01872723    0.00327999 -0.00999510   -0.01585284 -0.01048001
  0.00207905 -0.00693938   -0.12763500 -0.05785584   -0.01728634  0.01360971
 -0.01060296 -0.00568370   -0.02090511  0.00838376   -0.00496279  0.04541613
    3    3
  0.33793737  0.00000000   -0.02382898  0.00093649   -0.40828571  0.00440213
 -0.02382898 -0.00093649    1.08612388 -0.00000000    0.17080871 -0.00094910
 -0.40828571 -0.00440213    0.17080871  0.00094910    1.02529886  0.00000000
    3    4
  0.00683004 -0.14259911    0.00428149 -0.10733150    0.00170859  0.14628824
 -0.00335029 -0.10429755    0.01218457 -0.44079713    0.00087428  0.17608916
 -0.00345979  0.14295412   -0.00475462  0.18780481    0.01060963 -0.35528885
    4    1
 -0.02868691 -0.00415872   -0.01721462  0.00223938    0.11993767 -0.00018403
 -0.00617113 -0.00203755    0.13095539  0.00545299    0.01662137  0.00002814
  0.12150284 -0.00352442    0.04870819  0.00270619   -0.21026247 -0.00205116
    4    2
 -0.02673086 -0.00428074    0.00355559  0.00814068    0.00965049 -0.00723924
 -0.00428770  0.01071155   -0.10294334  0.01902939   -0.01030041 -0.01513904
  0.00730643 -0.00516116   -0.02767312 -0.01108707   -0.04788142  0.00544246
    4    3
  0.00683004  0.14259911   -0.00335029  0.10429755   -0.00345979 -0.14295412
  0.00428149  0.10733150    0.01218457  0.44079713   -0.00475462 -0.18780481
  0.00170859 -0.14628824    0.00087428 -0.17608916    0.01060963  0.35528885
    4    4
  0.19026841 -0.00000000    0.12201616  0.00354335   -0.27479460 -0.00102375
  0.12201616 -0.00354335    0.41075028  0.00000000   -0.20617232  0.00065432
 -0.27479460  0.00102375   -0.20617232 -0.00065432    0.60860264  0.00000000

     Dynamical  Matrix in cartesian axes

     q = (   -0.153104705  -0.158391106   0.000000000 ) 

    1    1
  0.21717396 -0.00000000   -0.14105634 -0.00284314   -0.40722007 -0.00299333
 -0.14105634  0.00284314    0.33835057  0.00000000    0.34071363 -0.00035266
 -0.40722007  0.00299333    0.34071363  0.00035266    0.94563654  0.00000000
    1    2
 -0.00904732  0.00740860    0.00170412  0.00109966   -0.00010641  0.01158946
  0.00321938  0.00634792    0.00075905 -0.00755453   -0.01641149 -0.02299556
 -0.00208678  0.00806021   -0.00023793 -0.00775808   -0.01633917 -0.01500578
    1    3
  0.00147456 -0.18407343   -0.00375141  0.14014635   -0.00067178  0.27703265
  0.00186902  0.14794193    0.00534300 -0.46018395    0.00246422 -0.35798149
  0.00435924  0.28336006    0.00163088 -0.34214369   -0.00193240 -0.70693750
    1    4
 -0.02868691 -0.00415872   -0.00617113 -0.00203755    0.12150284 -0.00352442
 -0.01721462  0.00223938    0.13095539  0.00545299    0.04870819  0.00270619
  0.11993767 -0.00018403    0.01662137  0.00002814   -0.21026247 -0.00205116
    2    1
 -0.00904732 -0.00740860    0.00321938 -0.00634792   -0.00208678 -0.00806021
  0.00170412 -0.00109966    0.00075905  0.00755453   -0.00023793  0.00775808
 -0.00010641 -0.01158946   -0.01641149  0.02299556   -0.01633917  0.01500578
    2    2
  0.01528904  0.00000000    0.00923543  0.00026958   -0.00325544 -0.00098435
  0.00923543 -0.00026958    0.31043759  0.00000000    0.03808545 -0.00046881
 -0.00325544  0.00098435    0.03808545  0.00046881    0.03801081  0.00000000
    2    3
 -0.02939673  0.01872723    0.00207905 -0.00693938   -0.01060296 -0.00568370
  0.00327999 -0.00999510   -0.12763500 -0.05785584   -0.02090511  0.00838376
 -0.01585284 -0.01048001   -0.01728634  0.01360971   -0.00496279  0.04541613
    2    4
 -0.02673086 -0.00428074   -0.00428770  0.01071155    0.00730643 -0.00516116
  0.00355559  0.00814068   -0.10294334  0.01902939   -0.02767312 -0.01108707
  0.00965049 -0.00723924   -0.01030041 -0.01513904   -0.04788142  0.00544246
    3    1
  0.00147456  0.18407343    0.00186902 -0.14794193    0.00435924 -0.28336006
 -0.00375141 -0.14014635    0.00534300  0.46018395    0.00163088  0.34214369
 -0.00067178 -0.27703265    0.00246422  0.35798149   -0.00193240  0.70693750
    3    2
 -0.02939673 -0.01872723    0.00327999  0.00999510   -0.01585284  0.01048001
  0.00207905  0.00693938   -0.12763500  0.05785584   -0.01728634 -0.01360971
 -0.01060296  0.00568370   -0.02090511 -0.00838376   -0.00496279 -0.04541613
    3    3
  0.33793737 -0.00000000   -0.02382898 -0.00093649   -0.40828571 -0.00440213
 -0.02382898  0.00093649    1.08612388  0.00000000    0.17080871  0.00094910
 -0.40828571  0.00440213    0.17080871 -0.00094910    1.02529886  0.00000000
    3    4
  0.00683004  0.14259911    0.00428149  0.10733150    0.00170859 -0.14628824
 -0.00335029  0.10429755    0.01218457  0.44079713    0.00087428 -0.17608916
 -0.00345979 -0.14295412   -0.00475462 -0.18780481    0.01060963  0.35528885
    4    1
 -0.02868691  0.00415872   -0.01721462 -0.00223938    0.11993767  0.00018403
 -0.00617113  0.00203755    0.13095539 -0.00545299    0.01662137 -0.00002814
  0.12150284  0.00352442    0.04870819 -0.00270619   -0.21026247  0.00205116
    4    2
 -0.02673086  0.00428074    0.00355559 -0.00814068    0.00965049  0.00723924
 -0.00428770 -0.01071155   -0.10294334 -0.01902939   -0.01030041  0.01513904
  0.00730643  0.00516116   -0.02767312  0.01108707   -0.04788142 -0.00544246
    4    3
  0.00683004 -0.14259911   -0.00335029 -0.10429755   -0.00345979  0.14295412
  0.00428149 -0.10733150    0.01218457 -0.44079713   -0.00475462  0.18780481
  0.00170859  0.14628824    0.00087428  0.17608916    0.01060963 -0.35528885
    4    4
  0.19026841  0.00000000    0.12201616 -0.00354335   -0.27479460  0.00102375
  0.12201616  0.00354335    0.41075028 -0.00000000   -0.20617232 -0.00065432
 -0.27479460 -0.00102375   -0.20617232  0.00065432    0.60860264  0.00000000

     Diagonalizing the dynamical matrix

     q = (    0.153104705   0.158391106   0.000000000 ) 

 **************************************************************************
     freq (    1) =      -1.087976 [THz] =     -36.290979 [cm-1]
 ( -0.262202  0.163341  0.026021 -0.160721  0.067745  0.126139 ) 
 ( -0.492397 -0.438628  0.046084  0.042888 -0.024268 -0.014677 ) 
 ( -0.145486 -0.373965  0.049042  0.036693 -0.063051  0.013563 ) 
 ( -0.472688 -0.139734  0.039620  0.059330 -0.031107  0.000000 ) 
     freq (    2) =      -0.637380 [THz] =     -21.260710 [cm-1]
 (  0.066511  0.120577  0.016762  0.188556 -0.440360  0.122064 ) 
 ( -0.002779  0.023265 -0.005542 -0.006485 -0.408745 -0.325017 ) 
 ( -0.024868  0.038561 -0.044863  0.008239 -0.158322 -0.449789 ) 
 (  0.009777 -0.065902  0.003172 -0.090447 -0.467830  0.000000 ) 
     freq (    3) =       2.138571 [THz] =      71.335038 [cm-1]
 ( -0.066996 -0.771246 -0.048801  0.144029  0.116735 -0.425356 ) 
 ( -0.068734 -0.009392  0.012029  0.002323 -0.110335 -0.018360 ) 
 (  0.255103  0.018645 -0.051513 -0.022035  0.157342  0.148754 ) 
 (  0.059651  0.131960 -0.004344 -0.019296  0.169485  0.000000 ) 
     freq (    4) =       2.738033 [THz] =      91.330952 [cm-1]
 (  0.372079 -0.192964  0.415087 -0.075948 -0.341504 -0.125145 ) 
 ( -0.072465 -0.012761  0.016870  0.172744  0.082455  0.088438 ) 
 (  0.048456  0.241686 -0.036891  0.209419  0.123404 -0.316683 ) 
 (  0.209422  0.005076  0.062355  0.147812 -0.415568  0.000000 ) 
     freq (    5) =       3.164039 [THz] =     105.540986 [cm-1]
 (  0.221819 -0.171599 -0.258541  0.003263 -0.326070 -0.042762 ) 
 ( -0.077033 -0.078428 -0.120393 -0.397834  0.081317  0.104840 ) 
 (  0.119350  0.221287  0.133563 -0.267517 -0.047989 -0.346583 ) 
 (  0.183358 -0.033078 -0.247931 -0.276674 -0.310031  0.000000 ) 
     freq (    6) =       3.692139 [THz] =     123.156493 [cm-1]
 ( -0.060063  0.138558  0.021824 -0.043420 -0.035955  0.115835 ) 
 ( -0.077018 -0.048433  0.011379  0.015762 -0.032285 -0.040640 ) 
 ( -0.086501  0.377552  0.015556 -0.030148 -0.081612  0.188466 ) 
 (  0.780218 -0.099211 -0.079120  0.017514  0.360921  0.000000 ) 
     freq (    7) =       6.398515 [THz] =     213.431479 [cm-1]
 ( -0.029505 -0.028328 -0.389877 -0.725173 -0.029237 -0.085665 ) 
 (  0.029426 -0.003465 -0.104011  0.063311 -0.078631  0.020852 ) 
 ( -0.136457  0.030767  0.140682 -0.193960  0.305408 -0.094133 ) 
 (  0.007247  0.052931 -0.098685  0.311697 -0.032729  0.000000 ) 
     freq (    8) =      10.934229 [THz] =     364.726608 [cm-1]
 ( -0.012634 -0.029567  0.084045 -0.116391  0.056012  0.007722 ) 
 ( -0.002236 -0.006236 -0.153384 -0.094936 -0.023737 -0.001957 ) 
 ( -0.061822  0.062540  0.001461  0.428083  0.007181 -0.092572 ) 
 (  0.026747 -0.018829  0.845947  0.043726  0.154235  0.000000 ) 
     freq (    9) =      13.117027 [THz] =     437.536920 [cm-1]
 ( -0.297889 -0.037264  0.028121  0.006535 -0.145339 -0.012961 ) 
 (  0.018216 -0.019615  0.001093 -0.004927  0.010556 -0.010122 ) 
 ( -0.109529  0.767540 -0.020085 -0.034220 -0.050368  0.353747 ) 
 ( -0.352329 -0.005551  0.033949  0.039823 -0.171827  0.000000 ) 
     freq (   10) =      25.087050 [THz] =     836.813919 [cm-1]
 (  0.241381  0.006872  0.203678 -0.006631 -0.483701 -0.008115 ) 
 (  0.002538 -0.000144 -0.000871  0.013392 -0.006801  0.001940 ) 
 (  0.003972  0.016108  0.010938 -0.476170  0.004837 -0.087622 ) 
 ( -0.271915  0.001737  0.126655 -0.002617  0.584010  0.000000 ) 
     freq (   11) =      35.352715 [THz] =    1179.239630 [cm-1]
 (  0.005287  0.001096 -0.104687 -0.002628 -0.013392 -0.003734 ) 
 (  0.001089  0.000298 -0.001057 -0.005232 -0.002470 -0.001729 ) 
 (  0.000286  0.234010 -0.015231  0.631084  0.000574 -0.415685 ) 
 ( -0.212290 -0.001902 -0.395798  0.003337  0.401224  0.000000 ) 
     freq (   12) =      43.389324 [THz] =    1447.312072 [cm-1]
 ( -0.220384 -0.040747  0.292761  0.055934  0.507357  0.099457 ) 
 (  0.000736  0.000247 -0.000051  0.003573 -0.002799 -0.001162 ) 
 ( -0.044859  0.254220  0.082816 -0.402388  0.111585 -0.585998 ) 
 ( -0.008473  0.002704  0.038347  0.009909  0.026473  0.000000 ) 
 **************************************************************************
