Dynamical matrix file
                                                                           
  3    4  0  6.4086764  0.0000000  0.0000000  0.0000000  0.0000000  0.0000000
Basis vectors
      0.995986577    0.089502726    0.000000000
      0.134887988    1.447985439    0.000000000
      0.000000000    0.000000000    6.526971599
           1  'Ag  '    98315.6675103240     
           2  'N   '    12766.3260662741     
           3  'O   '    14582.5610075711     
    1    3      0.3477540960      0.1162668182      3.5996371043
    2    1      0.6086335161      0.7881073477      3.2026757464
    3    2      0.6137789319      1.4069365990      3.3027802314
    4    3      0.6228736033      0.1745303799      3.0277932189

     Dynamical  Matrix in cartesian axes

     q = (    0.031292444  -0.348222407   0.000000000 ) 

    1    1
  0.21549229  0.00000000   -0.14048972  0.00000000   -0.40687952  0.00000000
 -0.14048972  0.00000000    0.33991243  0.00000000    0.34085433  0.00000000
 -0.40687952  0.00000000    0.34085433  0.00000000    0.94433490  0.00000000
    1    2
 -0.01144420  0.00000000   -0.00159472  0.00000000   -0.00817243  0.00000000
 -0.00249081  0.00000000    0.00970106  0.00000000    0.00325038  0.00000000
 -0.00999535  0.00000000    0.01017302  0.00000000   -0.00352529  0.00000000
    1    3
  0.18203416  0.00000000   -0.14063425  0.00000000   -0.27397790  0.00000000
 -0.14667988  0.00000000    0.46054927  0.00000000    0.36194973  0.00000000
 -0.27970028  0.00000000    0.34284140  0.00000000    0.70514599  0.00000000
    1    4
 -0.03221444  0.00000000   -0.00970048  0.00000000    0.12303324  0.00000000
 -0.01434175  0.00000000    0.13446583  0.00000000    0.04585110  0.00000000
  0.12322917  0.00000000    0.02127887  0.00000000   -0.21266439  0.00000000
    2    1
 -0.01144420  0.00000000   -0.00249081  0.00000000   -0.00999535  0.00000000
 -0.00159472  0.00000000    0.00970106  0.00000000    0.01017302  0.00000000
 -0.00817243  0.00000000    0.00325038  0.00000000   -0.00352529  0.00000000
    2    2
  0.02925978  0.00000000    0.00574149  0.00000000   -0.00458677  0.00000000
  0.00574149  0.00000000    0.32185519  0.00000000    0.03628259  0.00000000
 -0.00458677  0.00000000    0.03628259  0.00000000    0.04623160  0.00000000
    2    3
 -0.04170417  0.00000000    0.00995420  0.00000000   -0.00449146  0.00000000
  0.01294288  0.00000000   -0.06320378  0.00000000   -0.02634103  0.00000000
 -0.00178146  0.00000000   -0.03337093  0.00000000   -0.05546345  0.00000000
    2    4
 -0.02744248  0.00000000    0.00771327  0.00000000    0.00203667  0.00000000
  0.01259458  0.00000000   -0.08179716  0.00000000   -0.03747483  0.00000000
  0.00335756  0.00000000   -0.02519087  0.00000000   -0.04506183  0.00000000
    3    1
  0.18203416  0.00000000   -0.14667988  0.00000000   -0.27970028  0.00000000
 -0.14063425  0.00000000    0.46054927  0.00000000    0.34284140  0.00000000
 -0.27397790  0.00000000    0.36194973  0.00000000    0.70514599  0.00000000
    3    2
 -0.04170417  0.00000000    0.01294288  0.00000000   -0.00178146  0.00000000
  0.00995420  0.00000000   -0.06320378  0.00000000   -0.03337093  0.00000000
 -0.00449146  0.00000000   -0.02634103  0.00000000   -0.05546345  0.00000000
    3    3
  0.33484946  0.00000000   -0.02139357  0.00000000   -0.40519046  0.00000000
 -0.02139357  0.00000000    1.10394175  0.00000000    0.17429468  0.00000000
 -0.40519046  0.00000000    0.17429468  0.00000000    1.03193224  0.00000000
    3    4
  0.14834268  0.00000000    0.10511823  0.00000000   -0.14384750  0.00000000
  0.10710850  0.00000000    0.45318284  0.00000000   -0.17532807  0.00000000
 -0.13810122  0.00000000   -0.18120252  0.00000000    0.36290793  0.00000000
    4    1
 -0.03221444  0.00000000   -0.01434175  0.00000000    0.12322917  0.00000000
 -0.00970048  0.00000000    0.13446583  0.00000000    0.02127887  0.00000000
  0.12303324  0.00000000    0.04585110  0.00000000   -0.21266439  0.00000000
    4    2
 -0.02744248  0.00000000    0.01259458  0.00000000    0.00335756  0.00000000
  0.00771327  0.00000000   -0.08179716  0.00000000   -0.02519087  0.00000000
  0.00203667  0.00000000   -0.03747483  0.00000000   -0.04506183  0.00000000
    4    3
  0.14834268  0.00000000    0.10710850  0.00000000   -0.13810122  0.00000000
  0.10511823  0.00000000    0.45318284  0.00000000   -0.18120252  0.00000000
 -0.14384750  0.00000000   -0.17532807  0.00000000    0.36290793  0.00000000
    4    4
  0.18953538  0.00000000    0.11748594  0.00000000   -0.27269216  0.00000000
  0.11748594  0.00000000    0.40429488  0.00000000   -0.20140265  0.00000000
 -0.27269216  0.00000000   -0.20140265  0.00000000    0.60843583  0.00000000

     Diagonalizing the dynamical matrix

     q = (    0.031292444  -0.348222407   0.000000000 ) 

 **************************************************************************
     freq (    1) =       1.059225 [THz] =      35.331949 [cm-1]
 (  0.429053  0.000000 -0.062293  0.000000  0.215236  0.000000 ) 
 ( -0.704956  0.000000  0.055830  0.000000 -0.295639  0.000000 ) 
 ( -0.372869  0.000000  0.033115  0.000000 -0.180710  0.000000 ) 
 ( -0.069382  0.000000  0.015157  0.000000 -0.019886  0.000000 ) 
     freq (    2) =       1.215545 [THz] =      40.546209 [cm-1]
 ( -0.200585  0.000000  0.414450  0.000000  0.185745  0.000000 ) 
 (  0.254110  0.000000 -0.042359  0.000000 -0.653096  0.000000 ) 
 (  0.189975  0.000000 -0.098327  0.000000 -0.372635  0.000000 ) 
 ( -0.086487  0.000000 -0.212619  0.000000  0.152621  0.000000 ) 
     freq (    3) =       1.654675 [THz] =      55.194023 [cm-1]
 (  0.636063  0.000000 -0.056532  0.000000  0.374234  0.000000 ) 
 (  0.097114  0.000000 -0.004665  0.000000  0.026378  0.000000 ) 
 ( -0.433435  0.000000  0.041899  0.000000 -0.284730  0.000000 ) 
 (  0.341960  0.000000 -0.033354  0.000000  0.230837  0.000000 ) 
     freq (    4) =       2.179780 [THz] =      72.709630 [cm-1]
 (  0.319472  0.000000  0.209338  0.000000 -0.480897  0.000000 ) 
 (  0.031400  0.000000 -0.025198  0.000000 -0.065992  0.000000 ) 
 ( -0.279986  0.000000 -0.079752  0.000000  0.451817  0.000000 ) 
 (  0.295592  0.000000 -0.012135  0.000000 -0.490371  0.000000 ) 
     freq (    5) =       3.157577 [THz] =     105.325442 [cm-1]
 ( -0.490524  0.000000  0.060334  0.000000 -0.228101  0.000000 ) 
 ( -0.050868  0.000000 -0.002353  0.000000  0.001090  0.000000 ) 
 ( -0.196489  0.000000  0.013816  0.000000 -0.115398  0.000000 ) 
 (  0.722600  0.000000 -0.074319  0.000000  0.348328  0.000000 ) 
     freq (    6) =       4.597774 [THz] =     153.365225 [cm-1]
 (  0.055885  0.000000  0.723288  0.000000  0.093332  0.000000 ) 
 ( -0.084133  0.000000 -0.451458  0.000000  0.111603  0.000000 ) 
 (  0.143474  0.000000 -0.166439  0.000000 -0.284538  0.000000 ) 
 ( -0.063495  0.000000 -0.327340  0.000000 -0.035231  0.000000 ) 
     freq (    7) =       7.020948 [THz] =     234.193626 [cm-1]
 (  0.064405  0.000000  0.856117  0.000000  0.038093  0.000000 ) 
 ( -0.017386  0.000000  0.257395  0.000000  0.078780  0.000000 ) 
 (  0.092331  0.000000 -0.357554  0.000000 -0.209185  0.000000 ) 
 ( -0.022251  0.000000  0.087062  0.000000  0.022376  0.000000 ) 
     freq (    8) =       9.872239 [THz] =     329.302439 [cm-1]
 ( -0.033309  0.000000 -0.007118  0.000000  0.062818  0.000000 ) 
 (  0.004575  0.000000 -0.095596  0.000000 -0.028254  0.000000 ) 
 ( -0.068874  0.000000 -0.427269  0.000000  0.108083  0.000000 ) 
 (  0.022256  0.000000  0.873709  0.000000  0.148624  0.000000 ) 
     freq (    9) =      13.320068 [THz] =     444.309648 [cm-1]
 ( -0.289438  0.000000  0.027713  0.000000 -0.137062  0.000000 ) 
 (  0.030874  0.000000 -0.003074  0.000000  0.018041  0.000000 ) 
 ( -0.772617  0.000000  0.034290  0.000000 -0.354582  0.000000 ) 
 ( -0.373382  0.000000  0.038667  0.000000 -0.175024  0.000000 ) 
     freq (   10) =      25.204640 [THz] =     840.736305 [cm-1]
 (  0.244429  0.000000  0.193975  0.000000 -0.488795  0.000000 ) 
 (  0.002801  0.000000 -0.013267  0.000000 -0.009018  0.000000 ) 
 ( -0.014957  0.000000  0.470207  0.000000  0.094062  0.000000 ) 
 ( -0.270434  0.000000  0.131565  0.000000  0.585519  0.000000 ) 
     freq (   11) =      35.450484 [THz] =    1182.500861 [cm-1]
 (  0.002460  0.000000 -0.099112  0.000000 -0.003733  0.000000 ) 
 (  0.000487  0.000000  0.003517  0.000000 -0.000979  0.000000 ) 
 ( -0.237489  0.000000 -0.629529  0.000000  0.425659  0.000000 ) 
 ( -0.209572  0.000000 -0.392431  0.000000  0.397903  0.000000 ) 
     freq (   12) =      43.432649 [THz] =    1448.757226 [cm-1]
 ( -0.222047  0.000000  0.299801  0.000000  0.514284  0.000000 ) 
 (  0.000539  0.000000 -0.002504  0.000000 -0.002807  0.000000 ) 
 ( -0.252112  0.000000  0.421412  0.000000  0.593422  0.000000 ) 
 ( -0.003721  0.000000  0.049311  0.000000  0.023846  0.000000 ) 
 **************************************************************************
