Dynamical matrix file
                                                                           
  3    4  0  6.4086764  0.0000000  0.0000000  0.0000000  0.0000000  0.0000000
Basis vectors
      0.995986577    0.089502726    0.000000000
      0.134887988    1.447985439    0.000000000
      0.000000000    0.000000000    6.526971599
           1  'Ag  '    98315.6675103240     
           2  'N   '    12766.3260662741     
           3  'O   '    14582.5610075711     
    1    3      0.3477540960      0.1162668182      3.5996371043
    2    1      0.6086335161      0.7881073477      3.2026757464
    3    2      0.6137789319      1.4069365990      3.3027802314
    4    3      0.6228736033      0.1745303799      3.0277932189

     Dynamical  Matrix in cartesian axes

     q = (    0.000000000   0.000000000   0.000000000 ) 

    1    1
  0.21574343  0.00000000   -0.14281791  0.00000000   -0.41205574  0.00000000
 -0.14281791  0.00000000    0.34777341  0.00000000    0.35057455  0.00000000
 -0.41205574  0.00000000    0.35057455  0.00000000    0.95952686  0.00000000
    1    2
 -0.00049020  0.00000000    0.00611255  0.00000000    0.01207049  0.00000000
  0.01273427  0.00000000   -0.00405639  0.00000000   -0.03925404  0.00000000
  0.00334394  0.00000000   -0.01172765  0.00000000   -0.03426489  0.00000000
    1    3
 -0.18257723  0.00000000    0.14235020  0.00000000    0.28388809  0.00000000
  0.14851010  0.00000000   -0.47027424  0.00000000   -0.36800608  0.00000000
  0.29252745  0.00000000   -0.35207113  0.00000000   -0.72510890  0.00000000
    1    4
 -0.03255892  0.00000000   -0.00566287  0.00000000    0.11616182  0.00000000
 -0.01839414  0.00000000    0.12678726  0.00000000    0.05682967  0.00000000
  0.11630473  0.00000000    0.01323056  0.00000000   -0.20012842  0.00000000
    2    1
 -0.00049020  0.00000000    0.01273427  0.00000000    0.00334394  0.00000000
  0.00611255  0.00000000   -0.00405639  0.00000000   -0.01172765  0.00000000
  0.01207049  0.00000000   -0.03925404  0.00000000   -0.03426489  0.00000000
    2    2
  0.03120110  0.00000000    0.00558663  0.00000000   -0.00177561  0.00000000
  0.00558663  0.00000000    0.30827189  0.00000000    0.03751289  0.00000000
 -0.00177561  0.00000000    0.03751289  0.00000000    0.04551187  0.00000000
    2    3
 -0.01258306  0.00000000   -0.01232878  0.00000000   -0.01023937  0.00000000
 -0.01189597  0.00000000   -0.19099443  0.00000000   -0.00469783  0.00000000
 -0.02797871  0.00000000   -0.00480381  0.00000000    0.04443076  0.00000000
    2    4
 -0.01865342  0.00000000   -0.00609089  0.00000000    0.00861397  0.00000000
  0.00004775  0.00000000   -0.11429655  0.00000000   -0.02114760  0.00000000
  0.01759305  0.00000000    0.00671514  0.00000000   -0.05603734  0.00000000
    3    1
 -0.18257723  0.00000000    0.14851010  0.00000000    0.29252745  0.00000000
  0.14235020  0.00000000   -0.47027424  0.00000000   -0.35207113  0.00000000
  0.28388809  0.00000000   -0.36800608  0.00000000   -0.72510890  0.00000000
    3    2
 -0.01258306  0.00000000   -0.01189597  0.00000000   -0.02797871  0.00000000
 -0.01232878  0.00000000   -0.19099443  0.00000000   -0.00480381  0.00000000
 -0.01023937  0.00000000   -0.00469783  0.00000000    0.04443076  0.00000000
    3    3
  0.33184094  0.00000000   -0.02509606  0.00000000   -0.41872926  0.00000000
 -0.02509606  0.00000000    1.08877657  0.00000000    0.18147721  0.00000000
 -0.41872926  0.00000000    0.18147721  0.00000000    1.04179981  0.00000000
    3    4
 -0.13646922  0.00000000   -0.11152381  0.00000000    0.15423367  0.00000000
 -0.10489420  0.00000000   -0.42772432  0.00000000    0.17539031  0.00000000
  0.14514359  0.00000000    0.19125505  0.00000000   -0.36111113  0.00000000
    4    1
 -0.03255892  0.00000000   -0.01839414  0.00000000    0.11630473  0.00000000
 -0.00566287  0.00000000    0.12678726  0.00000000    0.01323056  0.00000000
  0.11616182  0.00000000    0.05682967  0.00000000   -0.20012842  0.00000000
    4    2
 -0.01865342  0.00000000    0.00004775  0.00000000    0.01759305  0.00000000
 -0.00609089  0.00000000   -0.11429655  0.00000000    0.00671514  0.00000000
  0.00861397  0.00000000   -0.02114760  0.00000000   -0.05603734  0.00000000
    4    3
 -0.13646922  0.00000000   -0.10489420  0.00000000    0.14514359  0.00000000
 -0.11152381  0.00000000   -0.42772432  0.00000000    0.19125505  0.00000000
  0.15423367  0.00000000    0.17539031  0.00000000   -0.36111113  0.00000000
    4    4
  0.18790907  0.00000000    0.12329035  0.00000000   -0.27903354  0.00000000
  0.12329035  0.00000000    0.41522859  0.00000000   -0.21095771  0.00000000
 -0.27903354  0.00000000   -0.21095771  0.00000000    0.61763181  0.00000000

     Dielectric Tensor:

                 1.403595528       0.011409820      -0.018304379 
                 0.011409943       1.631550570      -0.001104534 
                -0.018304669      -0.001104179       1.134181806 

     Effective Charges E-U: Z_{alpha}{s,beta}

     atom #    1
               -0.53210        0.24160        0.44225 
               -0.03035       -0.72858        0.11632 
                0.18940       -0.23786       -0.54920 
     atom #    2
                0.88507        0.00390        0.10441 
                0.01762        1.12146       -0.09145 
                0.00343       -0.01768        0.23780 
     atom #    3
                0.39226        0.16641       -0.91779 
                0.18360        0.76984       -0.36117 
               -0.38192       -0.00513        0.81592 
     atom #    4
               -0.73086       -0.41142        0.36885 
               -0.16463       -1.15412        0.33929 
                0.18805        0.26192       -0.49019 

     Diagonalizing the dynamical matrix

     q = (    0.000000000   0.000000000   0.000000000 ) 

 **************************************************************************
     freq (    1) =      -0.299518 [THz] =      -9.990838 [cm-1]
 (  0.038715  0.000000  0.478471  0.000000 -0.128461  0.000000 ) 
 (  0.037367  0.000000  0.482464  0.000000 -0.132602  0.000000 ) 
 (  0.036934  0.000000  0.481144  0.000000 -0.130399  0.000000 ) 
 (  0.034566  0.000000  0.482938  0.000000 -0.130465  0.000000 ) 
     freq (    2) =       0.022090 [THz] =       0.736831 [cm-1]
 (  0.453209  0.000000 -0.084165  0.000000 -0.178372  0.000000 ) 
 (  0.467748  0.000000 -0.083862  0.000000 -0.175304  0.000000 ) 
 (  0.458432  0.000000 -0.083758  0.000000 -0.176224  0.000000 ) 
 (  0.462261  0.000000 -0.083453  0.000000 -0.173982  0.000000 ) 
     freq (    3) =       0.100403 [THz] =       3.349093 [cm-1]
 (  0.184047  0.000000  0.109684  0.000000  0.447854  0.000000 ) 
 (  0.192523  0.000000  0.109001  0.000000  0.454486  0.000000 ) 
 (  0.186706  0.000000  0.109318  0.000000  0.449014  0.000000 ) 
 (  0.188308  0.000000  0.108768  0.000000  0.449784  0.000000 ) 
     freq (    4) =       2.297214 [THz] =      76.626815 [cm-1]
 (  0.824924  0.000000 -0.086045  0.000000  0.402082  0.000000 ) 
 ( -0.128059  0.000000  0.011226  0.000000 -0.065357  0.000000 ) 
 (  0.275863  0.000000 -0.026088  0.000000  0.136844  0.000000 ) 
 ( -0.168803  0.000000  0.025981  0.000000 -0.070375  0.000000 ) 
     freq (    5) =       3.165992 [THz] =     105.606127 [cm-1]
 ( -0.271240  0.000000 -0.364606  0.000000  0.478497  0.000000 ) 
 (  0.115026  0.000000  0.053019  0.000000 -0.185318  0.000000 ) 
 ( -0.240547  0.000000 -0.096697  0.000000  0.391663  0.000000 ) 
 ( -0.304447  0.000000  0.083839  0.000000  0.440247  0.000000 ) 
     freq (    6) =       4.055256 [THz] =     135.268785 [cm-1]
 (  0.124345  0.000000  0.016574  0.000000  0.004226  0.000000 ) 
 (  0.138429  0.000000 -0.018518  0.000000  0.089407  0.000000 ) 
 ( -0.327891  0.000000  0.040559  0.000000 -0.220427  0.000000 ) 
 ( -0.784661  0.000000  0.069253  0.000000 -0.422507  0.000000 ) 
     freq (    7) =       6.445772 [THz] =     215.007808 [cm-1]
 ( -0.014740  0.000000 -0.811884  0.000000 -0.134870  0.000000 ) 
 ( -0.027800  0.000000  0.096615  0.000000  0.074143  0.000000 ) 
 (  0.160902  0.000000 -0.181517  0.000000 -0.379386  0.000000 ) 
 (  0.060810  0.000000  0.314935  0.000000 -0.034322  0.000000 ) 
     freq (    8) =      11.669265 [THz] =     389.244777 [cm-1]
 ( -0.003990  0.000000  0.110064  0.000000  0.056948  0.000000 ) 
 ( -0.006809  0.000000 -0.197405  0.000000 -0.020339  0.000000 ) 
 (  0.025551  0.000000  0.421520  0.000000 -0.100678  0.000000 ) 
 (  0.027912  0.000000  0.852681  0.000000  0.169961  0.000000 ) 
     freq (    9) =      12.497552 [THz] =     416.873476 [cm-1]
 ( -0.302843  0.000000  0.022447  0.000000 -0.141289  0.000000 ) 
 ( -0.006219  0.000000 -0.008875  0.000000 -0.001988  0.000000 ) 
 (  0.783991  0.000000 -0.027424  0.000000  0.356690  0.000000 ) 
 ( -0.341254  0.000000  0.061380  0.000000 -0.157652  0.000000 ) 
     freq (   10) =      25.038629 [THz] =     835.198763 [cm-1]
 (  0.242652  0.000000  0.211434  0.000000 -0.482809  0.000000 ) 
 (  0.002999  0.000000  0.013411  0.000000 -0.004650  0.000000 ) 
 (  0.008755  0.000000 -0.480548  0.000000 -0.077117  0.000000 ) 
 ( -0.270673  0.000000  0.119059  0.000000  0.581990  0.000000 ) 
     freq (   11) =      35.375264 [THz] =    1179.991794 [cm-1]
 (  0.010044  0.000000 -0.110008  0.000000 -0.022735  0.000000 ) 
 (  0.000158  0.000000 -0.007694  0.000000 -0.004578  0.000000 ) 
 (  0.231478  0.000000  0.634683  0.000000 -0.404581  0.000000 ) 
 ( -0.213769  0.000000 -0.393830  0.000000  0.407812  0.000000 ) 
     freq (   12) =      43.846237 [THz] =    1462.553049 [cm-1]
 ( -0.221874  0.000000  0.298240  0.000000  0.516649  0.000000 ) 
 (  0.000795  0.000000  0.003722  0.000000 -0.003791  0.000000 ) 
 (  0.259276  0.000000 -0.403411  0.000000 -0.602163  0.000000 ) 
 ( -0.010452  0.000000  0.029890  0.000000  0.036100  0.000000 ) 
 **************************************************************************
