Dynamical matrix file
                                                                           
  3    4  0  6.4086764  0.0000000  0.0000000  0.0000000  0.0000000  0.0000000
Basis vectors
      0.995986577    0.089502726    0.000000000
      0.134887988    1.447985439    0.000000000
      0.000000000    0.000000000    6.526971599
           1  'Ag  '    98315.6675103240     
           2  'N   '    12766.3260662741     
           3  'O   '    14582.5610075711     
    1    3      0.3477540960      0.1162668182      3.5996371043
    2    1      0.6086335161      0.7881073477      3.2026757464
    3    2      0.6137789319      1.4069365990      3.3027802314
    4    3      0.6228736033      0.1745303799      3.0277932189

     Dynamical  Matrix in cartesian axes

     q = (   -0.015646222   0.174111204   0.000000000 ) 

    1    1
  0.21484606  0.00000000   -0.14171446 -0.00014923   -0.40876568  0.00067184
 -0.14171446  0.00014923    0.34124075  0.00000000    0.34373335  0.00030165
 -0.40876568 -0.00067184    0.34373335 -0.00030165    0.94875763  0.00000000
    1    2
 -0.00604537 -0.00550092    0.00255819 -0.00363615    0.00157373 -0.00970956
  0.00547532 -0.00853796    0.00276428  0.01099968   -0.01782545  0.02186603
 -0.00313290 -0.00681953   -0.00058752  0.01125878   -0.01798745  0.01407704
    1    3
  0.00138154  0.18172647    0.00157043 -0.14158518   -0.00076139 -0.27781179
 -0.00227616 -0.14704502    0.00140809  0.46377501    0.00525055  0.36211250
  0.00174114 -0.28454066   -0.00180246  0.34597119    0.00207021  0.71132764
    1    4
 -0.03259837  0.00006847   -0.00820191 -0.00217488    0.12024469  0.00188239
 -0.01606437  0.00211916    0.13205910 -0.00335512    0.05044572 -0.00441180
  0.12038123  0.00036044    0.01774589  0.00174807   -0.20814300 -0.00185748
    2    1
 -0.00604537  0.00550092    0.00547532  0.00853796   -0.00313290  0.00681953
  0.00255819  0.00363615    0.00276428 -0.01099968   -0.00058752 -0.01125878
  0.00157373  0.00970956   -0.01782545 -0.02186603   -0.01798745 -0.01407704
    2    2
  0.03081993 -0.00000000    0.00529027 -0.00061347   -0.00313919  0.00027457
  0.00529027  0.00061347    0.31829216 -0.00000000    0.03722923 -0.00024043
 -0.00313919 -0.00027457    0.03722923  0.00024043    0.04541458  0.00000000
    2    3
 -0.02719229 -0.01481686   -0.00220738  0.01143482   -0.00736388  0.00295701
  0.00127327  0.01258879   -0.12294072  0.06455120   -0.01617603 -0.01084426
 -0.01405579  0.01221408   -0.01782395 -0.01462869   -0.00725387 -0.04839283
    2    4
 -0.02311890  0.00453423    0.00080524 -0.00627245    0.00537771  0.00328286
  0.00676057 -0.00753660   -0.09938795 -0.01993342   -0.02939133  0.01020951
  0.01011689  0.00689889   -0.00974416  0.01447306   -0.04963213 -0.00458804
    3    1
  0.00138154 -0.18172647   -0.00227616  0.14704502    0.00174114  0.28454066
  0.00157043  0.14158518    0.00140809 -0.46377501   -0.00180246 -0.34597119
 -0.00076139  0.27781179    0.00525055 -0.36211250    0.00207021 -0.71132764
    3    2
 -0.02719229  0.01481686    0.00127327 -0.01258879   -0.01405579 -0.01221408
 -0.00220738 -0.01143482   -0.12294072 -0.06455120   -0.01782395  0.01462869
 -0.00736388 -0.00295701   -0.01617603  0.01084426   -0.00725387  0.04839283
    3    3
  0.33201467  0.00000000   -0.02340141 -0.00419224   -0.40980492  0.00247144
 -0.02340141  0.00419224    1.09447203  0.00000000    0.17576675 -0.00824385
 -0.40980492 -0.00247144    0.17576675  0.00824385    1.03198477  0.00000000
    3    4
  0.00691213 -0.14182154   -0.00112088 -0.10747665    0.00199433  0.14763370
  0.00291921 -0.10612782    0.01210001 -0.44160230   -0.00175067  0.17541791
 -0.00169482  0.14076202   -0.00172368  0.18601199    0.00792664 -0.35942082
    4    1
 -0.03259837 -0.00006847   -0.01606437 -0.00211916    0.12038123 -0.00036044
 -0.00820191  0.00217488    0.13205910  0.00335512    0.01774589 -0.00174807
  0.12024469 -0.00188239    0.05044572  0.00441180   -0.20814300  0.00185748
    4    2
 -0.02311890 -0.00453423    0.00676057  0.00753660    0.01011689 -0.00689889
  0.00080524  0.00627245   -0.09938795  0.01993342   -0.00974416 -0.01447306
  0.00537771 -0.00328286   -0.02939133 -0.01020951   -0.04963213  0.00458804
    4    3
  0.00691213  0.14182154    0.00291921  0.10612782   -0.00169482 -0.14076202
 -0.00112088  0.10747665    0.01210001  0.44160230   -0.00172368 -0.18601199
  0.00199433 -0.14763370   -0.00175067 -0.17541791    0.00792664  0.35942082
    4    4
  0.18785873  0.00000000    0.12063036 -0.00159485   -0.27524753  0.00112350
  0.12063036  0.00159485    0.41137488  0.00000000   -0.20621007 -0.00037062
 -0.27524753 -0.00112350   -0.20621007  0.00037062    0.61121064  0.00000000

     Dynamical  Matrix in cartesian axes

     q = (    0.015646222  -0.174111204   0.000000000 ) 

    1    1
  0.21484606 -0.00000000   -0.14171446  0.00014923   -0.40876568 -0.00067184
 -0.14171446 -0.00014923    0.34124075 -0.00000000    0.34373335 -0.00030165
 -0.40876568  0.00067184    0.34373335  0.00030165    0.94875763  0.00000000
    1    2
 -0.00604537  0.00550092    0.00255819  0.00363615    0.00157373  0.00970956
  0.00547532  0.00853796    0.00276428 -0.01099968   -0.01782545 -0.02186603
 -0.00313290  0.00681953   -0.00058752 -0.01125878   -0.01798745 -0.01407704
    1    3
  0.00138154 -0.18172647    0.00157043  0.14158518   -0.00076139  0.27781179
 -0.00227616  0.14704502    0.00140809 -0.46377501    0.00525055 -0.36211250
  0.00174114  0.28454066   -0.00180246 -0.34597119    0.00207021 -0.71132764
    1    4
 -0.03259837 -0.00006847   -0.00820191  0.00217488    0.12024469 -0.00188239
 -0.01606437 -0.00211916    0.13205910  0.00335512    0.05044572  0.00441180
  0.12038123 -0.00036044    0.01774589 -0.00174807   -0.20814300  0.00185748
    2    1
 -0.00604537 -0.00550092    0.00547532 -0.00853796   -0.00313290 -0.00681953
  0.00255819 -0.00363615    0.00276428  0.01099968   -0.00058752  0.01125878
  0.00157373 -0.00970956   -0.01782545  0.02186603   -0.01798745  0.01407704
    2    2
  0.03081993  0.00000000    0.00529027  0.00061347   -0.00313919 -0.00027457
  0.00529027 -0.00061347    0.31829216  0.00000000    0.03722923  0.00024043
 -0.00313919  0.00027457    0.03722923 -0.00024043    0.04541458  0.00000000
    2    3
 -0.02719229  0.01481686   -0.00220738 -0.01143482   -0.00736388 -0.00295701
  0.00127327 -0.01258879   -0.12294072 -0.06455120   -0.01617603  0.01084426
 -0.01405579 -0.01221408   -0.01782395  0.01462869   -0.00725387  0.04839283
    2    4
 -0.02311890 -0.00453423    0.00080524  0.00627245    0.00537771 -0.00328286
  0.00676057  0.00753660   -0.09938795  0.01993342   -0.02939133 -0.01020951
  0.01011689 -0.00689889   -0.00974416 -0.01447306   -0.04963213  0.00458804
    3    1
  0.00138154  0.18172647   -0.00227616 -0.14704502    0.00174114 -0.28454066
  0.00157043 -0.14158518    0.00140809  0.46377501   -0.00180246  0.34597119
 -0.00076139 -0.27781179    0.00525055  0.36211250    0.00207021  0.71132764
    3    2
 -0.02719229 -0.01481686    0.00127327  0.01258879   -0.01405579  0.01221408
 -0.00220738  0.01143482   -0.12294072  0.06455120   -0.01782395 -0.01462869
 -0.00736388  0.00295701   -0.01617603 -0.01084426   -0.00725387 -0.04839283
    3    3
  0.33201467 -0.00000000   -0.02340141  0.00419224   -0.40980492 -0.00247144
 -0.02340141 -0.00419224    1.09447203 -0.00000000    0.17576675  0.00824385
 -0.40980492  0.00247144    0.17576675 -0.00824385    1.03198477  0.00000000
    3    4
  0.00691213  0.14182154   -0.00112088  0.10747665    0.00199433 -0.14763370
  0.00291921  0.10612782    0.01210001  0.44160230   -0.00175067 -0.17541791
 -0.00169482 -0.14076202   -0.00172368 -0.18601199    0.00792664  0.35942082
    4    1
 -0.03259837  0.00006847   -0.01606437  0.00211916    0.12038123  0.00036044
 -0.00820191 -0.00217488    0.13205910 -0.00335512    0.01774589  0.00174807
  0.12024469  0.00188239    0.05044572 -0.00441180   -0.20814300 -0.00185748
    4    2
 -0.02311890  0.00453423    0.00676057 -0.00753660    0.01011689  0.00689889
  0.00080524 -0.00627245   -0.09938795 -0.01993342   -0.00974416  0.01447306
  0.00537771  0.00328286   -0.02939133  0.01020951   -0.04963213 -0.00458804
    4    3
  0.00691213 -0.14182154    0.00291921 -0.10612782   -0.00169482  0.14076202
 -0.00112088 -0.10747665    0.01210001 -0.44160230   -0.00172368  0.18601199
  0.00199433  0.14763370   -0.00175067  0.17541791    0.00792664 -0.35942082
    4    4
  0.18785873 -0.00000000    0.12063036  0.00159485   -0.27524753 -0.00112350
  0.12063036 -0.00159485    0.41137488 -0.00000000   -0.20621007  0.00037062
 -0.27524753  0.00112350   -0.20621007 -0.00037062    0.61121064  0.00000000

     Diagonalizing the dynamical matrix

     q = (   -0.015646222   0.174111204   0.000000000 ) 

 **************************************************************************
     freq (    1) =       0.402895 [THz] =      13.439136 [cm-1]
 (  0.177008  0.019641 -0.035513 -0.156009  0.466358 -0.033307 ) 
 (  0.089142  0.115656 -0.002670 -0.003658  0.354253  0.312995 ) 
 ( -0.001341  0.161930  0.035698 -0.023705  0.107379  0.457095 ) 
 (  0.144275  0.034087 -0.014812  0.074310  0.450594  0.000000 ) 
     freq (    2) =       0.494424 [THz] =      16.492201 [cm-1]
 ( -0.475875 -0.056357  0.049307 -0.138697  0.127532  0.019761 ) 
 ( -0.245844 -0.409474  0.019292  0.036811  0.105589  0.108174 ) 
 (  0.026327 -0.471775  0.030963  0.032729  0.023776  0.139722 ) 
 ( -0.431057 -0.146429  0.012650  0.077763  0.143235  0.000000 ) 
     freq (    3) =       2.055837 [THz] =      68.575329 [cm-1]
 (  0.175386 -0.777259 -0.031272  0.063244  0.126118 -0.361091 ) 
 ( -0.132397  0.088753  0.014106 -0.006850 -0.067345  0.048933 ) 
 (  0.339863  0.032734 -0.026463 -0.005337  0.154873  0.052693 ) 
 ( -0.185095 -0.018312  0.019957 -0.005990 -0.046448  0.000000 ) 
     freq (    4) =       2.711879 [THz] =      90.458535 [cm-1]
 ( -0.233166  0.039856 -0.416628  0.124241  0.450489  0.044987 ) 
 (  0.069816  0.039821 -0.019503 -0.130927 -0.111459 -0.111243 ) 
 (  0.006395 -0.213108  0.000036 -0.197797 -0.092415  0.374505 ) 
 ( -0.267544  0.009531 -0.045535 -0.113673  0.425730  0.000000 ) 
     freq (    5) =       3.281894 [THz] =     109.472198 [cm-1]
 (  0.161418 -0.044926 -0.321106 -0.029393 -0.288432 -0.070820 ) 
 ( -0.032850 -0.112009 -0.053687 -0.456435  0.072368  0.112441 ) 
 ( -0.025787  0.152192  0.199994 -0.271067 -0.041578 -0.337725 ) 
 (  0.124411  0.149473 -0.201530 -0.366884 -0.266264  0.000000 ) 
     freq (    6) =       3.528533 [THz] =     117.699183 [cm-1]
 ( -0.258443 -0.149006  0.013305 -0.018248 -0.081045 -0.091294 ) 
 ( -0.089398 -0.063145  0.051484 -0.004063 -0.059239 -0.039989 ) 
 ( -0.027813  0.292920  0.027371 -0.017039  0.009320  0.186027 ) 
 (  0.764898  0.042708 -0.044850 -0.029430  0.404670  0.000000 ) 
     freq (    7) =       6.427602 [THz] =     214.401734 [cm-1]
 ( -0.023252 -0.029388 -0.420683 -0.706585 -0.031048 -0.084441 ) 
 (  0.029748 -0.008158 -0.102553  0.066035 -0.077861  0.024281 ) 
 ( -0.141354  0.040913  0.130276 -0.201759  0.298365 -0.105536 ) 
 (  0.013670  0.047637 -0.086824  0.318237 -0.031951  0.000000 ) 
     freq (    8) =      10.998083 [THz] =     366.856558 [cm-1]
 ( -0.016561 -0.012888  0.077936 -0.123648  0.058017  0.011581 ) 
 ( -0.002559 -0.005356 -0.159945 -0.082879 -0.024679 -0.001068 ) 
 ( -0.003264  0.044821  0.033380  0.427814  0.024568 -0.097023 ) 
 (  0.025417  0.002312  0.848573 -0.019637  0.155917  0.000000 ) 
     freq (    9) =      12.913788 [THz] =     430.757607 [cm-1]
 ( -0.294350 -0.019784  0.026101 -0.003362 -0.138536 -0.006936 ) 
 (  0.015517 -0.018281 -0.005998 -0.000823  0.009558 -0.009702 ) 
 ( -0.076874  0.774047  0.009538 -0.029062 -0.041864  0.353532 ) 
 ( -0.359019 -0.000199  0.048260 -0.003536 -0.168135  0.000000 ) 
     freq (   10) =      25.109495 [THz] =     837.562595 [cm-1]
 (  0.242651  0.004731  0.202541 -0.004834 -0.485182 -0.011149 ) 
 (  0.002914  0.000210 -0.000515  0.013024 -0.006936  0.002016 ) 
 (  0.001183  0.013311  0.014772 -0.474977  0.000977 -0.086736 ) 
 ( -0.270724 -0.000953  0.126008  0.000155  0.584466  0.000000 ) 
     freq (   11) =      35.393635 [THz] =    1180.604570 [cm-1]
 (  0.005601 -0.002533 -0.103612  0.001460 -0.011134  0.008585 ) 
 (  0.000320 -0.000253 -0.001949 -0.005113 -0.002634 -0.001674 ) 
 ( -0.003821  0.234655 -0.008888  0.630450  0.013515 -0.417514 ) 
 ( -0.211423  0.002190 -0.394394  0.001245  0.402008  0.000000 ) 
     freq (   12) =      43.537360 [THz] =    1452.250009 [cm-1]
 ( -0.222009  0.016807  0.297873 -0.025239  0.514484 -0.038497 ) 
 (  0.000709  0.000121  0.000970  0.002911 -0.003206 -0.000198 ) 
 (  0.017473  0.254617 -0.038990 -0.412432 -0.038771 -0.595044 ) 
 ( -0.006125 -0.000498  0.040768 -0.008034  0.027701  0.000000 ) 
 **************************************************************************
