Dynamical matrix file
                                                                           
  2    2  0  4.7418901  0.0000000  0.0000000  0.0000000  0.0000000  0.0000000
Basis vectors
      1.000000000    0.000000000    0.000000000
     -0.500000000    0.866025404    0.000000000
      0.000000000    0.000000000    7.970349730
           1  'B   '    9853.62370169200     
           2  'N   '    12766.3260662741     
    1    1      0.0000000000      0.5773502692      3.9851748648
    2    2      0.5000000000      0.2886751346      3.9851748648

     Dynamical  Matrix in cartesian axes

     q = (    0.000000000   0.115470054   0.000000000 ) 

    1    1
  0.82563404  0.00000000   -0.00000000  0.00000000    0.00000000  0.00000000
 -0.00000000  0.00000000    1.08177293  0.00000000    0.00000000  0.00000000
  0.00000000  0.00000000    0.00000000  0.00000000    0.30471156  0.00000000
    1    2
 -0.80017062 -0.09374385    0.00000000  0.00000000    0.00000000  0.00000000
  0.00000000  0.00000000   -0.96438492 -0.30565509    0.00000000  0.00000000
  0.00000000  0.00000000    0.00000000  0.00000000   -0.28201172 -0.06002281
    2    1
 -0.80017062  0.09374385    0.00000000 -0.00000000    0.00000000  0.00000000
  0.00000000 -0.00000000   -0.96438492  0.30565509    0.00000000  0.00000000
  0.00000000  0.00000000    0.00000000  0.00000000   -0.28201172  0.06002281
    2    2
  0.84387697  0.00000000   -0.00000000  0.00000000    0.00000000  0.00000000
 -0.00000000  0.00000000    1.10334759  0.00000000    0.00000000  0.00000000
  0.00000000  0.00000000    0.00000000  0.00000000    0.28293727  0.00000000

     Dynamical  Matrix in cartesian axes

     q = (    0.000000000  -0.115470054   0.000000000 ) 

    1    1
  0.82563404  0.00000000   -0.00000000  0.00000000    0.00000000  0.00000000
 -0.00000000  0.00000000    1.08177293  0.00000000    0.00000000  0.00000000
  0.00000000  0.00000000    0.00000000  0.00000000    0.30471156  0.00000000
    1    2
 -0.80017062  0.09374385    0.00000000 -0.00000000    0.00000000  0.00000000
  0.00000000 -0.00000000   -0.96438492  0.30565509    0.00000000  0.00000000
  0.00000000  0.00000000    0.00000000  0.00000000   -0.28201172  0.06002281
    2    1
 -0.80017062 -0.09374385    0.00000000  0.00000000    0.00000000  0.00000000
  0.00000000  0.00000000   -0.96438492 -0.30565509    0.00000000  0.00000000
  0.00000000  0.00000000    0.00000000  0.00000000   -0.28201172 -0.06002281
    2    2
  0.84387697  0.00000000   -0.00000000  0.00000000    0.00000000  0.00000000
 -0.00000000  0.00000000    1.10334759  0.00000000    0.00000000  0.00000000
  0.00000000  0.00000000    0.00000000  0.00000000    0.28293727  0.00000000

     Dynamical  Matrix in cartesian axes

     q = (   -0.100000000  -0.057735027   0.000000000 ) 

    1    1
  1.01773821  0.00000000    0.11091140  0.00000000    0.00000000  0.00000000
  0.11091140  0.00000000    0.88966876  0.00000000    0.00000000  0.00000000
  0.00000000  0.00000000    0.00000000  0.00000000    0.30471156  0.00000000
    1    2
 -0.92333135 -0.25267728   -0.07110688 -0.09176026    0.00000000  0.00000000
 -0.07110688 -0.09176026   -0.84122420 -0.14672166    0.00000000  0.00000000
  0.00000000  0.00000000    0.00000000  0.00000000   -0.28201172 -0.06002281
    2    1
 -0.92333135  0.25267728   -0.07110688  0.09176026    0.00000000  0.00000000
 -0.07110688  0.09176026   -0.84122420  0.14672166    0.00000000  0.00000000
  0.00000000  0.00000000    0.00000000  0.00000000   -0.28201172  0.06002281
    2    2
  1.03847993  0.00000000    0.11235407  0.00000000    0.00000000  0.00000000
  0.11235407  0.00000000    0.90874462  0.00000000    0.00000000  0.00000000
  0.00000000  0.00000000    0.00000000  0.00000000    0.28293727  0.00000000

     Dynamical  Matrix in cartesian axes

     q = (    0.100000000   0.057735027   0.000000000 ) 

    1    1
  1.01773821  0.00000000    0.11091140  0.00000000    0.00000000  0.00000000
  0.11091140  0.00000000    0.88966876  0.00000000    0.00000000  0.00000000
  0.00000000  0.00000000    0.00000000  0.00000000    0.30471156  0.00000000
    1    2
 -0.92333135  0.25267728   -0.07110688  0.09176026    0.00000000  0.00000000
 -0.07110688  0.09176026   -0.84122420  0.14672166    0.00000000  0.00000000
  0.00000000  0.00000000    0.00000000  0.00000000   -0.28201172  0.06002281
    2    1
 -0.92333135 -0.25267728   -0.07110688 -0.09176026    0.00000000  0.00000000
 -0.07110688 -0.09176026   -0.84122420 -0.14672166    0.00000000  0.00000000
  0.00000000  0.00000000    0.00000000  0.00000000   -0.28201172 -0.06002281
    2    2
  1.03847993  0.00000000    0.11235407  0.00000000    0.00000000  0.00000000
  0.11235407  0.00000000    0.90874462  0.00000000    0.00000000  0.00000000
  0.00000000  0.00000000    0.00000000  0.00000000    0.28293727  0.00000000

     Dynamical  Matrix in cartesian axes

     q = (    0.100000000  -0.057735027   0.000000000 ) 

    1    1
  1.01773821  0.00000000   -0.11091140  0.00000000    0.00000000  0.00000000
 -0.11091140  0.00000000    0.88966876  0.00000000    0.00000000  0.00000000
  0.00000000  0.00000000    0.00000000  0.00000000    0.30471156  0.00000000
    1    2
 -0.89551073  0.33830034    0.11146200  0.03244003    0.00000000  0.00000000
  0.11146200  0.03244003   -0.76680550  0.37575886    0.00000000  0.00000000
  0.00000000  0.00000000    0.00000000  0.00000000   -0.26343280  0.11720285
    2    1
 -0.89551073 -0.33830034    0.11146200 -0.03244003    0.00000000  0.00000000
  0.11146200 -0.03244003   -0.76680550 -0.37575886    0.00000000  0.00000000
  0.00000000  0.00000000    0.00000000  0.00000000   -0.26343280 -0.11720285
    2    2
  1.03847993  0.00000000   -0.11235407  0.00000000    0.00000000  0.00000000
 -0.11235407  0.00000000    0.90874462  0.00000000    0.00000000  0.00000000
  0.00000000  0.00000000    0.00000000  0.00000000    0.28293727  0.00000000

     Dynamical  Matrix in cartesian axes

     q = (   -0.100000000   0.057735027   0.000000000 ) 

    1    1
  1.01773821  0.00000000   -0.11091140  0.00000000    0.00000000  0.00000000
 -0.11091140  0.00000000    0.88966876  0.00000000    0.00000000  0.00000000
  0.00000000  0.00000000    0.00000000  0.00000000    0.30471156  0.00000000
    1    2
 -0.89551073 -0.33830034    0.11146200 -0.03244003    0.00000000  0.00000000
  0.11146200 -0.03244003   -0.76680550 -0.37575886    0.00000000  0.00000000
  0.00000000  0.00000000    0.00000000  0.00000000   -0.26343280 -0.11720285
    2    1
 -0.89551073  0.33830034    0.11146200  0.03244003    0.00000000  0.00000000
  0.11146200  0.03244003   -0.76680550  0.37575886    0.00000000  0.00000000
  0.00000000  0.00000000    0.00000000  0.00000000   -0.26343280  0.11720285
    2    2
  1.03847993  0.00000000   -0.11235407  0.00000000    0.00000000  0.00000000
 -0.11235407  0.00000000    0.90874462  0.00000000    0.00000000  0.00000000
  0.00000000  0.00000000    0.00000000  0.00000000    0.28293727  0.00000000

     Diagonalizing the dynamical matrix

     q = (    0.000000000   0.115470054   0.000000000 ) 

 **************************************************************************
     freq (    1) =       2.244416 [THz] =      74.865665 [cm-1]
 (  0.000000  0.000000  0.000000  0.000000  0.677614  0.144222 ) 
 (  0.000000  0.000000  0.000000 -0.000000  0.721137  0.000000 ) 
     freq (    2) =       5.276536 [THz] =     176.006282 [cm-1]
 (  0.704179  0.086419  0.000000  0.000000 -0.000000 -0.000000 ) 
 (  0.704733  0.003869  0.000000 -0.000000 -0.000000  0.000000 ) 
     freq (    3) =       8.798512 [THz] =     293.486773 [cm-1]
 ( -0.000000 -0.000000  0.698182  0.112804 -0.000000 -0.000000 ) 
 ( -0.000000 -0.000000  0.699379 -0.103372 -0.000000  0.000000 ) 
     freq (    4) =      23.864658 [THz] =     796.039321 [cm-1]
 (  0.000000 -0.000000 -0.000000 -0.000000  0.785665  0.167219 ) 
 (  0.000000  0.000000 -0.000000  0.000000 -0.595625  0.000000 ) 
     freq (    5) =      39.930500 [THz] =    1331.938097 [cm-1]
 (  0.778646  0.131339  0.000000  0.000000  0.000000  0.000000 ) 
 ( -0.612782 -0.030959 -0.000000  0.000000 -0.000000  0.000000 ) 
     freq (    6) =      45.234789 [THz] =    1508.870135 [cm-1]
 ( -0.000000 -0.000000  0.781382  0.126247  0.000000  0.000000 ) 
 (  0.000000  0.000000 -0.604582  0.089361 -0.000000  0.000000 ) 
 **************************************************************************
