Dynamical matrix file
                                                                           
  2    2  0  4.7418901  0.0000000  0.0000000  0.0000000  0.0000000  0.0000000
Basis vectors
      1.000000000    0.000000000    0.000000000
     -0.500000000    0.866025404    0.000000000
      0.000000000    0.000000000    7.970349730
           1  'B   '    9853.62370169200     
           2  'N   '    12766.3260662741     
    1    1      0.0000000000      0.5773502692      3.9851748648
    2    2      0.5000000000      0.2886751346      3.9851748648

     Dynamical  Matrix in cartesian axes

     q = (    0.000000000  -0.577350269   0.000000000 ) 

    1    1
  0.78873980  0.00000000   -0.00000000  0.00000000    0.00000000  0.00000000
 -0.00000000  0.00000000    1.34200274  0.00000000    0.00000000  0.00000000
  0.00000000  0.00000000    0.00000000  0.00000000    0.31262002  0.00000000
    1    2
 -0.57738759  0.00000000    0.00000000  0.00000000    0.00000000  0.00000000
  0.00000000  0.00000000    0.04025788  0.00000000    0.00000000  0.00000000
  0.00000000  0.00000000    0.00000000  0.00000000   -0.07974225  0.00000000
    2    1
 -0.57738759  0.00000000    0.00000000  0.00000000    0.00000000  0.00000000
  0.00000000  0.00000000    0.04025788  0.00000000    0.00000000  0.00000000
  0.00000000  0.00000000    0.00000000  0.00000000   -0.07974225  0.00000000
    2    2
  0.92560464  0.00000000   -0.00000000  0.00000000    0.00000000  0.00000000
 -0.00000000  0.00000000    1.40677912  0.00000000    0.00000000  0.00000000
  0.00000000  0.00000000    0.00000000  0.00000000    0.12573910  0.00000000

     Dynamical  Matrix in cartesian axes

     q = (    0.500000000   0.288675135   0.000000000 ) 

    1    1
  1.20368700  0.00000000    0.23956988  0.00000000    0.00000000  0.00000000
  0.23956988  0.00000000    0.92705553  0.00000000    0.00000000  0.00000000
  0.00000000  0.00000000    0.00000000  0.00000000    0.31262002  0.00000000
    1    2
 -0.11415349  0.00000000    0.26744833 -0.00000000    0.00000000  0.00000000
  0.26744833 -0.00000000   -0.42297622  0.00000000    0.00000000  0.00000000
  0.00000000  0.00000000    0.00000000  0.00000000   -0.07974225  0.00000000
    2    1
 -0.11415349 -0.00000000    0.26744833  0.00000000    0.00000000  0.00000000
  0.26744833  0.00000000   -0.42297622 -0.00000000    0.00000000  0.00000000
  0.00000000  0.00000000    0.00000000  0.00000000   -0.07974225 -0.00000000
    2    2
  1.28648550  0.00000000    0.20835466  0.00000000    0.00000000  0.00000000
  0.20835466  0.00000000    1.04589826  0.00000000    0.00000000  0.00000000
  0.00000000  0.00000000    0.00000000  0.00000000    0.12573910  0.00000000

     Dynamical  Matrix in cartesian axes

     q = (   -0.500000000   0.288675135   0.000000000 ) 

    1    1
  1.20368700  0.00000000   -0.23956988  0.00000000    0.00000000  0.00000000
 -0.23956988  0.00000000    0.92705553  0.00000000    0.00000000  0.00000000
  0.00000000  0.00000000    0.00000000  0.00000000    0.31262002  0.00000000
    1    2
  0.11415349 -0.00000000    0.26744833 -0.00000000    0.00000000  0.00000000
  0.26744833 -0.00000000    0.42297622 -0.00000000    0.00000000  0.00000000
  0.00000000  0.00000000    0.00000000  0.00000000    0.07974225 -0.00000000
    2    1
  0.11415349  0.00000000    0.26744833  0.00000000    0.00000000  0.00000000
  0.26744833  0.00000000    0.42297622  0.00000000    0.00000000  0.00000000
  0.00000000  0.00000000    0.00000000  0.00000000    0.07974225  0.00000000
    2    2
  1.28648550  0.00000000   -0.20835466  0.00000000    0.00000000  0.00000000
 -0.20835466  0.00000000    1.04589826  0.00000000    0.00000000  0.00000000
  0.00000000  0.00000000    0.00000000  0.00000000    0.12573910  0.00000000

     Diagonalizing the dynamical matrix

     q = (    0.000000000  -0.577350269   0.000000000 ) 

 **************************************************************************
     freq (    1) =       9.153635 [THz] =     305.332398 [cm-1]
 (  0.000000  0.000000 -0.000000  0.000000 -0.319702  0.000000 ) 
 (  0.000000  0.000000  0.000000  0.000000 -0.947518  0.000000 ) 
     freq (    2) =      16.335959 [THz] =     544.908924 [cm-1]
 (  0.726718  0.000000  0.000000  0.000000 -0.000000  0.000000 ) 
 (  0.686936  0.000000  0.000000  0.000000  0.000000  0.000000 ) 
     freq (    3) =      19.136015 [THz] =     638.308740 [cm-1]
 (  0.000000  0.000000 -0.000000  0.000000 -0.967721  0.000000 ) 
 (  0.000000  0.000000  0.000000  0.000000  0.252022  0.000000 ) 
     freq (    4) =      34.458339 [THz] =    1149.406466 [cm-1]
 ( -0.000000  0.000000 -0.152453  0.000000  0.000000  0.000000 ) 
 (  0.000000  0.000000  0.988311  0.000000  0.000000  0.000000 ) 
     freq (    5) =      37.204654 [THz] =    1241.013682 [cm-1]
 (  0.774578  0.000000  0.000000  0.000000 -0.000000  0.000000 ) 
 ( -0.632478  0.000000  0.000000  0.000000  0.000000  0.000000 ) 
     freq (    6) =      38.461653 [THz] =    1282.942646 [cm-1]
 (  0.000000  0.000000 -0.992987  0.000000  0.000000  0.000000 ) 
 ( -0.000000  0.000000 -0.118227  0.000000  0.000000  0.000000 ) 
 **************************************************************************
