Dynamical matrix file
                                                                           
  2    2  0  4.7418901  0.0000000  0.0000000  0.0000000  0.0000000  0.0000000
Basis vectors
      1.000000000    0.000000000    0.000000000
     -0.500000000    0.866025404    0.000000000
      0.000000000    0.000000000    7.970349730
           1  'B   '    9853.62370169200     
           2  'N   '    12766.3260662741     
    1    1      0.0000000000      0.5773502692      3.9851748648
    2    2      0.5000000000      0.2886751346      3.9851748648

     Dynamical  Matrix in cartesian axes

     q = (    0.000000000   0.230940108   0.000000000 ) 

    1    1
  0.81391885  0.00000000   -0.00000000  0.00000000    0.00000000  0.00000000
 -0.00000000  0.00000000    1.17913128  0.00000000    0.00000000  0.00000000
  0.00000000  0.00000000    0.00000000  0.00000000    0.30081623  0.00000000
    1    2
 -0.72160369 -0.13746296    0.00000000  0.00000000    0.00000000  0.00000000
  0.00000000  0.00000000   -0.72038615 -0.52170410    0.00000000  0.00000000
  0.00000000  0.00000000    0.00000000  0.00000000   -0.23916096 -0.10621102
    2    1
 -0.72160369  0.13746296    0.00000000 -0.00000000    0.00000000  0.00000000
  0.00000000 -0.00000000   -0.72038615  0.52170410    0.00000000  0.00000000
  0.00000000  0.00000000    0.00000000  0.00000000   -0.23916096  0.10621102
    2    2
  0.86865096  0.00000000   -0.00000000  0.00000000    0.00000000  0.00000000
 -0.00000000  0.00000000    1.22015919  0.00000000    0.00000000  0.00000000
  0.00000000  0.00000000    0.00000000  0.00000000    0.24565481  0.00000000

     Dynamical  Matrix in cartesian axes

     q = (    0.000000000  -0.230940108   0.000000000 ) 

    1    1
  0.81391885  0.00000000   -0.00000000  0.00000000    0.00000000  0.00000000
 -0.00000000  0.00000000    1.17913128  0.00000000    0.00000000  0.00000000
  0.00000000  0.00000000    0.00000000  0.00000000    0.30081623  0.00000000
    1    2
 -0.72160369  0.13746296    0.00000000 -0.00000000    0.00000000  0.00000000
  0.00000000 -0.00000000   -0.72038615  0.52170410    0.00000000  0.00000000
  0.00000000  0.00000000    0.00000000  0.00000000   -0.23916096  0.10621102
    2    1
 -0.72160369 -0.13746296    0.00000000  0.00000000    0.00000000  0.00000000
  0.00000000  0.00000000   -0.72038615 -0.52170410    0.00000000  0.00000000
  0.00000000  0.00000000    0.00000000  0.00000000   -0.23916096 -0.10621102
    2    2
  0.86865096  0.00000000   -0.00000000  0.00000000    0.00000000  0.00000000
 -0.00000000  0.00000000    1.22015919  0.00000000    0.00000000  0.00000000
  0.00000000  0.00000000    0.00000000  0.00000000    0.24565481  0.00000000

     Dynamical  Matrix in cartesian axes

     q = (   -0.200000000  -0.115470054   0.000000000 ) 

    1    1
  1.08782817  0.00000000    0.15814162  0.00000000    0.00000000  0.00000000
  0.15814162  0.00000000    0.90522196  0.00000000    0.00000000  0.00000000
  0.00000000  0.00000000    0.00000000  0.00000000    0.30081623  0.00000000
    1    2
 -0.72069053 -0.42564381    0.00052721 -0.16638130    0.00000000  0.00000000
  0.00052721 -0.16638130   -0.72129930 -0.23352324    0.00000000  0.00000000
  0.00000000  0.00000000    0.00000000  0.00000000   -0.23916096 -0.10621102
    2    1
 -0.72069053  0.42564381    0.00052721  0.16638130    0.00000000  0.00000000
  0.00052721  0.16638130   -0.72129930  0.23352324    0.00000000  0.00000000
  0.00000000  0.00000000    0.00000000  0.00000000   -0.23916096  0.10621102
    2    2
  1.13228213  0.00000000    0.15220753  0.00000000    0.00000000  0.00000000
  0.15220753  0.00000000    0.95652802  0.00000000    0.00000000  0.00000000
  0.00000000  0.00000000    0.00000000  0.00000000    0.24565481  0.00000000

     Dynamical  Matrix in cartesian axes

     q = (    0.200000000   0.115470054   0.000000000 ) 

    1    1
  1.08782817  0.00000000    0.15814162  0.00000000    0.00000000  0.00000000
  0.15814162  0.00000000    0.90522196  0.00000000    0.00000000  0.00000000
  0.00000000  0.00000000    0.00000000  0.00000000    0.30081623  0.00000000
    1    2
 -0.72069053  0.42564381    0.00052721  0.16638130    0.00000000  0.00000000
  0.00052721  0.16638130   -0.72129930  0.23352324    0.00000000  0.00000000
  0.00000000  0.00000000    0.00000000  0.00000000   -0.23916096  0.10621102
    2    1
 -0.72069053 -0.42564381    0.00052721 -0.16638130    0.00000000  0.00000000
  0.00052721 -0.16638130   -0.72129930 -0.23352324    0.00000000  0.00000000
  0.00000000  0.00000000    0.00000000  0.00000000   -0.23916096 -0.10621102
    2    2
  1.13228213  0.00000000    0.15220753  0.00000000    0.00000000  0.00000000
  0.15220753  0.00000000    0.95652802  0.00000000    0.00000000  0.00000000
  0.00000000  0.00000000    0.00000000  0.00000000    0.24565481  0.00000000

     Dynamical  Matrix in cartesian axes

     q = (    0.200000000  -0.115470054   0.000000000 ) 

    1    1
  1.08782817  0.00000000   -0.15814162  0.00000000    0.00000000  0.00000000
 -0.15814162  0.00000000    0.90522196  0.00000000    0.00000000  0.00000000
  0.00000000  0.00000000    0.00000000  0.00000000    0.30081623  0.00000000
    1    2
 -0.62751694  0.55388625    0.15807510  0.05191606    0.00000000  0.00000000
  0.15807510  0.05191606   -0.44498754  0.61383375    0.00000000  0.00000000
  0.00000000  0.00000000    0.00000000  0.00000000   -0.17491749  0.19463458
    2    1
 -0.62751694 -0.55388625    0.15807510 -0.05191606    0.00000000  0.00000000
  0.15807510 -0.05191606   -0.44498754 -0.61383375    0.00000000  0.00000000
  0.00000000  0.00000000    0.00000000  0.00000000   -0.17491749 -0.19463458
    2    2
  1.13228213  0.00000000   -0.15220753  0.00000000    0.00000000  0.00000000
 -0.15220753  0.00000000    0.95652802  0.00000000    0.00000000  0.00000000
  0.00000000  0.00000000    0.00000000  0.00000000    0.24565481  0.00000000

     Dynamical  Matrix in cartesian axes

     q = (   -0.200000000   0.115470054   0.000000000 ) 

    1    1
  1.08782817  0.00000000   -0.15814162  0.00000000    0.00000000  0.00000000
 -0.15814162  0.00000000    0.90522196  0.00000000    0.00000000  0.00000000
  0.00000000  0.00000000    0.00000000  0.00000000    0.30081623  0.00000000
    1    2
 -0.62751694 -0.55388625    0.15807510 -0.05191606    0.00000000  0.00000000
  0.15807510 -0.05191606   -0.44498754 -0.61383375    0.00000000  0.00000000
  0.00000000  0.00000000    0.00000000  0.00000000   -0.17491749 -0.19463458
    2    1
 -0.62751694  0.55388625    0.15807510  0.05191606    0.00000000  0.00000000
  0.15807510  0.05191606   -0.44498754  0.61383375    0.00000000  0.00000000
  0.00000000  0.00000000    0.00000000  0.00000000   -0.17491749  0.19463458
    2    2
  1.13228213  0.00000000   -0.15220753  0.00000000    0.00000000  0.00000000
 -0.15220753  0.00000000    0.95652802  0.00000000    0.00000000  0.00000000
  0.00000000  0.00000000    0.00000000  0.00000000    0.24565481  0.00000000

     Diagonalizing the dynamical matrix

     q = (    0.000000000   0.230940108   0.000000000 ) 

 **************************************************************************
     freq (    1) =       3.087894 [THz] =     103.001055 [cm-1]
 (  0.000000  0.000000  0.000000  0.000000 -0.609792 -0.270808 ) 
 (  0.000000  0.000000  0.000000  0.000000 -0.744861  0.000000 ) 
     freq (    2) =      10.098997 [THz] =     336.866288 [cm-1]
 ( -0.678387  0.221530 -0.000000 -0.000000 -0.000000 -0.000000 ) 
 ( -0.613449  0.338224 -0.000000 -0.000000  0.000000  0.000000 ) 
     freq (    3) =      17.223034 [THz] =     574.498576 [cm-1]
 (  0.000000 -0.000000 -0.547083 -0.435656 -0.000000 -0.000000 ) 
 (  0.000000 -0.000000 -0.714028 -0.032663  0.000000  0.000000 ) 
     freq (    4) =      23.003006 [THz] =     767.297675 [cm-1]
 (  0.000000  0.000000  0.000000  0.000000 -0.751747 -0.333850 ) 
 (  0.000000  0.000000  0.000000  0.000000  0.568700  0.000000 ) 
     freq (    5) =      39.095167 [THz] =    1304.074389 [cm-1]
 ( -0.240334 -0.748450 -0.000000 -0.000000  0.000000  0.000000 ) 
 (  0.295769  0.542756  0.000000 -0.000000  0.000000  0.000000 ) 
     freq (    6) =      45.088076 [THz] =    1503.976329 [cm-1]
 (  0.000000  0.000000 -0.624256 -0.497111  0.000000  0.000000 ) 
 ( -0.000000 -0.000000  0.602019  0.027539  0.000000  0.000000 ) 
 **************************************************************************
