Dynamical matrix file
                                                                           
  2    2  0  4.7418901  0.0000000  0.0000000  0.0000000  0.0000000  0.0000000
Basis vectors
      1.000000000    0.000000000    0.000000000
     -0.500000000    0.866025404    0.000000000
      0.000000000    0.000000000    7.970349730
           1  'B   '    9853.62370169200     
           2  'N   '    12766.3260662741     
    1    1      0.0000000000      0.5773502692      3.9851748648
    2    2      0.5000000000      0.2886751346      3.9851748648

     Dynamical  Matrix in cartesian axes

     q = (    0.100000000   0.173205081   0.000000000 ) 

    1    1
  0.90732535 -0.00000000    0.13346177 -0.04678574    0.00000000  0.00000000
  0.13346177  0.04678574    1.06143372  0.00000000    0.00000000  0.00000000
  0.00000000  0.00000000    0.00000000  0.00000000    0.30134500  0.00000000
    1    2
 -0.78503871  0.13108931   -0.08054531  0.09881457    0.00000000  0.00000000
 -0.08054531  0.05255433   -0.87804443 -0.13108931    0.00000000  0.00000000
  0.00000000  0.00000000    0.00000000  0.00000000   -0.27070938  0.00000000
    2    1
 -0.78503871 -0.13108931   -0.08054531 -0.05255433    0.00000000  0.00000000
 -0.08054531 -0.09881457   -0.87804443  0.13108931    0.00000000  0.00000000
  0.00000000  0.00000000    0.00000000  0.00000000   -0.27070938 -0.00000000
    2    2
  0.94623740 -0.00000000    0.13898619 -0.00147117    0.00000000  0.00000000
  0.13898619  0.00147117    1.10672483  0.00000000    0.00000000  0.00000000
  0.00000000  0.00000000    0.00000000  0.00000000    0.25738285  0.00000000

     Dynamical  Matrix in cartesian axes

     q = (   -0.200000000  -0.000000000   0.000000000 ) 

    1    1
  1.13848791  0.00000000   -0.00000000 -0.04678574    0.00000000  0.00000000
 -0.00000000  0.04678574    0.83027116  0.00000000    0.00000000  0.00000000
  0.00000000  0.00000000    0.00000000  0.00000000    0.30134500  0.00000000
    1    2
 -0.74797447 -0.54343526    0.07537687 -0.10374735    0.00000000  0.00000000
  0.10256795 -0.14117267   -0.59748806 -0.43410048    0.00000000  0.00000000
  0.00000000  0.00000000    0.00000000  0.00000000   -0.21900849 -0.15911898
    2    1
 -0.74797447  0.54343526    0.10256795  0.14117267    0.00000000  0.00000000
  0.07537687  0.10374735   -0.59748806  0.43410048    0.00000000  0.00000000
  0.00000000  0.00000000    0.00000000  0.00000000   -0.21900849  0.15911898
    2    2
  1.18696855  0.00000000   -0.00000000 -0.00147117    0.00000000  0.00000000
 -0.00000000  0.00147117    0.86599368 -0.00000000    0.00000000  0.00000000
  0.00000000  0.00000000    0.00000000  0.00000000    0.25738285  0.00000000

     Dynamical  Matrix in cartesian axes

     q = (    0.100000000  -0.173205081   0.000000000 ) 

    1    1
  0.90732535  0.00000000   -0.13346177 -0.04678574    0.00000000  0.00000000
 -0.13346177  0.04678574    1.06143372  0.00000000    0.00000000  0.00000000
  0.00000000  0.00000000    0.00000000  0.00000000    0.30134500  0.00000000
    1    2
 -0.71216202  0.35538070    0.12324427  0.03259932    0.00000000  0.00000000
  0.09605319 -0.00482600   -0.63330050  0.62215505    0.00000000  0.00000000
  0.00000000  0.00000000    0.00000000  0.00000000   -0.21900849  0.15911898
    2    1
 -0.71216202 -0.35538070    0.09605319  0.00482600    0.00000000  0.00000000
  0.12324427 -0.03259932   -0.63330050 -0.62215505    0.00000000  0.00000000
  0.00000000  0.00000000    0.00000000  0.00000000   -0.21900849 -0.15911898
    2    2
  0.94623740  0.00000000   -0.13898619 -0.00147117    0.00000000  0.00000000
 -0.13898619  0.00147117    1.10672483  0.00000000    0.00000000  0.00000000
  0.00000000  0.00000000    0.00000000  0.00000000    0.25738285  0.00000000

     Dynamical  Matrix in cartesian axes

     q = (   -0.100000000  -0.173205081   0.000000000 ) 

    1    1
  0.90732535  0.00000000    0.13346177  0.04678574    0.00000000  0.00000000
  0.13346177 -0.04678574    1.06143372 -0.00000000    0.00000000  0.00000000
  0.00000000  0.00000000    0.00000000  0.00000000    0.30134500  0.00000000
    1    2
 -0.78503871 -0.13108931   -0.08054531 -0.09881457    0.00000000  0.00000000
 -0.08054531 -0.05255433   -0.87804443  0.13108931    0.00000000  0.00000000
  0.00000000  0.00000000    0.00000000  0.00000000   -0.27070938 -0.00000000
    2    1
 -0.78503871  0.13108931   -0.08054531  0.05255433    0.00000000  0.00000000
 -0.08054531  0.09881457   -0.87804443 -0.13108931    0.00000000  0.00000000
  0.00000000  0.00000000    0.00000000  0.00000000   -0.27070938  0.00000000
    2    2
  0.94623740  0.00000000    0.13898619  0.00147117    0.00000000  0.00000000
  0.13898619 -0.00147117    1.10672483 -0.00000000    0.00000000  0.00000000
  0.00000000  0.00000000    0.00000000  0.00000000    0.25738285  0.00000000

     Dynamical  Matrix in cartesian axes

     q = (    0.200000000  -0.000000000   0.000000000 ) 

    1    1
  1.13848791  0.00000000   -0.00000000  0.04678574    0.00000000  0.00000000
 -0.00000000 -0.04678574    0.83027116  0.00000000    0.00000000  0.00000000
  0.00000000  0.00000000    0.00000000  0.00000000    0.30134500  0.00000000
    1    2
 -0.74797447  0.54343526    0.07537687  0.10374735    0.00000000  0.00000000
  0.10256795  0.14117267   -0.59748806  0.43410048    0.00000000  0.00000000
  0.00000000  0.00000000    0.00000000  0.00000000   -0.21900849  0.15911898
    2    1
 -0.74797447 -0.54343526    0.10256795 -0.14117267    0.00000000  0.00000000
  0.07537687 -0.10374735   -0.59748806 -0.43410048    0.00000000  0.00000000
  0.00000000  0.00000000    0.00000000  0.00000000   -0.21900849 -0.15911898
    2    2
  1.18696855  0.00000000   -0.00000000  0.00147117    0.00000000  0.00000000
 -0.00000000 -0.00147117    0.86599368  0.00000000    0.00000000  0.00000000
  0.00000000  0.00000000    0.00000000  0.00000000    0.25738285  0.00000000

     Dynamical  Matrix in cartesian axes

     q = (   -0.100000000   0.173205081   0.000000000 ) 

    1    1
  0.90732535 -0.00000000   -0.13346177  0.04678574    0.00000000  0.00000000
 -0.13346177 -0.04678574    1.06143372 -0.00000000    0.00000000  0.00000000
  0.00000000  0.00000000    0.00000000  0.00000000    0.30134500  0.00000000
    1    2
 -0.71216202 -0.35538070    0.12324427 -0.03259932    0.00000000  0.00000000
  0.09605319  0.00482600   -0.63330050 -0.62215505    0.00000000  0.00000000
  0.00000000  0.00000000    0.00000000  0.00000000   -0.21900849 -0.15911898
    2    1
 -0.71216202  0.35538070    0.09605319 -0.00482600    0.00000000  0.00000000
  0.12324427  0.03259932   -0.63330050  0.62215505    0.00000000  0.00000000
  0.00000000  0.00000000    0.00000000  0.00000000   -0.21900849  0.15911898
    2    2
  0.94623740 -0.00000000   -0.13898619  0.00147117    0.00000000  0.00000000
 -0.13898619 -0.00147117    1.10672483  0.00000000    0.00000000  0.00000000
  0.00000000  0.00000000    0.00000000  0.00000000    0.25738285  0.00000000

     Diagonalizing the dynamical matrix

     q = (    0.100000000   0.173205081   0.000000000 ) 

 **************************************************************************
     freq (    1) =       2.711282 [THz] =      90.438633 [cm-1]
 (  0.000000  0.000000  0.000000  0.000000 -0.676554  0.000000 ) 
 (  0.000000  0.000000  0.000000  0.000000 -0.736393  0.000000 ) 
     freq (    2) =       9.500720 [THz] =     316.909907 [cm-1]
 (  0.049344 -0.612512 -0.106340  0.342998  0.000000  0.000000 ) 
 (  0.109459 -0.597136 -0.000000  0.353391  0.000000  0.000000 ) 
     freq (    3) =      14.705146 [THz] =     490.510861 [cm-1]
 (  0.045935  0.352582 -0.066245  0.603514  0.000000  0.000000 ) 
 ( -0.069615  0.351020 -0.000000  0.613919  0.000000  0.000000 ) 
     freq (    4) =      23.277584 [THz] =     776.456632 [cm-1]
 (  0.000000  0.000000  0.000000  0.000000 -0.815719  0.000000 ) 
 (  0.000000  0.000000  0.000000  0.000000  0.578448  0.000000 ) 
     freq (    5) =      39.342076 [THz] =    1312.310398 [cm-1]
 (  0.064993  0.671693  0.129370 -0.385993  0.000000  0.000000 ) 
 (  0.007706 -0.533002 -0.000000  0.307777  0.000000  0.000000 ) 
     freq (    6) =      45.261609 [THz] =    1509.764763 [cm-1]
 ( -0.121696 -0.390630  0.068232 -0.677218  0.000000  0.000000 ) 
 (  0.002732  0.303850 -0.000000  0.526295  0.000000  0.000000 ) 
 **************************************************************************
