Dynamical matrix file
                                                                           
  2    2  0  4.7418901  0.0000000  0.0000000  0.0000000  0.0000000  0.0000000
Basis vectors
      1.000000000    0.000000000    0.000000000
     -0.500000000    0.866025404    0.000000000
      0.000000000    0.000000000    7.970349730
           1  'B   '    9853.62370169200     
           2  'N   '    12766.3260662741     
    1    1      0.0000000000      0.5773502692      3.9851748648
    2    2      0.5000000000      0.2886751346      3.9851748648

     Dynamical  Matrix in cartesian axes

     q = (    0.000000000   0.346410162   0.000000000 ) 

    1    1
  0.80150023  0.00000000   -0.00000000  0.00000000    0.00000000  0.00000000
 -0.00000000  0.00000000    1.26256655  0.00000000    0.00000000  0.00000000
  0.00000000  0.00000000    0.00000000  0.00000000    0.30248980  0.00000000
    1    2
 -0.64386240 -0.12216106    0.00000000  0.00000000    0.00000000  0.00000000
  0.00000000  0.00000000   -0.37052364 -0.53585042    0.00000000  0.00000000
  0.00000000  0.00000000    0.00000000  0.00000000   -0.17494736 -0.12045771
    2    1
 -0.64386240  0.12216106    0.00000000 -0.00000000    0.00000000  0.00000000
  0.00000000 -0.00000000   -0.37052364  0.53585042    0.00000000  0.00000000
  0.00000000  0.00000000    0.00000000  0.00000000   -0.17494736  0.12045771
    2    2
  0.89680710  0.00000000   -0.00000000  0.00000000    0.00000000  0.00000000
 -0.00000000  0.00000000    1.31625927  0.00000000    0.00000000  0.00000000
  0.00000000  0.00000000    0.00000000  0.00000000    0.19469681  0.00000000

     Dynamical  Matrix in cartesian axes

     q = (    0.000000000  -0.346410162   0.000000000 ) 

    1    1
  0.80150023  0.00000000   -0.00000000  0.00000000    0.00000000  0.00000000
 -0.00000000  0.00000000    1.26256655  0.00000000    0.00000000  0.00000000
  0.00000000  0.00000000    0.00000000  0.00000000    0.30248980  0.00000000
    1    2
 -0.64386240  0.12216106    0.00000000 -0.00000000    0.00000000  0.00000000
  0.00000000 -0.00000000   -0.37052364  0.53585042    0.00000000  0.00000000
  0.00000000  0.00000000    0.00000000  0.00000000   -0.17494736  0.12045771
    2    1
 -0.64386240 -0.12216106    0.00000000  0.00000000    0.00000000  0.00000000
  0.00000000  0.00000000   -0.37052364 -0.53585042    0.00000000  0.00000000
  0.00000000  0.00000000    0.00000000  0.00000000   -0.17494736 -0.12045771
    2    2
  0.89680710  0.00000000   -0.00000000  0.00000000    0.00000000  0.00000000
 -0.00000000  0.00000000    1.31625927  0.00000000    0.00000000  0.00000000
  0.00000000  0.00000000    0.00000000  0.00000000    0.19469681  0.00000000

     Dynamical  Matrix in cartesian axes

     q = (   -0.300000000  -0.173205081   0.000000000 ) 

    1    1
  1.14729997  0.00000000    0.19964757  0.00000000    0.00000000  0.00000000
  0.19964757  0.00000000    0.91676681  0.00000000    0.00000000  0.00000000
  0.00000000  0.00000000    0.00000000  0.00000000    0.30248980  0.00000000
    1    2
 -0.43885833 -0.43242808    0.11835915 -0.17913275    0.00000000  0.00000000
  0.11835915 -0.17913275   -0.57552771 -0.22558340    0.00000000  0.00000000
  0.00000000  0.00000000    0.00000000  0.00000000   -0.17494736 -0.12045771
    2    1
 -0.43885833  0.43242808    0.11835915  0.17913275    0.00000000  0.00000000
  0.11835915  0.17913275   -0.57552771  0.22558340    0.00000000  0.00000000
  0.00000000  0.00000000    0.00000000  0.00000000   -0.17494736  0.12045771
    2    2
  1.21139623  0.00000000    0.18162812  0.00000000    0.00000000  0.00000000
  0.18162812  0.00000000    1.00167014  0.00000000    0.00000000  0.00000000
  0.00000000  0.00000000    0.00000000  0.00000000    0.19469681  0.00000000

     Dynamical  Matrix in cartesian axes

     q = (    0.300000000   0.173205081   0.000000000 ) 

    1    1
  1.14729997  0.00000000    0.19964757  0.00000000    0.00000000  0.00000000
  0.19964757  0.00000000    0.91676681  0.00000000    0.00000000  0.00000000
  0.00000000  0.00000000    0.00000000  0.00000000    0.30248980  0.00000000
    1    2
 -0.43885833  0.43242808    0.11835915  0.17913275    0.00000000  0.00000000
  0.11835915  0.17913275   -0.57552771  0.22558340    0.00000000  0.00000000
  0.00000000  0.00000000    0.00000000  0.00000000   -0.17494736  0.12045771
    2    1
 -0.43885833 -0.43242808    0.11835915 -0.17913275    0.00000000  0.00000000
  0.11835915 -0.17913275   -0.57552771 -0.22558340    0.00000000  0.00000000
  0.00000000  0.00000000    0.00000000  0.00000000   -0.17494736 -0.12045771
    2    2
  1.21139623  0.00000000    0.18162812  0.00000000    0.00000000  0.00000000
  0.18162812  0.00000000    1.00167014  0.00000000    0.00000000  0.00000000
  0.00000000  0.00000000    0.00000000  0.00000000    0.19469681  0.00000000

     Dynamical  Matrix in cartesian axes

     q = (    0.300000000  -0.173205081   0.000000000 ) 

    1    1
  1.14729997  0.00000000   -0.19964757  0.00000000    0.00000000  0.00000000
 -0.19964757  0.00000000    0.91676681  0.00000000    0.00000000  0.00000000
  0.00000000  0.00000000    0.00000000  0.00000000    0.30248980  0.00000000
    1    2
 -0.27564886  0.55100670    0.20694036  0.05721118    0.00000000  0.00000000
  0.20694036  0.05721118   -0.03669472  0.61706848    0.00000000  0.00000000
  0.00000000  0.00000000    0.00000000  0.00000000   -0.06050038  0.20360831
    2    1
 -0.27564886 -0.55100670    0.20694036 -0.05721118    0.00000000  0.00000000
  0.20694036 -0.05721118   -0.03669472 -0.61706848    0.00000000  0.00000000
  0.00000000  0.00000000    0.00000000  0.00000000   -0.06050038 -0.20360831
    2    2
  1.21139623  0.00000000   -0.18162812  0.00000000    0.00000000  0.00000000
 -0.18162812  0.00000000    1.00167014  0.00000000    0.00000000  0.00000000
  0.00000000  0.00000000    0.00000000  0.00000000    0.19469681  0.00000000

     Dynamical  Matrix in cartesian axes

     q = (   -0.300000000   0.173205081   0.000000000 ) 

    1    1
  1.14729997  0.00000000   -0.19964757  0.00000000    0.00000000  0.00000000
 -0.19964757  0.00000000    0.91676681  0.00000000    0.00000000  0.00000000
  0.00000000  0.00000000    0.00000000  0.00000000    0.30248980  0.00000000
    1    2
 -0.27564886 -0.55100670    0.20694036 -0.05721118    0.00000000  0.00000000
  0.20694036 -0.05721118   -0.03669472 -0.61706848    0.00000000  0.00000000
  0.00000000  0.00000000    0.00000000  0.00000000   -0.06050038 -0.20360831
    2    1
 -0.27564886  0.55100670    0.20694036  0.05721118    0.00000000  0.00000000
  0.20694036  0.05721118   -0.03669472  0.61706848    0.00000000  0.00000000
  0.00000000  0.00000000    0.00000000  0.00000000   -0.06050038  0.20360831
    2    2
  1.21139623  0.00000000   -0.18162812  0.00000000    0.00000000  0.00000000
 -0.18162812  0.00000000    1.00167014  0.00000000    0.00000000  0.00000000
  0.00000000  0.00000000    0.00000000  0.00000000    0.19469681  0.00000000

     Diagonalizing the dynamical matrix

     q = (    0.000000000   0.346410162   0.000000000 ) 

 **************************************************************************
     freq (    1) =       5.224480 [THz] =     174.269880 [cm-1]
 ( -0.000000 -0.000000 -0.000000 -0.000000  0.500462  0.344587 ) 
 ( -0.000000  0.000000 -0.000000  0.000000  0.794228  0.000000 ) 
     freq (    2) =      13.604538 [THz] =     453.798547 [cm-1]
 ( -0.714540 -0.082330 -0.000000 -0.000000 -0.000000 -0.000000 ) 
 ( -0.692894  0.050524 -0.000000  0.000000  0.000000  0.000000 ) 
     freq (    3) =      21.679832 [THz] =     723.161359 [cm-1]
 (  0.000000  0.000000  0.000000  0.000000 -0.709224 -0.488327 ) 
 (  0.000000 -0.000000  0.000000 -0.000000  0.508466  0.000000 ) 
     freq (    4) =      24.662786 [THz] =     822.661985 [cm-1]
 ( -0.000000  0.000000  0.532196  0.417977  0.000000  0.000000 ) 
 ( -0.000000 -0.000000  0.703353 -0.217615 -0.000000  0.000000 ) 
     freq (    5) =      38.151909 [THz] =    1272.610715 [cm-1]
 (  0.709472 -0.327017 -0.000000 -0.000000  0.000000  0.000000 ) 
 ( -0.508292  0.362421  0.000000 -0.000000 -0.000000  0.000000 ) 
     freq (    6) =      43.525054 [THz] =    1451.839535 [cm-1]
 (  0.000000 -0.000000  0.641427  0.503765  0.000000 -0.000000 ) 
 ( -0.000000  0.000000 -0.552760  0.171022  0.000000  0.000000 ) 
 **************************************************************************
