Dynamical matrix file
                                                                           
  2    2  0  4.7418901  0.0000000  0.0000000  0.0000000  0.0000000  0.0000000
Basis vectors
      1.000000000    0.000000000    0.000000000
     -0.500000000    0.866025404    0.000000000
      0.000000000    0.000000000    7.970349730
           1  'B   '    9853.62370169200     
           2  'N   '    12766.3260662741     
    1    1      0.0000000000      0.5773502692      3.9851748648
    2    2      0.5000000000      0.2886751346      3.9851748648

     Dynamical  Matrix in cartesian axes

     q = (    0.200000000   0.346410162   0.000000000 ) 

    1    1
  0.94498608  0.00000000    0.14599845 -0.07017607    0.00000000  0.00000000
  0.14599845  0.07017607    1.11357057 -0.00000000    0.00000000  0.00000000
  0.00000000  0.00000000    0.00000000  0.00000000    0.30137965  0.00000000
    1    2
 -0.50307241  0.22317564    0.00599343  0.16011515    0.00000000  0.00000000
  0.00599343  0.09758587   -0.49615178 -0.22317564    0.00000000  0.00000000
  0.00000000  0.00000000    0.00000000  0.00000000   -0.18222382  0.00000000
    2    1
 -0.50307241 -0.22317564    0.00599343 -0.09758587    0.00000000  0.00000000
  0.00599343 -0.16011515   -0.49615178  0.22317564    0.00000000  0.00000000
  0.00000000  0.00000000    0.00000000  0.00000000   -0.18222382 -0.00000000
    2    2
  1.05479905  0.00000000    0.14565078 -0.01580093    0.00000000  0.00000000
  0.14565078  0.01580093    1.22298208 -0.00000000    0.00000000  0.00000000
  0.00000000  0.00000000    0.00000000  0.00000000    0.16920447  0.00000000

     Dynamical  Matrix in cartesian axes

     q = (   -0.400000000  -0.000000000   0.000000000 ) 

    1    1
  1.19786281 -0.00000000   -0.00000000 -0.07017607    0.00000000  0.00000000
 -0.00000000  0.07017607    0.86069383  0.00000000    0.00000000  0.00000000
  0.00000000  0.00000000    0.00000000  0.00000000    0.30137965  0.00000000
    1    2
 -0.15225004 -0.46857743    0.21535380 -0.06997269    0.00000000  0.00000000
  0.27482268 -0.08929530   -0.15652722 -0.48174124    0.00000000  0.00000000
  0.00000000  0.00000000    0.00000000  0.00000000   -0.05631026 -0.17330515
    2    1
 -0.15225004  0.46857743    0.27482268  0.08929530    0.00000000  0.00000000
  0.21535380  0.06997269   -0.15652722  0.48174124    0.00000000  0.00000000
  0.00000000  0.00000000    0.00000000  0.00000000   -0.05631026  0.17330515
    2    2
  1.30707360 -0.00000000   -0.00000000 -0.01580093    0.00000000  0.00000000
 -0.00000000  0.01580093    0.97070753  0.00000000    0.00000000  0.00000000
  0.00000000  0.00000000    0.00000000  0.00000000    0.16920447  0.00000000

     Dynamical  Matrix in cartesian axes

     q = (    0.200000000  -0.346410162   0.000000000 ) 

    1    1
  0.94498608 -0.00000000   -0.14599845 -0.07017607    0.00000000  0.00000000
 -0.14599845  0.07017607    1.11357057 -0.00000000    0.00000000  0.00000000
  0.00000000  0.00000000    0.00000000  0.00000000    0.30137965  0.00000000
    1    2
 -0.36771057  0.40948522    0.15042649  0.05517840    0.00000000  0.00000000
  0.09095761  0.03585579    0.05893331  0.54083345    0.00000000  0.00000000
  0.00000000  0.00000000    0.00000000  0.00000000   -0.05631026  0.17330515
    2    1
 -0.36771057 -0.40948522    0.09095761 -0.03585579    0.00000000  0.00000000
  0.15042649 -0.05517840    0.05893331 -0.54083345    0.00000000  0.00000000
  0.00000000  0.00000000    0.00000000  0.00000000   -0.05631026 -0.17330515
    2    2
  1.05479905 -0.00000000   -0.14565078 -0.01580093    0.00000000  0.00000000
 -0.14565078  0.01580093    1.22298208 -0.00000000    0.00000000  0.00000000
  0.00000000  0.00000000    0.00000000  0.00000000    0.16920447  0.00000000

     Dynamical  Matrix in cartesian axes

     q = (   -0.200000000  -0.346410162   0.000000000 ) 

    1    1
  0.94498608 -0.00000000    0.14599845  0.07017607    0.00000000  0.00000000
  0.14599845 -0.07017607    1.11357057  0.00000000    0.00000000  0.00000000
  0.00000000  0.00000000    0.00000000  0.00000000    0.30137965  0.00000000
    1    2
 -0.50307241 -0.22317564    0.00599343 -0.16011515    0.00000000  0.00000000
  0.00599343 -0.09758587   -0.49615178  0.22317564    0.00000000  0.00000000
  0.00000000  0.00000000    0.00000000  0.00000000   -0.18222382 -0.00000000
    2    1
 -0.50307241  0.22317564    0.00599343  0.09758587    0.00000000  0.00000000
  0.00599343  0.16011515   -0.49615178 -0.22317564    0.00000000  0.00000000
  0.00000000  0.00000000    0.00000000  0.00000000   -0.18222382  0.00000000
    2    2
  1.05479905 -0.00000000    0.14565078  0.01580093    0.00000000  0.00000000
  0.14565078 -0.01580093    1.22298208  0.00000000    0.00000000  0.00000000
  0.00000000  0.00000000    0.00000000  0.00000000    0.16920447  0.00000000

     Dynamical  Matrix in cartesian axes

     q = (    0.400000000  -0.000000000   0.000000000 ) 

    1    1
  1.19786281 -0.00000000   -0.00000000  0.07017607    0.00000000  0.00000000
 -0.00000000 -0.07017607    0.86069383 -0.00000000    0.00000000  0.00000000
  0.00000000  0.00000000    0.00000000  0.00000000    0.30137965  0.00000000
    1    2
 -0.15225004  0.46857743    0.21535380  0.06997269    0.00000000  0.00000000
  0.27482268  0.08929530   -0.15652722  0.48174124    0.00000000  0.00000000
  0.00000000  0.00000000    0.00000000  0.00000000   -0.05631026  0.17330515
    2    1
 -0.15225004 -0.46857743    0.27482268 -0.08929530    0.00000000  0.00000000
  0.21535380 -0.06997269   -0.15652722 -0.48174124    0.00000000  0.00000000
  0.00000000  0.00000000    0.00000000  0.00000000   -0.05631026 -0.17330515
    2    2
  1.30707360 -0.00000000   -0.00000000  0.01580093    0.00000000  0.00000000
 -0.00000000 -0.01580093    0.97070753 -0.00000000    0.00000000  0.00000000
  0.00000000  0.00000000    0.00000000  0.00000000    0.16920447  0.00000000

     Dynamical  Matrix in cartesian axes

     q = (   -0.200000000   0.346410162   0.000000000 ) 

    1    1
  0.94498608  0.00000000   -0.14599845  0.07017607    0.00000000  0.00000000
 -0.14599845 -0.07017607    1.11357057 -0.00000000    0.00000000  0.00000000
  0.00000000  0.00000000    0.00000000  0.00000000    0.30137965  0.00000000
    1    2
 -0.36771057 -0.40948522    0.15042649 -0.05517840    0.00000000  0.00000000
  0.09095761 -0.03585579    0.05893331 -0.54083345    0.00000000  0.00000000
  0.00000000  0.00000000    0.00000000  0.00000000   -0.05631026 -0.17330515
    2    1
 -0.36771057  0.40948522    0.09095761  0.03585579    0.00000000  0.00000000
  0.15042649  0.05517840    0.05893331  0.54083345    0.00000000  0.00000000
  0.00000000  0.00000000    0.00000000  0.00000000   -0.05631026  0.17330515
    2    2
  1.05479905  0.00000000   -0.14565078  0.01580093    0.00000000  0.00000000
 -0.14565078 -0.01580093    1.22298208 -0.00000000    0.00000000  0.00000000
  0.00000000  0.00000000    0.00000000  0.00000000    0.16920447  0.00000000

     Diagonalizing the dynamical matrix

     q = (    0.200000000   0.346410162   0.000000000 ) 

 **************************************************************************
     freq (    1) =       6.160134 [THz] =     205.479962 [cm-1]
 ( -0.000000 -0.000000  0.000000  0.000000 -0.563956  0.000000 ) 
 ( -0.000000 -0.000000  0.000000  0.000000 -0.825805  0.000000 ) 
     freq (    2) =      18.306559 [THz] =     610.641068 [cm-1]
 (  0.605558  0.111894 -0.293683 -0.238367 -0.000000  0.000000 ) 
 (  0.540832  0.240435 -0.356935 -0.000000  0.000000  0.000000 ) 
     freq (    3) =      20.893342 [THz] =     696.926871 [cm-1]
 ( -0.000000 -0.000000  0.000000  0.000000 -0.884630  0.000000 ) 
 ( -0.000000 -0.000000  0.000000  0.000000  0.466294  0.000000 ) 
     freq (    4) =      25.599076 [THz] =     853.893271 [cm-1]
 (  0.343879 -0.143200  0.522843  0.199880  0.000000 -0.000000 ) 
 (  0.323813  0.228538  0.625172  0.000000  0.000000  0.000000 ) 
     freq (    5) =      37.862757 [THz] =    1262.965626 [cm-1]
 ( -0.634561 -0.001515  0.252359  0.391650 -0.000000  0.000000 ) 
 (  0.491198  0.196649 -0.316716 -0.000000  0.000000  0.000000 ) 
     freq (    6) =      42.048967 [THz] =    1402.602558 [cm-1]
 (  0.382740 -0.242324  0.654186  0.153254 -0.000000  0.000000 ) 
 ( -0.292637 -0.017866 -0.507334 -0.000000  0.000000  0.000000 ) 
 **************************************************************************
