Dynamical matrix file
                                                                           
  2    2  0  4.7418901  0.0000000  0.0000000  0.0000000  0.0000000  0.0000000
Basis vectors
      1.000000000    0.000000000    0.000000000
     -0.500000000    0.866025404    0.000000000
      0.000000000    0.000000000    7.970349730
           1  'B   '    9853.62370169200     
           2  'N   '    12766.3260662741     
    1    1      0.0000000000      0.5773502692      3.9851748648
    2    2      0.5000000000      0.2886751346      3.9851748648

     Dynamical  Matrix in cartesian axes

     q = (    0.100000000   0.288675135   0.000000000 ) 

    1    1
  0.85757650  0.00000000    0.09991091 -0.05235458    0.00000000  0.00000000
  0.09991091  0.05235458    1.17259749 -0.00000000    0.00000000  0.00000000
  0.00000000  0.00000000    0.00000000  0.00000000    0.30042982  0.00000000
    1    2
 -0.67391495  0.07889364   -0.05020045  0.08730827    0.00000000  0.00000000
 -0.04294937  0.03599273   -0.65135755 -0.34640563    0.00000000  0.00000000
  0.00000000  0.00000000    0.00000000  0.00000000   -0.22843179 -0.04719148
    2    1
 -0.67391495 -0.07889364   -0.04294937 -0.03599273    0.00000000  0.00000000
 -0.05020045 -0.08730827   -0.65135755  0.34640563    0.00000000  0.00000000
  0.00000000  0.00000000    0.00000000  0.00000000   -0.22843179  0.04719148
    2    2
  0.93769850  0.00000000    0.10593954 -0.00713145    0.00000000  0.00000000
  0.10593954  0.00713145    1.23838518  0.00000000    0.00000000  0.00000000
  0.00000000  0.00000000    0.00000000  0.00000000    0.21341321  0.00000000

     Dynamical  Matrix in cartesian axes

     q = (   -0.100000000  -0.288675135   0.000000000 ) 

    1    1
  0.85757650  0.00000000    0.09991091  0.05235458    0.00000000  0.00000000
  0.09991091 -0.05235458    1.17259749  0.00000000    0.00000000  0.00000000
  0.00000000  0.00000000    0.00000000  0.00000000    0.30042982  0.00000000
    1    2
 -0.67391495 -0.07889364   -0.05020045 -0.08730827    0.00000000  0.00000000
 -0.04294937 -0.03599273   -0.65135755  0.34640563    0.00000000  0.00000000
  0.00000000  0.00000000    0.00000000  0.00000000   -0.22843179  0.04719148
    2    1
 -0.67391495  0.07889364   -0.04294937  0.03599273    0.00000000  0.00000000
 -0.05020045  0.08730827   -0.65135755 -0.34640563    0.00000000  0.00000000
  0.00000000  0.00000000    0.00000000  0.00000000   -0.22843179 -0.04719148
    2    2
  0.93769850  0.00000000    0.10593954  0.00713145    0.00000000  0.00000000
  0.10593954 -0.00713145    1.23838518 -0.00000000    0.00000000  0.00000000
  0.00000000  0.00000000    0.00000000  0.00000000    0.21341321  0.00000000

     Dynamical  Matrix in cartesian axes

     q = (   -0.300000000  -0.057735027   0.000000000 ) 

    1    1
  1.18036763 -0.00000000    0.08645263 -0.05235458    0.00000000  0.00000000
  0.08645263  0.05235458    0.84980636 -0.00000000    0.00000000  0.00000000
  0.00000000  0.00000000    0.00000000  0.00000000    0.30042982  0.00000000
    1    2
 -0.45441982 -0.56091675    0.13509290 -0.13587088    0.00000000  0.00000000
  0.17112167 -0.17312395   -0.46050855 -0.43448063    0.00000000  0.00000000
  0.00000000  0.00000000    0.00000000  0.00000000   -0.15706674 -0.17244754
    2    1
 -0.45441982  0.56091675    0.17112167  0.17312395    0.00000000  0.00000000
  0.13509290  0.13587088   -0.46050855  0.43448063    0.00000000  0.00000000
  0.00000000  0.00000000    0.00000000  0.00000000   -0.15706674  0.17244754
    2    2
  1.25495985 -0.00000000    0.07723139 -0.00713145    0.00000000  0.00000000
  0.07723139  0.00713145    0.92112384  0.00000000    0.00000000  0.00000000
  0.00000000  0.00000000    0.00000000  0.00000000    0.21341321  0.00000000

     Dynamical  Matrix in cartesian axes

     q = (    0.300000000   0.057735027   0.000000000 ) 

    1    1
  1.18036763  0.00000000    0.08645263  0.05235458    0.00000000  0.00000000
  0.08645263 -0.05235458    0.84980636  0.00000000    0.00000000  0.00000000
  0.00000000  0.00000000    0.00000000  0.00000000    0.30042982  0.00000000
    1    2
 -0.45441982  0.56091675    0.13509290  0.13587088    0.00000000  0.00000000
  0.17112167  0.17312395   -0.46050855  0.43448063    0.00000000  0.00000000
  0.00000000  0.00000000    0.00000000  0.00000000   -0.15706674  0.17244754
    2    1
 -0.45441982 -0.56091675    0.17112167 -0.17312395    0.00000000  0.00000000
  0.13509290 -0.13587088   -0.46050855 -0.43448063    0.00000000  0.00000000
  0.00000000  0.00000000    0.00000000  0.00000000   -0.15706674 -0.17244754
    2    2
  1.25495985  0.00000000    0.07723139  0.00713145    0.00000000  0.00000000
  0.07723139 -0.00713145    0.92112384 -0.00000000    0.00000000  0.00000000
  0.00000000  0.00000000    0.00000000  0.00000000    0.21341321  0.00000000

     Dynamical  Matrix in cartesian axes

     q = (    0.200000000  -0.230940108   0.000000000 ) 

    1    1
  1.00731685 -0.00000000   -0.18636354 -0.05235458    0.00000000  0.00000000
 -0.18636354  0.05235458    1.02285714 -0.00000000    0.00000000  0.00000000
  0.00000000  0.00000000    0.00000000  0.00000000    0.30042982  0.00000000
    1    2
 -0.46966717  0.49579252    0.17328949  0.04590171    0.00000000  0.00000000
  0.12672621  0.02314815   -0.19428357  0.68195078    0.00000000  0.00000000
  0.00000000  0.00000000    0.00000000  0.00000000   -0.11547107  0.20266857
    2    1
 -0.46966717 -0.49579252    0.12672621 -0.02314815    0.00000000  0.00000000
  0.17328949 -0.04590171   -0.19428357 -0.68195078    0.00000000  0.00000000
  0.00000000  0.00000000    0.00000000  0.00000000   -0.11547107 -0.20266857
    2    2
  1.07146718 -0.00000000   -0.18317093 -0.00713145    0.00000000  0.00000000
 -0.18317093  0.00713145    1.10461650  0.00000000    0.00000000  0.00000000
  0.00000000  0.00000000    0.00000000  0.00000000    0.21341321  0.00000000

     Dynamical  Matrix in cartesian axes

     q = (   -0.200000000   0.230940108   0.000000000 ) 

    1    1
  1.00731685  0.00000000   -0.18636354  0.05235458    0.00000000  0.00000000
 -0.18636354 -0.05235458    1.02285714  0.00000000    0.00000000  0.00000000
  0.00000000  0.00000000    0.00000000  0.00000000    0.30042982  0.00000000
    1    2
 -0.46966717 -0.49579252    0.17328949 -0.04590171    0.00000000  0.00000000
  0.12672621 -0.02314815   -0.19428357 -0.68195078    0.00000000  0.00000000
  0.00000000  0.00000000    0.00000000  0.00000000   -0.11547107 -0.20266857
    2    1
 -0.46966717  0.49579252    0.12672621  0.02314815    0.00000000  0.00000000
  0.17328949  0.04590171   -0.19428357  0.68195078    0.00000000  0.00000000
  0.00000000  0.00000000    0.00000000  0.00000000   -0.11547107  0.20266857
    2    2
  1.07146718  0.00000000   -0.18317093  0.00713145    0.00000000  0.00000000
 -0.18317093 -0.00713145    1.10461650 -0.00000000    0.00000000  0.00000000
  0.00000000  0.00000000    0.00000000  0.00000000    0.21341321  0.00000000

     Dynamical  Matrix in cartesian axes

     q = (   -0.200000000  -0.230940108   0.000000000 ) 

    1    1
  1.00731685 -0.00000000    0.18636354  0.05235458    0.00000000  0.00000000
  0.18636354 -0.05235458    1.02285714 -0.00000000    0.00000000  0.00000000
  0.00000000  0.00000000    0.00000000  0.00000000    0.30042982  0.00000000
    1    2
 -0.61666185 -0.29347171   -0.00989427 -0.17899251    0.00000000  0.00000000
 -0.01714535 -0.12767696   -0.70861065  0.02595972    0.00000000  0.00000000
  0.00000000  0.00000000    0.00000000  0.00000000   -0.22843179 -0.04719148
    2    1
 -0.61666185  0.29347171   -0.01714535  0.12767696    0.00000000  0.00000000
 -0.00989427  0.17899251   -0.70861065 -0.02595972    0.00000000  0.00000000
  0.00000000  0.00000000    0.00000000  0.00000000   -0.22843179  0.04719148
    2    2
  1.07146718 -0.00000000    0.18317093  0.00713145    0.00000000  0.00000000
  0.18317093 -0.00713145    1.10461650 -0.00000000    0.00000000  0.00000000
  0.00000000  0.00000000    0.00000000  0.00000000    0.21341321  0.00000000

     Dynamical  Matrix in cartesian axes

     q = (    0.200000000   0.230940108   0.000000000 ) 

    1    1
  1.00731685  0.00000000    0.18636354 -0.05235458    0.00000000  0.00000000
  0.18636354  0.05235458    1.02285714  0.00000000    0.00000000  0.00000000
  0.00000000  0.00000000    0.00000000  0.00000000    0.30042982  0.00000000
    1    2
 -0.61666185  0.29347171   -0.00989427  0.17899251    0.00000000  0.00000000
 -0.01714535  0.12767696   -0.70861065 -0.02595972    0.00000000  0.00000000
  0.00000000  0.00000000    0.00000000  0.00000000   -0.22843179  0.04719148
    2    1
 -0.61666185 -0.29347171   -0.01714535 -0.12767696    0.00000000  0.00000000
 -0.00989427 -0.17899251   -0.70861065  0.02595972    0.00000000  0.00000000
  0.00000000  0.00000000    0.00000000  0.00000000   -0.22843179 -0.04719148
    2    2
  1.07146718  0.00000000    0.18317093 -0.00713145    0.00000000  0.00000000
  0.18317093  0.00713145    1.10461650  0.00000000    0.00000000  0.00000000
  0.00000000  0.00000000    0.00000000  0.00000000    0.21341321  0.00000000

     Dynamical  Matrix in cartesian axes

     q = (    0.300000000  -0.057735027   0.000000000 ) 

    1    1
  1.18036763 -0.00000000   -0.08645263  0.05235458    0.00000000  0.00000000
 -0.08645263 -0.05235458    0.84980636 -0.00000000    0.00000000  0.00000000
  0.00000000  0.00000000    0.00000000  0.00000000    0.30042982  0.00000000
    1    2
 -0.39304008  0.60551174    0.17096688  0.08649457    0.00000000  0.00000000
  0.21753016  0.10924814   -0.27091066  0.57223156    0.00000000  0.00000000
  0.00000000  0.00000000    0.00000000  0.00000000   -0.11547107  0.20266857
    2    1
 -0.39304008 -0.60551174    0.21753016 -0.10924814    0.00000000  0.00000000
  0.17096688 -0.08649457   -0.27091066 -0.57223156    0.00000000  0.00000000
  0.00000000  0.00000000    0.00000000  0.00000000   -0.11547107 -0.20266857
    2    2
  1.25495985 -0.00000000   -0.07723139  0.00713145    0.00000000  0.00000000
 -0.07723139 -0.00713145    0.92112384 -0.00000000    0.00000000  0.00000000
  0.00000000  0.00000000    0.00000000  0.00000000    0.21341321  0.00000000

     Dynamical  Matrix in cartesian axes

     q = (   -0.300000000   0.057735027   0.000000000 ) 

    1    1
  1.18036763  0.00000000   -0.08645263 -0.05235458    0.00000000  0.00000000
 -0.08645263  0.05235458    0.84980636  0.00000000    0.00000000  0.00000000
  0.00000000  0.00000000    0.00000000  0.00000000    0.30042982  0.00000000
    1    2
 -0.39304008 -0.60551174    0.17096688 -0.08649457    0.00000000  0.00000000
  0.21753016 -0.10924814   -0.27091066 -0.57223156    0.00000000  0.00000000
  0.00000000  0.00000000    0.00000000  0.00000000   -0.11547107 -0.20266857
    2    1
 -0.39304008  0.60551174    0.21753016  0.10924814    0.00000000  0.00000000
  0.17096688  0.08649457   -0.27091066  0.57223156    0.00000000  0.00000000
  0.00000000  0.00000000    0.00000000  0.00000000   -0.11547107  0.20266857
    2    2
  1.25495985  0.00000000   -0.07723139 -0.00713145    0.00000000  0.00000000
 -0.07723139  0.00713145    0.92112384  0.00000000    0.00000000  0.00000000
  0.00000000  0.00000000    0.00000000  0.00000000    0.21341321  0.00000000

     Dynamical  Matrix in cartesian axes

     q = (   -0.100000000   0.288675135   0.000000000 ) 

    1    1
  0.85757650  0.00000000   -0.09991091  0.05235458    0.00000000  0.00000000
 -0.09991091 -0.05235458    1.17259749 -0.00000000    0.00000000  0.00000000
  0.00000000  0.00000000    0.00000000  0.00000000    0.30042982  0.00000000
    1    2
 -0.59158117 -0.33229098    0.09193153 -0.04112679    0.00000000  0.00000000
  0.05590276 -0.00387372   -0.32334721 -0.66310640    0.00000000  0.00000000
  0.00000000  0.00000000    0.00000000  0.00000000   -0.15706674 -0.17244754
    2    1
 -0.59158117  0.33229098    0.05590276  0.00387372    0.00000000  0.00000000
  0.09193153  0.04112679   -0.32334721  0.66310640    0.00000000  0.00000000
  0.00000000  0.00000000    0.00000000  0.00000000   -0.15706674  0.17244754
    2    2
  0.93769850  0.00000000   -0.10593954  0.00713145    0.00000000  0.00000000
 -0.10593954 -0.00713145    1.23838518 -0.00000000    0.00000000  0.00000000
  0.00000000  0.00000000    0.00000000  0.00000000    0.21341321  0.00000000

     Dynamical  Matrix in cartesian axes

     q = (    0.100000000  -0.288675135   0.000000000 ) 

    1    1
  0.85757650  0.00000000   -0.09991091 -0.05235458    0.00000000  0.00000000
 -0.09991091  0.05235458    1.17259749  0.00000000    0.00000000  0.00000000
  0.00000000  0.00000000    0.00000000  0.00000000    0.30042982  0.00000000
    1    2
 -0.59158117  0.33229098    0.09193153  0.04112679    0.00000000  0.00000000
  0.05590276  0.00387372   -0.32334721  0.66310640    0.00000000  0.00000000
  0.00000000  0.00000000    0.00000000  0.00000000   -0.15706674  0.17244754
    2    1
 -0.59158117 -0.33229098    0.05590276 -0.00387372    0.00000000  0.00000000
  0.09193153 -0.04112679   -0.32334721 -0.66310640    0.00000000  0.00000000
  0.00000000  0.00000000    0.00000000  0.00000000   -0.15706674 -0.17244754
    2    2
  0.93769850  0.00000000   -0.10593954 -0.00713145    0.00000000  0.00000000
 -0.10593954  0.00713145    1.23838518  0.00000000    0.00000000  0.00000000
  0.00000000  0.00000000    0.00000000  0.00000000    0.21341321  0.00000000

     Diagonalizing the dynamical matrix

     q = (    0.100000000   0.288675135   0.000000000 ) 

 **************************************************************************
     freq (    1) =       4.283943 [THz] =     142.896959 [cm-1]
 (  0.000000  0.000000  0.000000  0.000000 -0.621929 -0.128484 ) 
 (  0.000000  0.000000  0.000000  0.000000 -0.772461  0.000000 ) 
     freq (    2) =      13.757677 [THz] =     458.906701 [cm-1]
 (  0.069005 -0.688196 -0.099045  0.160098  0.000000  0.000000 ) 
 (  0.119887 -0.662749  0.036515  0.176750  0.000000  0.000000 ) 
     freq (    3) =      21.440688 [THz] =     715.184386 [cm-1]
 (  0.062078  0.175476 -0.182229  0.639872  0.000000  0.000000 ) 
 ( -0.057320  0.184063  0.140977  0.682401  0.000000  0.000000 ) 
     freq (    4) =      22.193759 [THz] =     740.304103 [cm-1]
 (  0.000000  0.000000  0.000000  0.000000 -0.826891 -0.170827 ) 
 (  0.000000  0.000000  0.000000  0.000000  0.535788  0.000000 ) 
     freq (    5) =      38.479031 [THz] =    1283.522308 [cm-1]
 (  0.076729  0.728986  0.181286 -0.216364  0.000000  0.000000 ) 
 ( -0.005142 -0.586507  0.039953  0.193395  0.000000  0.000000 ) 
     freq (    6) =      44.103762 [THz] =    1471.143161 [cm-1]
 ( -0.121437 -0.248148  0.183142 -0.731113  0.000000  0.000000 ) 
 (  0.032510  0.191137  0.114093  0.552269  0.000000  0.000000 ) 
 **************************************************************************
