  10  10   1
  14
   0.000000000000000E+00   0.000000000000000E+00   0.000000000000000E+00
   0.000000000000000E+00   0.115470053837310E+00   0.000000000000000E+00
   0.000000000000000E+00   0.230940107674621E+00   0.000000000000000E+00
   0.000000000000000E+00   0.346410161511931E+00   0.000000000000000E+00
   0.000000000000000E+00   0.461880215349241E+00   0.000000000000000E+00
   0.000000000000000E+00  -0.577350269186552E+00   0.000000000000000E+00
   0.100000000000000E+00   0.173205080755965E+00   0.000000000000000E+00
   0.100000000000000E+00   0.288675134593276E+00   0.000000000000000E+00
   0.100000000000000E+00   0.404145188430586E+00   0.000000000000000E+00
   0.100000000000000E+00   0.519615242267897E+00   0.000000000000000E+00
   0.200000000000000E+00   0.346410161511931E+00   0.000000000000000E+00
   0.200000000000000E+00   0.461880215349241E+00   0.000000000000000E+00
   0.200000000000000E+00   0.577350269186552E+00   0.000000000000000E+00
   0.300000000000000E+00   0.519615242267896E+00   0.000000000000000E+00
