Dynamical matrix file
                                                                           
  2    2  0  4.7418901  0.0000000  0.0000000  0.0000000  0.0000000  0.0000000
Basis vectors
      1.000000000    0.000000000    0.000000000
     -0.500000000    0.866025404    0.000000000
      0.000000000    0.000000000    7.970349730
           1  'B   '    9853.62370169200     
           2  'N   '    12766.3260662741     
    1    1      0.0000000000      0.5773502692      3.9851748648
    2    2      0.5000000000      0.2886751346      3.9851748648

     Dynamical  Matrix in cartesian axes

     q = (    0.000000000   0.461880215   0.000000000 ) 

    1    1
  0.79255528  0.00000000   -0.00000000  0.00000000    0.00000000  0.00000000
 -0.00000000  0.00000000    1.32196744  0.00000000    0.00000000  0.00000000
  0.00000000  0.00000000    0.00000000  0.00000000    0.30902079  0.00000000
    1    2
 -0.59386772 -0.06877204    0.00000000  0.00000000    0.00000000  0.00000000
  0.00000000  0.00000000   -0.07473657 -0.33609969    0.00000000  0.00000000
  0.00000000  0.00000000    0.00000000  0.00000000   -0.10915776 -0.08329586
    2    1
 -0.59386772  0.06877204    0.00000000 -0.00000000    0.00000000  0.00000000
  0.00000000 -0.00000000   -0.07473657  0.33609969    0.00000000  0.00000000
  0.00000000  0.00000000    0.00000000  0.00000000   -0.10915776  0.08329586
    2    2
  0.91787740  0.00000000   -0.00000000  0.00000000    0.00000000  0.00000000
 -0.00000000  0.00000000    1.38284155  0.00000000    0.00000000  0.00000000
  0.00000000  0.00000000    0.00000000  0.00000000    0.14642051  0.00000000

     Dynamical  Matrix in cartesian axes

     q = (    0.000000000  -0.461880215   0.000000000 ) 

    1    1
  0.79255528  0.00000000   -0.00000000  0.00000000    0.00000000  0.00000000
 -0.00000000  0.00000000    1.32196744  0.00000000    0.00000000  0.00000000
  0.00000000  0.00000000    0.00000000  0.00000000    0.30902079  0.00000000
    1    2
 -0.59386772  0.06877204    0.00000000 -0.00000000    0.00000000  0.00000000
  0.00000000 -0.00000000   -0.07473657  0.33609969    0.00000000  0.00000000
  0.00000000  0.00000000    0.00000000  0.00000000   -0.10915776  0.08329586
    2    1
 -0.59386772 -0.06877204    0.00000000  0.00000000    0.00000000  0.00000000
  0.00000000  0.00000000   -0.07473657 -0.33609969    0.00000000  0.00000000
  0.00000000  0.00000000    0.00000000  0.00000000   -0.10915776 -0.08329586
    2    2
  0.91787740  0.00000000   -0.00000000  0.00000000    0.00000000  0.00000000
 -0.00000000  0.00000000    1.38284155  0.00000000    0.00000000  0.00000000
  0.00000000  0.00000000    0.00000000  0.00000000    0.14642051  0.00000000

     Dynamical  Matrix in cartesian axes

     q = (   -0.400000000  -0.230940108   0.000000000 ) 

    1    1
  1.18961440  0.00000000    0.22924219  0.00000000    0.00000000  0.00000000
  0.22924219  0.00000000    0.92490832  0.00000000    0.00000000  0.00000000
  0.00000000  0.00000000    0.00000000  0.00000000    0.30902079  0.00000000
    1    2
 -0.20451936 -0.26926778    0.22479038 -0.11575627    0.00000000  0.00000000
  0.22479038 -0.11575627   -0.46408493 -0.13560395    0.00000000  0.00000000
  0.00000000  0.00000000    0.00000000  0.00000000   -0.10915776 -0.08329586
    2    1
 -0.20451936  0.26926778    0.22479038  0.11575627    0.00000000  0.00000000
  0.22479038  0.11575627   -0.46408493  0.13560395    0.00000000  0.00000000
  0.00000000  0.00000000    0.00000000  0.00000000   -0.10915776  0.08329586
    2    2
  1.26660051  0.00000000    0.20133538  0.00000000    0.00000000  0.00000000
  0.20133538  0.00000000    1.03411844  0.00000000    0.00000000  0.00000000
  0.00000000  0.00000000    0.00000000  0.00000000    0.14642051  0.00000000

     Dynamical  Matrix in cartesian axes

     q = (    0.400000000   0.230940108   0.000000000 ) 

    1    1
  1.18961440  0.00000000    0.22924219  0.00000000    0.00000000  0.00000000
  0.22924219  0.00000000    0.92490832  0.00000000    0.00000000  0.00000000
  0.00000000  0.00000000    0.00000000  0.00000000    0.30902079  0.00000000
    1    2
 -0.20451936  0.26926778    0.22479038  0.11575627    0.00000000  0.00000000
  0.22479038  0.11575627   -0.46408493  0.13560395    0.00000000  0.00000000
  0.00000000  0.00000000    0.00000000  0.00000000   -0.10915776  0.08329586
    2    1
 -0.20451936 -0.26926778    0.22479038 -0.11575627    0.00000000  0.00000000
  0.22479038 -0.11575627   -0.46408493 -0.13560395    0.00000000  0.00000000
  0.00000000  0.00000000    0.00000000  0.00000000   -0.10915776 -0.08329586
    2    2
  1.26660051  0.00000000    0.20133538  0.00000000    0.00000000  0.00000000
  0.20133538  0.00000000    1.03411844  0.00000000    0.00000000  0.00000000
  0.00000000  0.00000000    0.00000000  0.00000000    0.14642051  0.00000000

     Dynamical  Matrix in cartesian axes

     q = (    0.400000000  -0.230940108   0.000000000 ) 

    1    1
  1.18961440  0.00000000   -0.22924219  0.00000000    0.00000000  0.00000000
 -0.22924219  0.00000000    0.92490832  0.00000000    0.00000000  0.00000000
  0.00000000  0.00000000    0.00000000  0.00000000    0.30902079  0.00000000
    1    2
  0.00718801  0.33805567    0.24989907  0.03847969    0.00000000  0.00000000
  0.24989907  0.03847969    0.29574659  0.38248818    0.00000000  0.00000000
  0.00000000  0.00000000    0.00000000  0.00000000    0.03935040  0.13154909
    2    1
  0.00718801 -0.33805567    0.24989907 -0.03847969    0.00000000  0.00000000
  0.24989907 -0.03847969    0.29574659 -0.38248818    0.00000000  0.00000000
  0.00000000  0.00000000    0.00000000  0.00000000    0.03935040 -0.13154909
    2    2
  1.26660051  0.00000000   -0.20133538  0.00000000    0.00000000  0.00000000
 -0.20133538  0.00000000    1.03411844  0.00000000    0.00000000  0.00000000
  0.00000000  0.00000000    0.00000000  0.00000000    0.14642051  0.00000000

     Dynamical  Matrix in cartesian axes

     q = (   -0.400000000   0.230940108   0.000000000 ) 

    1    1
  1.18961440  0.00000000   -0.22924219  0.00000000    0.00000000  0.00000000
 -0.22924219  0.00000000    0.92490832  0.00000000    0.00000000  0.00000000
  0.00000000  0.00000000    0.00000000  0.00000000    0.30902079  0.00000000
    1    2
  0.00718801 -0.33805567    0.24989907 -0.03847969    0.00000000  0.00000000
  0.24989907 -0.03847969    0.29574659 -0.38248818    0.00000000  0.00000000
  0.00000000  0.00000000    0.00000000  0.00000000    0.03935040 -0.13154909
    2    1
  0.00718801  0.33805567    0.24989907  0.03847969    0.00000000  0.00000000
  0.24989907  0.03847969    0.29574659  0.38248818    0.00000000  0.00000000
  0.00000000  0.00000000    0.00000000  0.00000000    0.03935040  0.13154909
    2    2
  1.26660051  0.00000000   -0.20133538  0.00000000    0.00000000  0.00000000
 -0.20133538  0.00000000    1.03411844  0.00000000    0.00000000  0.00000000
  0.00000000  0.00000000    0.00000000  0.00000000    0.14642051  0.00000000

     Diagonalizing the dynamical matrix

     q = (    0.000000000   0.461880215   0.000000000 ) 

 **************************************************************************
     freq (    1) =       7.814244 [THz] =     260.655129 [cm-1]
 (  0.000000  0.000000 -0.000000 -0.000000 -0.378711 -0.288986 ) 
 (  0.000000  0.000000  0.000000 -0.000000 -0.879241  0.000000 ) 
     freq (    2) =      15.671559 [THz] =     522.746933 [cm-1]
 (  0.310718 -0.654363 -0.000000 -0.000000  0.000000  0.000000 ) 
 (  0.222106 -0.652635 -0.000000 -0.000000  0.000000  0.000000 ) 
     freq (    3) =      20.062245 [THz] =     669.204445 [cm-1]
 (  0.000000  0.000000 -0.000000 -0.000000 -0.733432 -0.559666 ) 
 (  0.000000  0.000000  0.000000 -0.000000  0.385812  0.000000 ) 
     freq (    4) =      30.849749 [THz] =    1029.036876 [cm-1]
 (  0.000000  0.000000  0.296006 -0.525346 -0.000000  0.000000 ) 
 ( -0.000000 -0.000000 -0.593437 -0.533127  0.000000  0.000000 ) 
     freq (    5) =      37.457869 [THz] =    1249.460010 [cm-1]
 ( -0.762909  0.145577 -0.000000 -0.000000  0.000000  0.000000 ) 
 (  0.601049 -0.188459 -0.000000 -0.000000  0.000000  0.000000 ) 
     freq (    6) =      40.898271 [THz] =    1364.219464 [cm-1]
 (  0.000000  0.000000  0.424003 -0.752514 -0.000000 -0.000000 ) 
 ( -0.000000 -0.000000  0.374871  0.336773  0.000000  0.000000 ) 
 **************************************************************************
