Dynamical matrix file
                                                                           
  2    2  0  4.7418901  0.0000000  0.0000000  0.0000000  0.0000000  0.0000000
Basis vectors
      1.000000000    0.000000000    0.000000000
     -0.500000000    0.866025404    0.000000000
      0.000000000    0.000000000    7.970349730
           1  'B   '    9853.62370169200     
           2  'N   '    12766.3260662741     
    1    1      0.0000000000      0.5773502692      3.9851748648
    2    2      0.5000000000      0.2886751346      3.9851748648

     Dynamical  Matrix in cartesian axes

     q = (    0.100000000   0.404145188   0.000000000 ) 

    1    1
  0.83121285  0.00000000    0.06145718 -0.04655991    0.00000000  0.00000000
  0.06145718  0.04655991    1.25084431 -0.00000000    0.00000000  0.00000000
  0.00000000  0.00000000    0.00000000  0.00000000    0.30420506  0.00000000
    1    2
 -0.58593414  0.08812808   -0.02249627  0.07438012    0.00000000  0.00000000
 -0.01618403  0.03192885   -0.31389031 -0.36564672    0.00000000  0.00000000
  0.00000000  0.00000000    0.00000000  0.00000000   -0.15985555 -0.05897616
    2    1
 -0.58593414 -0.08812808   -0.01618403 -0.03192885    0.00000000  0.00000000
 -0.02249627 -0.07438012   -0.31389031  0.36564672    0.00000000  0.00000000
  0.00000000  0.00000000    0.00000000  0.00000000   -0.15985555  0.05897616
    2    2
  0.95203358  0.00000000    0.06593852 -0.01215616    0.00000000  0.00000000
  0.06593852  0.01215616    1.32956349 -0.00000000    0.00000000  0.00000000
  0.00000000  0.00000000    0.00000000  0.00000000    0.16282006  0.00000000

     Dynamical  Matrix in cartesian axes

     q = (   -0.100000000  -0.404145188   0.000000000 ) 

    1    1
  0.83121285  0.00000000    0.06145718  0.04655991    0.00000000  0.00000000
  0.06145718 -0.04655991    1.25084431  0.00000000    0.00000000  0.00000000
  0.00000000  0.00000000    0.00000000  0.00000000    0.30420506  0.00000000
    1    2
 -0.58593414 -0.08812808   -0.02249627 -0.07438012    0.00000000  0.00000000
 -0.01618403 -0.03192885   -0.31389031  0.36564672    0.00000000  0.00000000
  0.00000000  0.00000000    0.00000000  0.00000000   -0.15985555  0.05897616
    2    1
 -0.58593414  0.08812808   -0.01618403  0.03192885    0.00000000  0.00000000
 -0.02249627  0.07438012   -0.31389031 -0.36564672    0.00000000  0.00000000
  0.00000000  0.00000000    0.00000000  0.00000000   -0.15985555 -0.05897616
    2    2
  0.95203358  0.00000000    0.06593852  0.01215616    0.00000000  0.00000000
  0.06593852 -0.01215616    1.32956349  0.00000000    0.00000000  0.00000000
  0.00000000  0.00000000    0.00000000  0.00000000    0.16282006  0.00000000

     Dynamical  Matrix in cartesian axes

     q = (   -0.400000000  -0.115470054   0.000000000 ) 

    1    1
  1.19915992 -0.00000000    0.15097717 -0.04655991    0.00000000  0.00000000
  0.15097717  0.04655991    0.88289724 -0.00000000    0.00000000  0.00000000
  0.00000000  0.00000000    0.00000000  0.00000000    0.30420506  0.00000000
    1    2
 -0.20133128 -0.40111572    0.21921051 -0.09022451    0.00000000  0.00000000
  0.24926945 -0.12085806   -0.36352064 -0.35230511    0.00000000  0.00000000
  0.00000000  0.00000000    0.00000000  0.00000000   -0.09466054 -0.14167345
    2    1
 -0.20133128  0.40111572    0.24926945  0.12085806    0.00000000  0.00000000
  0.21921051  0.09022451   -0.36352064  0.35230511    0.00000000  0.00000000
  0.00000000  0.00000000    0.00000000  0.00000000   -0.09466054  0.14167345
    2    2
  1.29228544  0.00000000    0.13050598 -0.01215616    0.00000000  0.00000000
  0.13050598  0.01215616    0.98931162 -0.00000000    0.00000000  0.00000000
  0.00000000  0.00000000    0.00000000  0.00000000    0.16282006  0.00000000

     Dynamical  Matrix in cartesian axes

     q = (    0.400000000   0.115470054   0.000000000 ) 

    1    1
  1.19915992  0.00000000    0.15097717  0.04655991    0.00000000  0.00000000
  0.15097717 -0.04655991    0.88289724  0.00000000    0.00000000  0.00000000
  0.00000000  0.00000000    0.00000000  0.00000000    0.30420506  0.00000000
    1    2
 -0.20133128  0.40111572    0.21921051  0.09022451    0.00000000  0.00000000
  0.24926945  0.12085806   -0.36352064  0.35230511    0.00000000  0.00000000
  0.00000000  0.00000000    0.00000000  0.00000000   -0.09466054  0.14167345
    2    1
 -0.20133128 -0.40111572    0.24926945 -0.12085806    0.00000000  0.00000000
  0.21921051 -0.09022451   -0.36352064 -0.35230511    0.00000000  0.00000000
  0.00000000  0.00000000    0.00000000  0.00000000   -0.09466054 -0.14167345
    2    2
  1.29228544 -0.00000000    0.13050598  0.01215616    0.00000000  0.00000000
  0.13050598 -0.01215616    0.98931162  0.00000000    0.00000000  0.00000000
  0.00000000  0.00000000    0.00000000  0.00000000    0.16282006  0.00000000

     Dynamical  Matrix in cartesian axes

     q = (    0.300000000  -0.288675135   0.000000000 ) 

    1    1
  1.09271297 -0.00000000   -0.21243434 -0.04655991    0.00000000  0.00000000
 -0.21243434  0.04655991    0.98934419 -0.00000000    0.00000000  0.00000000
  0.00000000  0.00000000    0.00000000  0.00000000    0.30420506  0.00000000
    1    2
 -0.17080120  0.43944043    0.21617245  0.04677274    0.00000000  0.00000000
  0.17384830  0.05388760    0.18492634  0.50210146    0.00000000  0.00000000
  0.00000000  0.00000000    0.00000000  0.00000000   -0.00669158  0.17025630
    2    1
 -0.17080120 -0.43944043    0.17384830 -0.05388760    0.00000000  0.00000000
  0.21617245 -0.04677274    0.18492634 -0.50210146    0.00000000  0.00000000
  0.00000000  0.00000000    0.00000000  0.00000000   -0.00669158 -0.17025630
    2    2
  1.17807657  0.00000000   -0.19644451 -0.01215616    0.00000000  0.00000000
 -0.19644451  0.01215616    1.10352049 -0.00000000    0.00000000  0.00000000
  0.00000000  0.00000000    0.00000000  0.00000000    0.16282006  0.00000000

     Dynamical  Matrix in cartesian axes

     q = (   -0.300000000   0.288675135   0.000000000 ) 

    1    1
  1.09271297  0.00000000   -0.21243434  0.04655991    0.00000000  0.00000000
 -0.21243434 -0.04655991    0.98934419  0.00000000    0.00000000  0.00000000
  0.00000000  0.00000000    0.00000000  0.00000000    0.30420506  0.00000000
    1    2
 -0.17080120 -0.43944043    0.21617245 -0.04677274    0.00000000  0.00000000
  0.17384830 -0.05388760    0.18492634 -0.50210146    0.00000000  0.00000000
  0.00000000  0.00000000    0.00000000  0.00000000   -0.00669158 -0.17025630
    2    1
 -0.17080120  0.43944043    0.17384830  0.05388760    0.00000000  0.00000000
  0.21617245  0.04677274    0.18492634  0.50210146    0.00000000  0.00000000
  0.00000000  0.00000000    0.00000000  0.00000000   -0.00669158  0.17025630
    2    2
  1.17807657 -0.00000000   -0.19644451  0.01215616    0.00000000  0.00000000
 -0.19644451 -0.01215616    1.10352049  0.00000000    0.00000000  0.00000000
  0.00000000  0.00000000    0.00000000  0.00000000    0.16282006  0.00000000

     Dynamical  Matrix in cartesian axes

     q = (   -0.300000000  -0.288675135   0.000000000 ) 

    1    1
  1.09271297 -0.00000000    0.21243434  0.04655991    0.00000000  0.00000000
  0.21243434 -0.04655991    0.98934419  0.00000000    0.00000000  0.00000000
  0.00000000  0.00000000    0.00000000  0.00000000    0.30420506  0.00000000
    1    2
 -0.36515221 -0.29823616    0.11128448 -0.19113864    0.00000000  0.00000000
  0.10497224 -0.14868738   -0.53467225  0.02071752    0.00000000  0.00000000
  0.00000000  0.00000000    0.00000000  0.00000000   -0.15985555 -0.05897616
    2    1
 -0.36515221  0.29823616    0.10497224  0.14868738    0.00000000  0.00000000
  0.11128448  0.19113864   -0.53467225 -0.02071752    0.00000000  0.00000000
  0.00000000  0.00000000    0.00000000  0.00000000   -0.15985555  0.05897616
    2    2
  1.17807657  0.00000000    0.19644451  0.01215616    0.00000000  0.00000000
  0.19644451 -0.01215616    1.10352049  0.00000000    0.00000000  0.00000000
  0.00000000  0.00000000    0.00000000  0.00000000    0.16282006  0.00000000

     Dynamical  Matrix in cartesian axes

     q = (    0.300000000   0.288675135   0.000000000 ) 

    1    1
  1.09271297  0.00000000    0.21243434 -0.04655991    0.00000000  0.00000000
  0.21243434  0.04655991    0.98934419 -0.00000000    0.00000000  0.00000000
  0.00000000  0.00000000    0.00000000  0.00000000    0.30420506  0.00000000
    1    2
 -0.36515221  0.29823616    0.11128448  0.19113864    0.00000000  0.00000000
  0.10497224  0.14868738   -0.53467225 -0.02071752    0.00000000  0.00000000
  0.00000000  0.00000000    0.00000000  0.00000000   -0.15985555  0.05897616
    2    1
 -0.36515221 -0.29823616    0.10497224 -0.14868738    0.00000000  0.00000000
  0.11128448 -0.19113864   -0.53467225  0.02071752    0.00000000  0.00000000
  0.00000000  0.00000000    0.00000000  0.00000000   -0.15985555 -0.05897616
    2    2
  1.17807657 -0.00000000    0.19644451 -0.01215616    0.00000000  0.00000000
  0.19644451  0.01215616    1.10352049 -0.00000000    0.00000000  0.00000000
  0.00000000  0.00000000    0.00000000  0.00000000    0.16282006  0.00000000

     Dynamical  Matrix in cartesian axes

     q = (    0.400000000  -0.115470054   0.000000000 ) 

    1    1
  1.19915992 -0.00000000   -0.15097717  0.04655991    0.00000000  0.00000000
 -0.15097717 -0.04655991    0.88289724 -0.00000000    0.00000000  0.00000000
  0.00000000  0.00000000    0.00000000  0.00000000    0.30420506  0.00000000
    1    2
 -0.07288948  0.44284899    0.23037766  0.05585554    0.00000000  0.00000000
  0.27270181  0.04874068    0.08701462  0.49869289    0.00000000  0.00000000
  0.00000000  0.00000000    0.00000000  0.00000000   -0.00669158  0.17025630
    2    1
 -0.07288948 -0.44284899    0.27270181 -0.04874068    0.00000000  0.00000000
  0.23037766 -0.05585554    0.08701462 -0.49869289    0.00000000  0.00000000
  0.00000000  0.00000000    0.00000000  0.00000000   -0.00669158 -0.17025630
    2    2
  1.29228544  0.00000000   -0.13050598  0.01215616    0.00000000  0.00000000
 -0.13050598 -0.01215616    0.98931162  0.00000000    0.00000000  0.00000000
  0.00000000  0.00000000    0.00000000  0.00000000    0.16282006  0.00000000

     Dynamical  Matrix in cartesian axes

     q = (   -0.400000000   0.115470054   0.000000000 ) 

    1    1
  1.19915992  0.00000000   -0.15097717 -0.04655991    0.00000000  0.00000000
 -0.15097717  0.04655991    0.88289724  0.00000000    0.00000000  0.00000000
  0.00000000  0.00000000    0.00000000  0.00000000    0.30420506  0.00000000
    1    2
 -0.07288948 -0.44284899    0.23037766 -0.05585554    0.00000000  0.00000000
  0.27270181 -0.04874068    0.08701462 -0.49869289    0.00000000  0.00000000
  0.00000000  0.00000000    0.00000000  0.00000000   -0.00669158 -0.17025630
    2    1
 -0.07288948  0.44284899    0.27270181  0.04874068    0.00000000  0.00000000
  0.23037766  0.05585554    0.08701462  0.49869289    0.00000000  0.00000000
  0.00000000  0.00000000    0.00000000  0.00000000   -0.00669158  0.17025630
    2    2
  1.29228544 -0.00000000   -0.13050598 -0.01215616    0.00000000  0.00000000
 -0.13050598  0.01215616    0.98931162 -0.00000000    0.00000000  0.00000000
  0.00000000  0.00000000    0.00000000  0.00000000    0.16282006  0.00000000

     Dynamical  Matrix in cartesian axes

     q = (   -0.100000000   0.404145188   0.000000000 ) 

    1    1
  0.83121285  0.00000000   -0.06145718  0.04655991    0.00000000  0.00000000
 -0.06145718 -0.04655991    1.25084431 -0.00000000    0.00000000  0.00000000
  0.00000000  0.00000000    0.00000000  0.00000000    0.30420506  0.00000000
    1    2
 -0.52583107 -0.27310633    0.06191941 -0.04695180    0.00000000  0.00000000
  0.03186046 -0.01631825   -0.03902085 -0.48031451    0.00000000  0.00000000
  0.00000000  0.00000000    0.00000000  0.00000000   -0.09466054 -0.14167345
    2    1
 -0.52583107  0.27310633    0.03186046  0.01631825    0.00000000  0.00000000
  0.06191941  0.04695180   -0.03902085  0.48031451    0.00000000  0.00000000
  0.00000000  0.00000000    0.00000000  0.00000000   -0.09466054  0.14167345
    2    2
  0.95203358  0.00000000   -0.06593852  0.01215616    0.00000000  0.00000000
 -0.06593852 -0.01215616    1.32956349  0.00000000    0.00000000  0.00000000
  0.00000000  0.00000000    0.00000000  0.00000000    0.16282006  0.00000000

     Dynamical  Matrix in cartesian axes

     q = (    0.100000000  -0.404145188   0.000000000 ) 

    1    1
  0.83121285  0.00000000   -0.06145718 -0.04655991    0.00000000  0.00000000
 -0.06145718  0.04655991    1.25084431  0.00000000    0.00000000  0.00000000
  0.00000000  0.00000000    0.00000000  0.00000000    0.30420506  0.00000000
    1    2
 -0.52583107  0.27310633    0.06191941  0.04695180    0.00000000  0.00000000
  0.03186046  0.01631825   -0.03902085  0.48031451    0.00000000  0.00000000
  0.00000000  0.00000000    0.00000000  0.00000000   -0.09466054  0.14167345
    2    1
 -0.52583107 -0.27310633    0.03186046 -0.01631825    0.00000000  0.00000000
  0.06191941 -0.04695180   -0.03902085 -0.48031451    0.00000000  0.00000000
  0.00000000  0.00000000    0.00000000  0.00000000   -0.09466054 -0.14167345
    2    2
  0.95203358  0.00000000   -0.06593852 -0.01215616    0.00000000  0.00000000
 -0.06593852  0.01215616    1.32956349 -0.00000000    0.00000000  0.00000000
  0.00000000  0.00000000    0.00000000  0.00000000    0.16282006  0.00000000

     Diagonalizing the dynamical matrix

     q = (    0.100000000   0.404145188   0.000000000 ) 

 **************************************************************************
     freq (    1) =       6.681953 [THz] =     222.885962 [cm-1]
 ( -0.000000 -0.000000  0.000000  0.000000 -0.509359 -0.187920 ) 
 ( -0.000000 -0.000000  0.000000 -0.000000 -0.839786  0.000000 ) 
     freq (    2) =      16.635468 [THz] =     554.899491 [cm-1]
 (  0.653480  0.293968 -0.035575 -0.089496 -0.000000 -0.000000 ) 
 (  0.583040  0.360627 -0.084850  0.009239  0.000000  0.000000 ) 
     freq (    3) =      20.676588 [THz] =     689.696739 [cm-1]
 ( -0.000000 -0.000000  0.000000  0.000000 -0.839477 -0.309712 ) 
 ( -0.000000 -0.000000  0.000000 -0.000000  0.446494  0.000000 ) 
     freq (    4) =      27.727669 [THz] =     924.895491 [cm-1]
 ( -0.088274  0.067648 -0.468084 -0.444741  0.000000  0.000000 ) 
 ( -0.070657 -0.102065 -0.740822  0.080669  0.000000  0.000000 ) 
     freq (    5) =      37.730602 [THz] =    1258.557413 [cm-1]
 ( -0.706068 -0.246645 -0.017711  0.227999  0.000000  0.000000 ) 
 (  0.537170  0.283687 -0.138135  0.015042  0.000000  0.000000 ) 
     freq (    6) =      41.857301 [THz] =    1396.209277 [cm-1]
 (  0.190948 -0.068803  0.607051  0.524044  0.000000  0.000000 ) 
 ( -0.131109  0.005494 -0.543097  0.059138  0.000000  0.000000 ) 
 **************************************************************************
