Dynamical matrix file
                                                                           
  2    2  0  4.7418901  0.0000000  0.0000000  0.0000000  0.0000000  0.0000000
Basis vectors
      1.000000000    0.000000000    0.000000000
     -0.500000000    0.866025404    0.000000000
      0.000000000    0.000000000    7.970349730
           1  'B   '    9853.62370169200     
           2  'N   '    12766.3260662741     
    1    1      0.0000000000      0.5773502692      3.9851748648
    2    2      0.5000000000      0.2886751346      3.9851748648

     Dynamical  Matrix in cartesian axes

     q = (    0.000000000   0.000000000   0.000000000 ) 

    1    1
  0.83058878  0.00000000   -0.00000000  0.00000000   -0.00000000  0.00000000
 -0.00000000  0.00000000    0.83058878  0.00000000   -0.00000000  0.00000000
  0.00000000  0.00000000   -0.00000000  0.00000000    0.31055208  0.00000000
    1    2
 -0.83457139  0.00000000    0.00000000  0.00000000    0.00000000  0.00000000
  0.00000000  0.00000000   -0.83457139  0.00000000    0.00000000  0.00000000
  0.00000000  0.00000000    0.00000000  0.00000000   -0.30006183  0.00000000
    2    1
 -0.83457139  0.00000000    0.00000000  0.00000000    0.00000000  0.00000000
  0.00000000  0.00000000   -0.83457139  0.00000000    0.00000000  0.00000000
  0.00000000  0.00000000    0.00000000  0.00000000   -0.30006183  0.00000000
    2    2
  0.83401538  0.00000000   -0.00000000  0.00000000    0.00000000  0.00000000
 -0.00000000  0.00000000    0.83401538  0.00000000    0.00000000  0.00000000
  0.00000000  0.00000000    0.00000000  0.00000000    0.29985022  0.00000000

     Dielectric Tensor:

          1.627164291400         -0.000000000000          0.000000000000
         -0.000000000000          1.627164291393          0.000000000000
          0.000000000000          0.000000000000          1.103712267781

     Effective Charges E-U: Z_{alpha}{s,beta}

     atom #    1
          2.714731930378          0.000000000000          0.000000000000
          0.000000000000          2.714731930381          0.000000000000
          0.000000000000          0.000000000000          0.237280895843
     atom #    2
         -2.695459232713          0.000000000000          0.000000000000
          0.000000000000         -2.695459232631          0.000000000000
          0.000000000000         -0.000000000000         -0.222808285996

     Diagonalizing the dynamical matrix

     q = (    0.000000000   0.000000000   0.000000000 ) 

 **************************************************************************
     freq (    1) =      -1.474422 [THz] =     -49.181421 [cm-1]
 ( -0.707954  0.000000 -0.001570  0.000000  0.000000  0.000000 ) 
 ( -0.706255  0.000000 -0.001567  0.000000  0.000000  0.000000 ) 
     freq (    2) =      -1.474422 [THz] =     -49.181421 [cm-1]
 (  0.001570  0.000000 -0.707954  0.000000  0.000000  0.000000 ) 
 (  0.001567  0.000000 -0.706255  0.000000  0.000000  0.000000 ) 
     freq (    3) =       2.204670 [THz] =      73.539890 [cm-1]
 ( -0.000000  0.000000  0.000000  0.000000  0.699997  0.000000 ) 
 ( -0.000000  0.000000  0.000000  0.000000  0.714146  0.000000 ) 
     freq (    4) =      24.299226 [THz] =     810.534929 [cm-1]
 ( -0.000000  0.000000  0.000000  0.000000  0.797485  0.000000 ) 
 ( -0.000000  0.000000  0.000000  0.000000 -0.603339  0.000000 ) 
     freq (    5) =      40.268378 [THz] =    1343.208514 [cm-1]
 (  0.000000  0.000000  0.790912  0.000000 -0.000000  0.000000 ) 
 ( -0.000000  0.000000 -0.611930  0.000000  0.000000  0.000000 ) 
     freq (    6) =      40.268378 [THz] =    1343.208514 [cm-1]
 (  0.790912  0.000000 -0.000000  0.000000  0.000000  0.000000 ) 
 ( -0.611930  0.000000  0.000000  0.000000  0.000000  0.000000 ) 
 **************************************************************************
