Dynamical matrix file
                                                                           
  2    2  0  4.7418901  0.0000000  0.0000000  0.0000000  0.0000000  0.0000000
Basis vectors
      1.000000000    0.000000000    0.000000000
     -0.500000000    0.866025404    0.000000000
      0.000000000    0.000000000    7.970349730
           1  'B   '    9853.62370169200     
           2  'N   '    12766.3260662741     
    1    1      0.0000000000      0.5773502692      3.9851748648
    2    2      0.5000000000      0.2886751346      3.9851748648

     Dynamical  Matrix in cartesian axes

     q = (    0.200000000   0.577350269   0.000000000 ) 

    1    1
  0.89350287  0.00000000   -0.00000000 -0.07106156    0.00000000  0.00000000
 -0.00000000  0.07106156    1.18795429  0.00000000    0.00000000  0.00000000
  0.00000000  0.00000000    0.00000000  0.00000000    0.30339140  0.00000000
    1    2
 -0.35105493  0.25505633    0.07094309  0.09764479    0.00000000  0.00000000
  0.05043411  0.06941659    0.07795705 -0.05663911    0.00000000  0.00000000
  0.00000000  0.00000000    0.00000000  0.00000000   -0.04435080  0.03222274
    2    1
 -0.35105493 -0.25505633    0.05043411 -0.06941659    0.00000000  0.00000000
  0.07094309 -0.09764479    0.07795705  0.05663911    0.00000000  0.00000000
  0.00000000  0.00000000    0.00000000  0.00000000   -0.04435080 -0.03222274
    2    2
  1.06240295  0.00000000   -0.00000000 -0.02337311    0.00000000  0.00000000
 -0.00000000  0.02337311    1.32357244  0.00000000    0.00000000  0.00000000
  0.00000000  0.00000000    0.00000000  0.00000000    0.11128209  0.00000000

     Dynamical  Matrix in cartesian axes

     q = (   -0.600000000  -0.115470054   0.000000000 ) 

    1    1
  1.11434143  0.00000000    0.12750120 -0.07106156    0.00000000  0.00000000
  0.12750120  0.07106156    0.96711573  0.00000000    0.00000000  0.00000000
  0.00000000  0.00000000    0.00000000  0.00000000    0.30339140  0.00000000
    1    2
 -0.08185381  0.05105495    0.20585744  0.10731684    0.00000000  0.00000000
  0.22636643  0.07908865   -0.19124406 -0.24947217    0.00000000  0.00000000
  0.00000000  0.00000000    0.00000000  0.00000000   -0.04435080 -0.03222274
    2    1
 -0.08185381 -0.05105495    0.22636643 -0.07908865    0.00000000  0.00000000
  0.20585744 -0.10731684   -0.19124406  0.24947217    0.00000000  0.00000000
  0.00000000  0.00000000    0.00000000  0.00000000   -0.04435080  0.03222274
    2    2
  1.25828006  0.00000000    0.11308971 -0.02337311    0.00000000  0.00000000
  0.11308971  0.02337311    1.12769532  0.00000000    0.00000000  0.00000000
  0.00000000  0.00000000    0.00000000  0.00000000    0.11128209  0.00000000

     Dynamical  Matrix in cartesian axes

     q = (    0.400000000  -0.461880215   0.000000000 ) 

    1    1
  1.11434143  0.00000000   -0.12750120 -0.07106156    0.00000000  0.00000000
 -0.12750120  0.07106156    0.96711573  0.00000000    0.00000000  0.00000000
  0.00000000  0.00000000    0.00000000  0.00000000    0.30339140  0.00000000
    1    2
  0.03621178  0.08941679    0.22962143  0.03417882    0.00000000  0.00000000
  0.22962143  0.06907079    0.30135576 -0.08941679    0.00000000  0.00000000
  0.00000000  0.00000000    0.00000000  0.00000000    0.05482060  0.00000000
    2    1
  0.03621178 -0.08941679    0.22962143 -0.06907079    0.00000000  0.00000000
  0.22962143 -0.03417882    0.30135576  0.08941679    0.00000000  0.00000000
  0.00000000  0.00000000    0.00000000  0.00000000    0.05482060 -0.00000000
    2    2
  1.25828006  0.00000000   -0.11308971 -0.02337311    0.00000000  0.00000000
 -0.11308971  0.02337311    1.12769532  0.00000000    0.00000000  0.00000000
  0.00000000  0.00000000    0.00000000  0.00000000    0.11128209  0.00000000

     Dynamical  Matrix in cartesian axes

     q = (   -0.400000000  -0.461880215   0.000000000 ) 

    1    1
  1.11434143  0.00000000    0.12750120  0.07106156    0.00000000  0.00000000
  0.12750120 -0.07106156    0.96711573 -0.00000000    0.00000000  0.00000000
  0.00000000  0.00000000    0.00000000  0.00000000    0.30339140  0.00000000
    1    2
 -0.08185381 -0.05105495    0.20585744 -0.10731684    0.00000000  0.00000000
  0.22636643 -0.07908865   -0.19124406  0.24947217    0.00000000  0.00000000
  0.00000000  0.00000000    0.00000000  0.00000000   -0.04435080  0.03222274
    2    1
 -0.08185381  0.05105495    0.22636643  0.07908865    0.00000000  0.00000000
  0.20585744  0.10731684   -0.19124406 -0.24947217    0.00000000  0.00000000
  0.00000000  0.00000000    0.00000000  0.00000000   -0.04435080 -0.03222274
    2    2
  1.25828006  0.00000000    0.11308971  0.02337311    0.00000000  0.00000000
  0.11308971 -0.02337311    1.12769532 -0.00000000    0.00000000  0.00000000
  0.00000000  0.00000000    0.00000000  0.00000000    0.11128209  0.00000000

     Dynamical  Matrix in cartesian axes

     q = (    0.600000000  -0.115470054   0.000000000 ) 

    1    1
  1.11434143  0.00000000   -0.12750120  0.07106156    0.00000000  0.00000000
 -0.12750120 -0.07106156    0.96711573 -0.00000000    0.00000000  0.00000000
  0.00000000  0.00000000    0.00000000  0.00000000    0.30339140  0.00000000
    1    2
  0.03621178 -0.08941679    0.22962143 -0.03417882    0.00000000  0.00000000
  0.22962143 -0.06907079    0.30135576  0.08941679    0.00000000  0.00000000
  0.00000000  0.00000000    0.00000000  0.00000000    0.05482060  0.00000000
    2    1
  0.03621178  0.08941679    0.22962143  0.06907079    0.00000000  0.00000000
  0.22962143  0.03417882    0.30135576 -0.08941679    0.00000000  0.00000000
  0.00000000  0.00000000    0.00000000  0.00000000    0.05482060 -0.00000000
    2    2
  1.25828006  0.00000000   -0.11308971  0.02337311    0.00000000  0.00000000
 -0.11308971 -0.02337311    1.12769532 -0.00000000    0.00000000  0.00000000
  0.00000000  0.00000000    0.00000000  0.00000000    0.11128209  0.00000000

     Dynamical  Matrix in cartesian axes

     q = (   -0.200000000   0.577350269   0.000000000 ) 

    1    1
  0.89350287  0.00000000   -0.00000000  0.07106156    0.00000000  0.00000000
 -0.00000000 -0.07106156    1.18795429 -0.00000000    0.00000000  0.00000000
  0.00000000  0.00000000    0.00000000  0.00000000    0.30339140  0.00000000
    1    2
 -0.35105493 -0.25505633    0.07094309 -0.09764479    0.00000000  0.00000000
  0.05043411 -0.06941659    0.07795705  0.05663911    0.00000000  0.00000000
  0.00000000  0.00000000    0.00000000  0.00000000   -0.04435080 -0.03222274
    2    1
 -0.35105493  0.25505633    0.05043411  0.06941659    0.00000000  0.00000000
  0.07094309  0.09764479    0.07795705 -0.05663911    0.00000000  0.00000000
  0.00000000  0.00000000    0.00000000  0.00000000   -0.04435080  0.03222274
    2    2
  1.06240295  0.00000000   -0.00000000  0.02337311    0.00000000  0.00000000
 -0.00000000 -0.02337311    1.32357244 -0.00000000    0.00000000  0.00000000
  0.00000000  0.00000000    0.00000000  0.00000000    0.11128209  0.00000000

     Diagonalizing the dynamical matrix

     q = (    0.200000000   0.577350269   0.000000000 ) 

 **************************************************************************
     freq (    1) =       9.118818 [THz] =     304.171025 [cm-1]
 ( -0.000000 -0.000000 -0.000000  0.000000  0.189377 -0.137590 ) 
 (  0.000000 -0.000000  0.000000  0.000000  0.972217  0.000000 ) 
     freq (    2) =      18.558833 [THz] =     619.056036 [cm-1]
 ( -0.000000 -0.000000 -0.000000  0.000000  0.795399 -0.577891 ) 
 (  0.000000 -0.000000  0.000000  0.000000 -0.182710  0.000000 ) 
     freq (    3) =      22.241202 [THz] =     741.886634 [cm-1]
 ( -0.319498 -0.638995 -0.144948  0.072474 -0.000000  0.000000 ) 
 (  0.109940 -0.661590  0.114854  0.019086  0.000000  0.000000 ) 
     freq (    4) =      32.715781 [THz] =    1091.280988 [cm-1]
 ( -0.059934 -0.119867 -0.280642  0.140321 -0.000000  0.000000 ) 
 ( -0.052788  0.317664  0.871169  0.144767  0.000000  0.000000 ) 
     freq (    5) =      36.539377 [THz] =    1218.822415 [cm-1]
 (  0.183771  0.367542 -0.789009  0.394505  0.000000 -0.000000 ) 
 (  0.031910 -0.192024 -0.121139 -0.020130  0.000000  0.000000 ) 
     freq (    6) =      37.535397 [THz] =    1252.046068 [cm-1]
 ( -0.289124 -0.578248 -0.345976  0.172988  0.000000 -0.000000 ) 
 ( -0.088205  0.530796 -0.372892 -0.061966  0.000000  0.000000 ) 
 **************************************************************************
