Dynamical matrix file
                                                                           
  2    2  0  4.7418901  0.0000000  0.0000000  0.0000000  0.0000000  0.0000000
Basis vectors
      1.000000000    0.000000000    0.000000000
     -0.500000000    0.866025404    0.000000000
      0.000000000    0.000000000    7.970349730
           1  'B   '    9853.62370169200     
           2  'N   '    12766.3260662741     
    1    1      0.0000000000      0.5773502692      3.9851748648
    2    2      0.5000000000      0.2886751346      3.9851748648

     Dynamical  Matrix in cartesian axes

     q = (    0.200000000   0.461880215   0.000000000 ) 

    1    1
  0.90686103  0.00000000    0.07765308 -0.07186006    0.00000000  0.00000000
  0.07765308  0.07186006    1.17012112 -0.00000000    0.00000000  0.00000000
  0.00000000  0.00000000    0.00000000  0.00000000    0.30296503  0.00000000
    1    2
 -0.41006053  0.21679650    0.03396231  0.12917600    0.00000000  0.00000000
  0.03102690  0.08144357   -0.18440308 -0.24013171    0.00000000  0.00000000
  0.00000000  0.00000000    0.00000000  0.00000000   -0.10979385 -0.01007704
    2    1
 -0.41006053 -0.21679650    0.03102690 -0.08144357    0.00000000  0.00000000
  0.03396231 -0.12917600   -0.18440308  0.24013171    0.00000000  0.00000000
  0.00000000  0.00000000    0.00000000  0.00000000   -0.10979385  0.01007704
    2    2
  1.05874813  0.00000000    0.07868300 -0.02150056    0.00000000  0.00000000
  0.07868300  0.02150056    1.29784380  0.00000000    0.00000000  0.00000000
  0.00000000  0.00000000    0.00000000  0.00000000    0.12843532  0.00000000

     Dynamical  Matrix in cartesian axes

     q = (   -0.200000000  -0.461880215   0.000000000 ) 

    1    1
  0.90686103  0.00000000    0.07765308  0.07186006    0.00000000  0.00000000
  0.07765308 -0.07186006    1.17012112  0.00000000    0.00000000  0.00000000
  0.00000000  0.00000000    0.00000000  0.00000000    0.30296503  0.00000000
    1    2
 -0.41006053 -0.21679650    0.03396231 -0.12917600    0.00000000  0.00000000
  0.03102690 -0.08144357   -0.18440308  0.24013171    0.00000000  0.00000000
  0.00000000  0.00000000    0.00000000  0.00000000   -0.10979385  0.01007704
    2    1
 -0.41006053  0.21679650    0.03102690  0.08144357    0.00000000  0.00000000
  0.03396231  0.12917600   -0.18440308 -0.24013171    0.00000000  0.00000000
  0.00000000  0.00000000    0.00000000  0.00000000   -0.10979385 -0.01007704
    2    2
  1.05874813  0.00000000    0.07868300  0.02150056    0.00000000  0.00000000
  0.07868300 -0.02150056    1.29784380 -0.00000000    0.00000000  0.00000000
  0.00000000  0.00000000    0.00000000  0.00000000    0.12843532  0.00000000

     Dynamical  Matrix in cartesian axes

     q = (   -0.500000000  -0.057735027   0.000000000 ) 

    1    1
  1.17155564 -0.00000000    0.07516842 -0.07186006    0.00000000  0.00000000
  0.07516842  0.07186006    0.90542652 -0.00000000    0.00000000  0.00000000
  0.00000000  0.00000000    0.00000000  0.00000000    0.30296503  0.00000000
    1    2
 -0.03272016 -0.21298966    0.24117931  0.00883695    0.00000000  0.00000000
  0.28566847 -0.00870492   -0.12878610 -0.35958980    0.00000000  0.00000000
  0.00000000  0.00000000    0.00000000  0.00000000   -0.02434433 -0.10753413
    2    1
 -0.03272016  0.21298966    0.28566847  0.00870492    0.00000000  0.00000000
  0.24117931 -0.00883695   -0.12878610  0.35958980    0.00000000  0.00000000
  0.00000000  0.00000000    0.00000000  0.00000000   -0.02434433  0.10753413
    2    2
  1.30621135  0.00000000    0.06418996 -0.02150056    0.00000000  0.00000000
  0.06418996  0.02150056    1.05038057  0.00000000    0.00000000  0.00000000
  0.00000000  0.00000000    0.00000000  0.00000000    0.12843532  0.00000000

     Dynamical  Matrix in cartesian axes

     q = (    0.500000000   0.057735027   0.000000000 ) 

    1    1
  1.17155564  0.00000000    0.07516842  0.07186006    0.00000000  0.00000000
  0.07516842 -0.07186006    0.90542652  0.00000000    0.00000000  0.00000000
  0.00000000  0.00000000    0.00000000  0.00000000    0.30296503  0.00000000
    1    2
 -0.03272016  0.21298966    0.24117931 -0.00883695    0.00000000  0.00000000
  0.28566847  0.00870492   -0.12878610  0.35958980    0.00000000  0.00000000
  0.00000000  0.00000000    0.00000000  0.00000000   -0.02434433  0.10753413
    2    1
 -0.03272016 -0.21298966    0.28566847 -0.00870492    0.00000000  0.00000000
  0.24117931  0.00883695   -0.12878610 -0.35958980    0.00000000  0.00000000
  0.00000000  0.00000000    0.00000000  0.00000000   -0.02434433 -0.10753413
    2    2
  1.30621135 -0.00000000    0.06418996  0.02150056    0.00000000  0.00000000
  0.06418996 -0.02150056    1.05038057 -0.00000000    0.00000000  0.00000000
  0.00000000  0.00000000    0.00000000  0.00000000    0.12843532  0.00000000

     Dynamical  Matrix in cartesian axes

     q = (    0.300000000  -0.404145188   0.000000000 ) 

    1    1
  1.03705656 -0.00000000   -0.15282150 -0.07186006    0.00000000  0.00000000
 -0.15282150  0.07186006    1.03992559  0.00000000    0.00000000  0.00000000
  0.00000000  0.00000000    0.00000000  0.00000000    0.30296503  0.00000000
    1    2
 -0.12336217  0.32288260    0.19555429  0.05474179    0.00000000  0.00000000
  0.15106514  0.07228367    0.28486842  0.24969687    0.00000000  0.00000000
  0.00000000  0.00000000    0.00000000  0.00000000    0.02434433  0.10753413
    2    1
 -0.12336217 -0.32288260    0.15106514 -0.07228367    0.00000000  0.00000000
  0.19555429 -0.05474179    0.28486842 -0.24969687    0.00000000  0.00000000
  0.00000000  0.00000000    0.00000000  0.00000000    0.02434433 -0.10753413
    2    2
  1.16992840  0.00000000   -0.14287296 -0.02150056    0.00000000  0.00000000
 -0.14287296  0.02150056    1.18666352  0.00000000    0.00000000  0.00000000
  0.00000000  0.00000000    0.00000000  0.00000000    0.12843532  0.00000000

     Dynamical  Matrix in cartesian axes

     q = (   -0.300000000   0.404145188   0.000000000 ) 

    1    1
  1.03705656  0.00000000   -0.15282150  0.07186006    0.00000000  0.00000000
 -0.15282150 -0.07186006    1.03992559 -0.00000000    0.00000000  0.00000000
  0.00000000  0.00000000    0.00000000  0.00000000    0.30296503  0.00000000
    1    2
 -0.12336217 -0.32288260    0.19555429 -0.05474179    0.00000000  0.00000000
  0.15106514 -0.07228367    0.28486842 -0.24969687    0.00000000  0.00000000
  0.00000000  0.00000000    0.00000000  0.00000000    0.02434433 -0.10753413
    2    1
 -0.12336217  0.32288260    0.15106514  0.07228367    0.00000000  0.00000000
  0.19555429  0.05474179    0.28486842  0.24969687    0.00000000  0.00000000
  0.00000000  0.00000000    0.00000000  0.00000000    0.02434433  0.10753413
    2    2
  1.16992840 -0.00000000   -0.14287296  0.02150056    0.00000000  0.00000000
 -0.14287296 -0.02150056    1.18666352 -0.00000000    0.00000000  0.00000000
  0.00000000  0.00000000    0.00000000  0.00000000    0.12843532  0.00000000

     Dynamical  Matrix in cartesian axes

     q = (   -0.300000000  -0.404145188   0.000000000 ) 

    1    1
  1.03705656 -0.00000000    0.15282150  0.07186006    0.00000000  0.00000000
  0.15282150 -0.07186006    1.03992559  0.00000000    0.00000000  0.00000000
  0.00000000  0.00000000    0.00000000  0.00000000    0.30296503  0.00000000
    1    2
 -0.26895859 -0.21710060    0.11249214 -0.16906704    0.00000000  0.00000000
  0.11542755 -0.12133460   -0.32550502  0.19376539    0.00000000  0.00000000
  0.00000000  0.00000000    0.00000000  0.00000000   -0.10979385 -0.01007704
    2    1
 -0.26895859  0.21710060    0.11542755  0.12133460    0.00000000  0.00000000
  0.11249214  0.16906704   -0.32550502 -0.19376539    0.00000000  0.00000000
  0.00000000  0.00000000    0.00000000  0.00000000   -0.10979385  0.01007704
    2    2
  1.16992840  0.00000000    0.14287296  0.02150056    0.00000000  0.00000000
  0.14287296 -0.02150056    1.18666352 -0.00000000    0.00000000  0.00000000
  0.00000000  0.00000000    0.00000000  0.00000000    0.12843532  0.00000000

     Dynamical  Matrix in cartesian axes

     q = (    0.300000000   0.404145188   0.000000000 ) 

    1    1
  1.03705656  0.00000000    0.15282150 -0.07186006    0.00000000  0.00000000
  0.15282150  0.07186006    1.03992559 -0.00000000    0.00000000  0.00000000
  0.00000000  0.00000000    0.00000000  0.00000000    0.30296503  0.00000000
    1    2
 -0.26895859  0.21710060    0.11249214  0.16906704    0.00000000  0.00000000
  0.11542755  0.12133460   -0.32550502 -0.19376539    0.00000000  0.00000000
  0.00000000  0.00000000    0.00000000  0.00000000   -0.10979385  0.01007704
    2    1
 -0.26895859 -0.21710060    0.11542755 -0.12133460    0.00000000  0.00000000
  0.11249214 -0.16906704   -0.32550502  0.19376539    0.00000000  0.00000000
  0.00000000  0.00000000    0.00000000  0.00000000   -0.10979385 -0.01007704
    2    2
  1.16992840 -0.00000000    0.14287296 -0.02150056    0.00000000  0.00000000
  0.14287296  0.02150056    1.18666352  0.00000000    0.00000000  0.00000000
  0.00000000  0.00000000    0.00000000  0.00000000    0.12843532  0.00000000

     Dynamical  Matrix in cartesian axes

     q = (    0.500000000  -0.057735027   0.000000000 ) 

    1    1
  1.17155564 -0.00000000   -0.07516842  0.07186006    0.00000000  0.00000000
 -0.07516842 -0.07186006    0.90542652  0.00000000    0.00000000  0.00000000
  0.00000000  0.00000000    0.00000000  0.00000000    0.30296503  0.00000000
    1    2
  0.03272016  0.21298966    0.24117931  0.00883695    0.00000000  0.00000000
  0.28566847 -0.00870492    0.12878610  0.35958980    0.00000000  0.00000000
  0.00000000  0.00000000    0.00000000  0.00000000    0.02434433  0.10753413
    2    1
  0.03272016 -0.21298966    0.28566847  0.00870492    0.00000000  0.00000000
  0.24117931 -0.00883695    0.12878610 -0.35958980    0.00000000  0.00000000
  0.00000000  0.00000000    0.00000000  0.00000000    0.02434433 -0.10753413
    2    2
  1.30621135  0.00000000   -0.06418996  0.02150056    0.00000000  0.00000000
 -0.06418996 -0.02150056    1.05038057 -0.00000000    0.00000000  0.00000000
  0.00000000  0.00000000    0.00000000  0.00000000    0.12843532  0.00000000

     Dynamical  Matrix in cartesian axes

     q = (   -0.500000000   0.057735027   0.000000000 ) 

    1    1
  1.17155564  0.00000000   -0.07516842 -0.07186006    0.00000000  0.00000000
 -0.07516842  0.07186006    0.90542652 -0.00000000    0.00000000  0.00000000
  0.00000000  0.00000000    0.00000000  0.00000000    0.30296503  0.00000000
    1    2
  0.03272016 -0.21298966    0.24117931 -0.00883695    0.00000000  0.00000000
  0.28566847  0.00870492    0.12878610 -0.35958980    0.00000000  0.00000000
  0.00000000  0.00000000    0.00000000  0.00000000    0.02434433 -0.10753413
    2    1
  0.03272016  0.21298966    0.28566847 -0.00870492    0.00000000  0.00000000
  0.24117931  0.00883695    0.12878610  0.35958980    0.00000000  0.00000000
  0.00000000  0.00000000    0.00000000  0.00000000    0.02434433  0.10753413
    2    2
  1.30621135 -0.00000000   -0.06418996 -0.02150056    0.00000000  0.00000000
 -0.06418996  0.02150056    1.05038057  0.00000000    0.00000000  0.00000000
  0.00000000  0.00000000    0.00000000  0.00000000    0.12843532  0.00000000

     Dynamical  Matrix in cartesian axes

     q = (   -0.200000000   0.461880215   0.000000000 ) 

    1    1
  0.90686103  0.00000000   -0.07765308  0.07186006    0.00000000  0.00000000
 -0.07765308 -0.07186006    1.17012112 -0.00000000    0.00000000  0.00000000
  0.00000000  0.00000000    0.00000000  0.00000000    0.30296503  0.00000000
    1    2
 -0.33290139 -0.32299694    0.11235875 -0.07221765    0.00000000  0.00000000
  0.06786960 -0.05467578    0.17139514 -0.24958253    0.00000000  0.00000000
  0.00000000  0.00000000    0.00000000  0.00000000   -0.02434433 -0.10753413
    2    1
 -0.33290139  0.32299694    0.06786960  0.05467578    0.00000000  0.00000000
  0.11235875  0.07221765    0.17139514  0.24958253    0.00000000  0.00000000
  0.00000000  0.00000000    0.00000000  0.00000000   -0.02434433  0.10753413
    2    2
  1.05874813  0.00000000   -0.07868300  0.02150056    0.00000000  0.00000000
 -0.07868300 -0.02150056    1.29784380 -0.00000000    0.00000000  0.00000000
  0.00000000  0.00000000    0.00000000  0.00000000    0.12843532  0.00000000

     Dynamical  Matrix in cartesian axes

     q = (    0.200000000  -0.461880215   0.000000000 ) 

    1    1
  0.90686103  0.00000000   -0.07765308 -0.07186006    0.00000000  0.00000000
 -0.07765308  0.07186006    1.17012112  0.00000000    0.00000000  0.00000000
  0.00000000  0.00000000    0.00000000  0.00000000    0.30296503  0.00000000
    1    2
 -0.33290139  0.32299694    0.11235875  0.07221765    0.00000000  0.00000000
  0.06786960  0.05467578    0.17139514  0.24958253    0.00000000  0.00000000
  0.00000000  0.00000000    0.00000000  0.00000000   -0.02434433  0.10753413
    2    1
 -0.33290139 -0.32299694    0.06786960 -0.05467578    0.00000000  0.00000000
  0.11235875 -0.07221765    0.17139514 -0.24958253    0.00000000  0.00000000
  0.00000000  0.00000000    0.00000000  0.00000000   -0.02434433 -0.10753413
    2    2
  1.05874813  0.00000000   -0.07868300 -0.02150056    0.00000000  0.00000000
 -0.07868300  0.02150056    1.29784380  0.00000000    0.00000000  0.00000000
  0.00000000  0.00000000    0.00000000  0.00000000    0.12843532  0.00000000

     Diagonalizing the dynamical matrix

     q = (    0.200000000   0.461880215   0.000000000 ) 

 **************************************************************************
     freq (    1) =       8.148040 [THz] =     271.789361 [cm-1]
 (  0.000000  0.000000 -0.000000 -0.000000 -0.412128 -0.037826 ) 
 (  0.000000  0.000000 -0.000000  0.000000 -0.910340  0.000000 ) 
     freq (    2) =      19.371795 [THz] =     646.173538 [cm-1]
 (  0.000000  0.000000 -0.000000 -0.000000 -0.939645 -0.086242 ) 
 (  0.000000  0.000000 -0.000000  0.000000  0.331105  0.000000 ) 
     freq (    3) =      21.314985 [THz] =     710.991370 [cm-1]
 ( -0.662926 -0.206485  0.074358  0.211089  0.000000 -0.000000 ) 
 ( -0.499266 -0.427408  0.188575 -0.017308  0.000000  0.000000 ) 
     freq (    4) =      29.797753 [THz] =     993.946060 [cm-1]
 (  0.158206 -0.175499  0.395597  0.406186  0.000000 -0.000000 ) 
 (  0.129128  0.258501  0.731222 -0.067113  0.000000  0.000000 ) 
     freq (    5) =      37.486134 [THz] =    1250.402843 [cm-1]
 ( -0.653880 -0.025473 -0.115675  0.446069 -0.000000  0.000000 ) 
 (  0.464310  0.303886 -0.225992  0.020742  0.000000  0.000000 ) 
     freq (    6) =      39.137635 [THz] =    1305.490980 [cm-1]
 (  0.260897 -0.295111  0.602004  0.418200 -0.000000  0.000000 ) 
 ( -0.210128  0.057464 -0.507852  0.046611  0.000000  0.000000 ) 
 **************************************************************************
