Dynamical matrix file
                                                                           
  2    2  0  4.7418901  0.0000000  0.0000000  0.0000000  0.0000000  0.0000000
Basis vectors
      1.000000000    0.000000000    0.000000000
     -0.500000000    0.866025404    0.000000000
      0.000000000    0.000000000    7.970349730
           1  'B   '    9853.62370169200     
           2  'N   '    12766.3260662741     
    1    1      0.0000000000      0.5773502692      3.9851748648
    2    2      0.5000000000      0.2886751346      3.9851748648

     Dynamical  Matrix in cartesian axes

     q = (    0.300000000   0.519615242   0.000000000 ) 

    1    1
  1.00235783  0.00000000    0.05356775 -0.08239206    0.00000000  0.00000000
  0.05356775  0.08239206    1.06421254 -0.00000000    0.00000000  0.00000000
  0.00000000  0.00000000    0.00000000  0.00000000    0.29999630  0.00000000
    1    2
 -0.18532837  0.20000883    0.12877932  0.12658728    0.00000000  0.00000000
  0.12877932  0.10436301   -0.03662682 -0.20000883    0.00000000  0.00000000
  0.00000000  0.00000000    0.00000000  0.00000000   -0.04108468  0.00000000
    2    1
 -0.18532837 -0.20000883    0.12877932 -0.10436301    0.00000000  0.00000000
  0.12877932 -0.12658728   -0.03662682  0.20000883    0.00000000  0.00000000
  0.00000000  0.00000000    0.00000000  0.00000000   -0.04108468 -0.00000000
    2    2
  1.17237715  0.00000000    0.05156110 -0.02536989    0.00000000  0.00000000
  0.05156110  0.02536989    1.23191478 -0.00000000    0.00000000  0.00000000
  0.00000000  0.00000000    0.00000000  0.00000000    0.10552629  0.00000000

     Dynamical  Matrix in cartesian axes

     q = (   -0.600000000  -0.000000000   0.000000000 ) 

    1    1
  1.09513989 -0.00000000   -0.00000000 -0.08239206    0.00000000  0.00000000
 -0.00000000  0.08239206    0.97143048 -0.00000000    0.00000000  0.00000000
  0.00000000  0.00000000    0.00000000  0.00000000    0.29999630  0.00000000
    1    2
 -0.01165734  0.03587761    0.20907852  0.06793373    0.00000000  0.00000000
  0.23021505  0.07480141    0.08024527 -0.24696954    0.00000000  0.00000000
  0.00000000  0.00000000    0.00000000  0.00000000    0.01269586 -0.03907385
    2    1
 -0.01165734 -0.03587761    0.23021505 -0.07480141    0.00000000  0.00000000
  0.20907852 -0.06793373    0.08024527  0.24696954    0.00000000  0.00000000
  0.00000000  0.00000000    0.00000000  0.00000000    0.01269586  0.03907385
    2    2
  1.26168359 -0.00000000   -0.00000000 -0.02536989    0.00000000  0.00000000
 -0.00000000  0.02536989    1.14260834 -0.00000000    0.00000000  0.00000000
  0.00000000  0.00000000    0.00000000  0.00000000    0.10552629  0.00000000

     Dynamical  Matrix in cartesian axes

     q = (    0.300000000  -0.519615242   0.000000000 ) 

    1    1
  1.00235783 -0.00000000   -0.05356775 -0.08239206    0.00000000  0.00000000
 -0.05356775  0.08239206    1.06421254 -0.00000000    0.00000000  0.00000000
  0.00000000  0.00000000    0.00000000  0.00000000    0.29999630  0.00000000
    1    2
 -0.13295008  0.23806388    0.16018666  0.08335879    0.00000000  0.00000000
  0.13905012  0.09022646    0.20153801 -0.02697195    0.00000000  0.00000000
  0.00000000  0.00000000    0.00000000  0.00000000    0.01269586  0.03907385
    2    1
 -0.13295008 -0.23806388    0.13905012 -0.09022646    0.00000000  0.00000000
  0.16018666 -0.08335879    0.20153801  0.02697195    0.00000000  0.00000000
  0.00000000  0.00000000    0.00000000  0.00000000    0.01269586 -0.03907385
    2    2
  1.17237715 -0.00000000   -0.05156110 -0.02536989    0.00000000  0.00000000
 -0.05156110  0.02536989    1.23191478 -0.00000000    0.00000000  0.00000000
  0.00000000  0.00000000    0.00000000  0.00000000    0.10552629  0.00000000

     Dynamical  Matrix in cartesian axes

     q = (   -0.300000000  -0.519615242   0.000000000 ) 

    1    1
  1.00235783 -0.00000000    0.05356775  0.08239206    0.00000000  0.00000000
  0.05356775 -0.08239206    1.06421254  0.00000000    0.00000000  0.00000000
  0.00000000  0.00000000    0.00000000  0.00000000    0.29999630  0.00000000
    1    2
 -0.18532837 -0.20000883    0.12877932 -0.12658728    0.00000000  0.00000000
  0.12877932 -0.10436301   -0.03662682  0.20000883    0.00000000  0.00000000
  0.00000000  0.00000000    0.00000000  0.00000000   -0.04108468 -0.00000000
    2    1
 -0.18532837  0.20000883    0.12877932  0.10436301    0.00000000  0.00000000
  0.12877932  0.12658728   -0.03662682 -0.20000883    0.00000000  0.00000000
  0.00000000  0.00000000    0.00000000  0.00000000   -0.04108468  0.00000000
    2    2
  1.17237715 -0.00000000    0.05156110  0.02536989    0.00000000  0.00000000
  0.05156110 -0.02536989    1.23191478  0.00000000    0.00000000  0.00000000
  0.00000000  0.00000000    0.00000000  0.00000000    0.10552629  0.00000000

     Dynamical  Matrix in cartesian axes

     q = (    0.600000000  -0.000000000   0.000000000 ) 

    1    1
  1.09513989 -0.00000000   -0.00000000  0.08239206    0.00000000  0.00000000
 -0.00000000 -0.08239206    0.97143048  0.00000000    0.00000000  0.00000000
  0.00000000  0.00000000    0.00000000  0.00000000    0.29999630  0.00000000
    1    2
 -0.01165734 -0.03587761    0.20907852 -0.06793373    0.00000000  0.00000000
  0.23021505 -0.07480141    0.08024527  0.24696954    0.00000000  0.00000000
  0.00000000  0.00000000    0.00000000  0.00000000    0.01269586  0.03907385
    2    1
 -0.01165734  0.03587761    0.23021505  0.07480141    0.00000000  0.00000000
  0.20907852  0.06793373    0.08024527 -0.24696954    0.00000000  0.00000000
  0.00000000  0.00000000    0.00000000  0.00000000    0.01269586 -0.03907385
    2    2
  1.26168359 -0.00000000   -0.00000000  0.02536989    0.00000000  0.00000000
 -0.00000000 -0.02536989    1.14260834  0.00000000    0.00000000  0.00000000
  0.00000000  0.00000000    0.00000000  0.00000000    0.10552629  0.00000000

     Dynamical  Matrix in cartesian axes

     q = (   -0.300000000   0.519615242   0.000000000 ) 

    1    1
  1.00235783  0.00000000   -0.05356775  0.08239206    0.00000000  0.00000000
 -0.05356775 -0.08239206    1.06421254  0.00000000    0.00000000  0.00000000
  0.00000000  0.00000000    0.00000000  0.00000000    0.29999630  0.00000000
    1    2
 -0.13295008 -0.23806388    0.16018666 -0.08335879    0.00000000  0.00000000
  0.13905012 -0.09022646    0.20153801  0.02697195    0.00000000  0.00000000
  0.00000000  0.00000000    0.00000000  0.00000000    0.01269586 -0.03907385
    2    1
 -0.13295008  0.23806388    0.13905012  0.09022646    0.00000000  0.00000000
  0.16018666  0.08335879    0.20153801 -0.02697195    0.00000000  0.00000000
  0.00000000  0.00000000    0.00000000  0.00000000    0.01269586  0.03907385
    2    2
  1.17237715  0.00000000   -0.05156110  0.02536989    0.00000000  0.00000000
 -0.05156110 -0.02536989    1.23191478  0.00000000    0.00000000  0.00000000
  0.00000000  0.00000000    0.00000000  0.00000000    0.10552629  0.00000000

     Diagonalizing the dynamical matrix

     q = (    0.300000000   0.519615242   0.000000000 ) 

 **************************************************************************
     freq (    1) =       9.115091 [THz] =     304.046706 [cm-1]
 ( -0.000000 -0.000000  0.000000  0.000000 -0.180129  0.000000 ) 
 ( -0.000000 -0.000000  0.000000 -0.000000 -0.983643  0.000000 ) 
     freq (    2) =      18.327287 [THz] =     611.332491 [cm-1]
 ( -0.000000 -0.000000  0.000000  0.000000 -0.990158  0.000000 ) 
 ( -0.000000 -0.000000  0.000000 -0.000000  0.139953  0.000000 ) 
     freq (    3) =      25.033270 [THz] =     835.020000 [cm-1]
 ( -0.544797 -0.220499  0.034206  0.454882  0.000000 -0.000000 ) 
 ( -0.297949 -0.449765  0.394242 -0.000000  0.000000  0.000000 ) 
     freq (    4) =      31.262794 [THz] =    1042.814567 [cm-1]
 ( -0.231176  0.212808 -0.162482 -0.238795 -0.000000  0.000000 ) 
 ( -0.188021 -0.545906 -0.696047  0.000000  0.000000  0.000000 ) 
     freq (    5) =      35.882441 [THz] =    1196.909403 [cm-1]
 ( -0.530302  0.187917 -0.600822 -0.470492  0.000000 -0.000000 ) 
 (  0.063420  0.193922  0.243904 -0.000000  0.000000  0.000000 ) 
     freq (    6) =      37.638092 [THz] =    1255.471619 [cm-1]
 (  0.457320  0.373193  0.096759 -0.445273  0.000000 -0.000000 ) 
 ( -0.040977 -0.480800  0.459464 -0.000000  0.000000  0.000000 ) 
 **************************************************************************
