Dynamical matrix file
                                                                           
  2    2  0  4.7418901  0.0000000  0.0000000  0.0000000  0.0000000  0.0000000
Basis vectors
      1.000000000    0.000000000    0.000000000
     -0.500000000    0.866025404    0.000000000
      0.000000000    0.000000000    7.970349730
           1  'B   '    9853.62370169200     
           2  'N   '    12766.3260662741     
    1    1      0.0000000000      0.5773502692      3.9851748648
    2    2      0.5000000000      0.2886751346      3.9851748648

     Dynamical  Matrix in cartesian axes

     q = (    0.100000000   0.519615242   0.000000000 ) 

    1    1
  0.81862688  0.00000000    0.02032109 -0.04170057    0.00000000  0.00000000
  0.02032109  0.04170057    1.29242569 -0.00000000    0.00000000  0.00000000
  0.00000000  0.00000000    0.00000000  0.00000000    0.30905639  0.00000000
    1    2
 -0.52964815  0.13549534    0.00476926  0.06262429    0.00000000  0.00000000
  0.00166636  0.02953382   -0.02865426 -0.17195845    0.00000000  0.00000000
  0.00000000  0.00000000    0.00000000  0.00000000   -0.09121117 -0.01628632
    2    1
 -0.52964815 -0.13549534    0.00166636 -0.02953382    0.00000000  0.00000000
  0.00476926 -0.06262429   -0.02865426  0.17195845    0.00000000  0.00000000
  0.00000000  0.00000000    0.00000000  0.00000000   -0.09121117  0.01628632
    2    2
  0.96374099  0.00000000    0.02242052 -0.01483761    0.00000000  0.00000000
  0.02242052  0.01483761    1.37827923  0.00000000    0.00000000  0.00000000
  0.00000000  0.00000000    0.00000000  0.00000000    0.12674612  0.00000000

     Dynamical  Matrix in cartesian axes

     q = (   -0.100000000  -0.519615242   0.000000000 ) 

    1    1
  0.81862688  0.00000000    0.02032109  0.04170057    0.00000000  0.00000000
  0.02032109 -0.04170057    1.29242569  0.00000000    0.00000000  0.00000000
  0.00000000  0.00000000    0.00000000  0.00000000    0.30905639  0.00000000
    1    2
 -0.52964815 -0.13549534    0.00476926 -0.06262429    0.00000000  0.00000000
  0.00166636 -0.02953382   -0.02865426  0.17195845    0.00000000  0.00000000
  0.00000000  0.00000000    0.00000000  0.00000000   -0.09121117  0.01628632
    2    1
 -0.52964815  0.13549534    0.00166636  0.02953382    0.00000000  0.00000000
  0.00476926  0.06262429   -0.02865426 -0.17195845    0.00000000  0.00000000
  0.00000000  0.00000000    0.00000000  0.00000000   -0.09121117 -0.01628632
    2    2
  0.96374099  0.00000000    0.02242052  0.01483761    0.00000000  0.00000000
  0.02242052 -0.01483761    1.37827923 -0.00000000    0.00000000  0.00000000
  0.00000000  0.00000000    0.00000000  0.00000000    0.12674612  0.00000000

     Dynamical  Matrix in cartesian axes

     q = (   -0.500000000  -0.173205081   0.000000000 ) 

    1    1
  1.19157457 -0.00000000    0.19500036 -0.04170057    0.00000000  0.00000000
  0.19500036  0.04170057    0.91947801 -0.00000000    0.00000000  0.00000000
  0.00000000  0.00000000    0.00000000  0.00000000    0.30905639  0.00000000
    1    2
 -0.08981593 -0.13347291    0.25752893  0.01451887    0.00000000  0.00000000
  0.27446872 -0.01407572   -0.34042772 -0.22418829    0.00000000  0.00000000
  0.00000000  0.00000000    0.00000000  0.00000000   -0.06421853 -0.06678849
    2    1
 -0.08981593  0.13347291    0.27446872  0.01407572    0.00000000  0.00000000
  0.25752893 -0.01451887   -0.34042772  0.22418829    0.00000000  0.00000000
  0.00000000  0.00000000    0.00000000  0.00000000   -0.06421853  0.06678849
    2    2
  1.29406141  0.00000000    0.16829006 -0.01483761    0.00000000  0.00000000
  0.16829006  0.01483761    1.04795881  0.00000000    0.00000000  0.00000000
  0.00000000  0.00000000    0.00000000  0.00000000    0.12674612  0.00000000

     Dynamical  Matrix in cartesian axes

     q = (    0.500000000   0.173205081   0.000000000 ) 

    1    1
  1.19157457  0.00000000    0.19500036  0.04170057    0.00000000  0.00000000
  0.19500036 -0.04170057    0.91947801  0.00000000    0.00000000  0.00000000
  0.00000000  0.00000000    0.00000000  0.00000000    0.30905639  0.00000000
    1    2
 -0.08981593  0.13347291    0.25752893 -0.01451887    0.00000000  0.00000000
  0.27446872  0.01407572   -0.34042772  0.22418829    0.00000000  0.00000000
  0.00000000  0.00000000    0.00000000  0.00000000   -0.06421853  0.06678849
    2    1
 -0.08981593 -0.13347291    0.27446872 -0.01407572    0.00000000  0.00000000
  0.25752893  0.01451887   -0.34042772 -0.22418829    0.00000000  0.00000000
  0.00000000  0.00000000    0.00000000  0.00000000   -0.06421853 -0.06678849
    2    2
  1.29406141 -0.00000000    0.16829006  0.01483761    0.00000000  0.00000000
  0.16829006 -0.01483761    1.04795881 -0.00000000    0.00000000  0.00000000
  0.00000000  0.00000000    0.00000000  0.00000000    0.12674612  0.00000000

     Dynamical  Matrix in cartesian axes

     q = (    0.400000000  -0.346410162   0.000000000 ) 

    1    1
  1.15637741 -0.00000000   -0.21532145 -0.04170057    0.00000000  0.00000000
 -0.21532145  0.04170057    0.95467516 -0.00000000    0.00000000  0.00000000
  0.00000000  0.00000000    0.00000000  0.00000000    0.30905639  0.00000000
    1    2
  0.04741303  0.20131755    0.24998740  0.02509441    0.00000000  0.00000000
  0.23304760  0.05368899    0.38283062  0.15634364    0.00000000  0.00000000
  0.00000000  0.00000000    0.00000000  0.00000000    0.06421853  0.06678849
    2    1
  0.04741303 -0.20131755    0.23304760 -0.05368899    0.00000000  0.00000000
  0.24998740 -0.02509441    0.38283062 -0.15634364    0.00000000  0.00000000
  0.00000000  0.00000000    0.00000000  0.00000000    0.06421853 -0.06678849
    2    2
  1.25522793  0.00000000   -0.19071058 -0.01483761    0.00000000  0.00000000
 -0.19071058  0.01483761    1.08679229  0.00000000    0.00000000  0.00000000
  0.00000000  0.00000000    0.00000000  0.00000000    0.12674612  0.00000000

     Dynamical  Matrix in cartesian axes

     q = (   -0.400000000   0.346410162   0.000000000 ) 

    1    1
  1.15637741  0.00000000   -0.21532145  0.04170057    0.00000000  0.00000000
 -0.21532145 -0.04170057    0.95467516  0.00000000    0.00000000  0.00000000
  0.00000000  0.00000000    0.00000000  0.00000000    0.30905639  0.00000000
    1    2
  0.04741303 -0.20131755    0.24998740 -0.02509441    0.00000000  0.00000000
  0.23304760 -0.05368899    0.38283062 -0.15634364    0.00000000  0.00000000
  0.00000000  0.00000000    0.00000000  0.00000000    0.06421853 -0.06678849
    2    1
  0.04741303  0.20131755    0.23304760  0.05368899    0.00000000  0.00000000
  0.24998740  0.02509441    0.38283062  0.15634364    0.00000000  0.00000000
  0.00000000  0.00000000    0.00000000  0.00000000    0.06421853  0.06678849
    2    2
  1.25522793 -0.00000000   -0.19071058  0.01483761    0.00000000  0.00000000
 -0.19071058 -0.01483761    1.08679229 -0.00000000    0.00000000  0.00000000
  0.00000000  0.00000000    0.00000000  0.00000000    0.12674612  0.00000000

     Dynamical  Matrix in cartesian axes

     q = (   -0.400000000  -0.346410162   0.000000000 ) 

    1    1
  1.15637741 -0.00000000    0.21532145  0.04170057    0.00000000  0.00000000
  0.21532145 -0.04170057    0.95467516  0.00000000    0.00000000  0.00000000
  0.00000000  0.00000000    0.00000000  0.00000000    0.30905639  0.00000000
    1    2
 -0.15668944 -0.13500064    0.21699418 -0.12663710    0.00000000  0.00000000
  0.22009707 -0.09354664   -0.40161297  0.09853753    0.00000000  0.00000000
  0.00000000  0.00000000    0.00000000  0.00000000   -0.09121117 -0.01628632
    2    1
 -0.15668944  0.13500064    0.22009707  0.09354664    0.00000000  0.00000000
  0.21699418  0.12663710   -0.40161297 -0.09853753    0.00000000  0.00000000
  0.00000000  0.00000000    0.00000000  0.00000000   -0.09121117  0.01628632
    2    2
  1.25522793  0.00000000    0.19071058  0.01483761    0.00000000  0.00000000
  0.19071058 -0.01483761    1.08679229 -0.00000000    0.00000000  0.00000000
  0.00000000  0.00000000    0.00000000  0.00000000    0.12674612  0.00000000

     Dynamical  Matrix in cartesian axes

     q = (    0.400000000   0.346410162   0.000000000 ) 

    1    1
  1.15637741  0.00000000    0.21532145 -0.04170057    0.00000000  0.00000000
  0.21532145  0.04170057    0.95467516 -0.00000000    0.00000000  0.00000000
  0.00000000  0.00000000    0.00000000  0.00000000    0.30905639  0.00000000
    1    2
 -0.15668944  0.13500064    0.21699418  0.12663710    0.00000000  0.00000000
  0.22009707  0.09354664   -0.40161297 -0.09853753    0.00000000  0.00000000
  0.00000000  0.00000000    0.00000000  0.00000000   -0.09121117  0.01628632
    2    1
 -0.15668944 -0.13500064    0.22009707 -0.09354664    0.00000000  0.00000000
  0.21699418 -0.12663710   -0.40161297  0.09853753    0.00000000  0.00000000
  0.00000000  0.00000000    0.00000000  0.00000000   -0.09121117 -0.01628632
    2    2
  1.25522793 -0.00000000    0.19071058 -0.01483761    0.00000000  0.00000000
  0.19071058  0.01483761    1.08679229  0.00000000    0.00000000  0.00000000
  0.00000000  0.00000000    0.00000000  0.00000000    0.12674612  0.00000000

     Dynamical  Matrix in cartesian axes

     q = (    0.500000000  -0.173205081   0.000000000 ) 

    1    1
  1.19157457 -0.00000000   -0.19500036  0.04170057    0.00000000  0.00000000
 -0.19500036 -0.04170057    0.91947801 -0.00000000    0.00000000  0.00000000
  0.00000000  0.00000000    0.00000000  0.00000000    0.30905639  0.00000000
    1    2
  0.08981593  0.13347291    0.25752893  0.01451887    0.00000000  0.00000000
  0.27446872 -0.01407572    0.34042772  0.22418829    0.00000000  0.00000000
  0.00000000  0.00000000    0.00000000  0.00000000    0.06421853  0.06678849
    2    1
  0.08981593 -0.13347291    0.27446872  0.01407572    0.00000000  0.00000000
  0.25752893 -0.01451887    0.34042772 -0.22418829    0.00000000  0.00000000
  0.00000000  0.00000000    0.00000000  0.00000000    0.06421853 -0.06678849
    2    2
  1.29406141  0.00000000   -0.16829006  0.01483761    0.00000000  0.00000000
 -0.16829006 -0.01483761    1.04795881  0.00000000    0.00000000  0.00000000
  0.00000000  0.00000000    0.00000000  0.00000000    0.12674612  0.00000000

     Dynamical  Matrix in cartesian axes

     q = (   -0.500000000   0.173205081   0.000000000 ) 

    1    1
  1.19157457  0.00000000   -0.19500036 -0.04170057    0.00000000  0.00000000
 -0.19500036  0.04170057    0.91947801  0.00000000    0.00000000  0.00000000
  0.00000000  0.00000000    0.00000000  0.00000000    0.30905639  0.00000000
    1    2
  0.08981593 -0.13347291    0.25752893 -0.01451887    0.00000000  0.00000000
  0.27446872  0.01407572    0.34042772 -0.22418829    0.00000000  0.00000000
  0.00000000  0.00000000    0.00000000  0.00000000    0.06421853 -0.06678849
    2    1
  0.08981593  0.13347291    0.27446872 -0.01407572    0.00000000  0.00000000
  0.25752893  0.01451887    0.34042772  0.22418829    0.00000000  0.00000000
  0.00000000  0.00000000    0.00000000  0.00000000    0.06421853  0.06678849
    2    2
  1.29406141 -0.00000000   -0.16829006 -0.01483761    0.00000000  0.00000000
 -0.16829006  0.01483761    1.04795881 -0.00000000    0.00000000  0.00000000
  0.00000000  0.00000000    0.00000000  0.00000000    0.12674612  0.00000000

     Dynamical  Matrix in cartesian axes

     q = (   -0.100000000   0.519615242   0.000000000 ) 

    1    1
  0.81862688  0.00000000   -0.02032109  0.04170057    0.00000000  0.00000000
 -0.02032109 -0.04170057    1.29242569 -0.00000000    0.00000000  0.00000000
  0.00000000  0.00000000    0.00000000  0.00000000    0.30905639  0.00000000
    1    2
 -0.50813652 -0.20170133    0.03295122 -0.05346742    0.00000000  0.00000000
  0.01601143 -0.02487283    0.07789286 -0.15595986    0.00000000  0.00000000
  0.00000000  0.00000000    0.00000000  0.00000000   -0.06421853 -0.06678849
    2    1
 -0.50813652  0.20170133    0.01601143  0.02487283    0.00000000  0.00000000
  0.03295122  0.05346742    0.07789286  0.15595986    0.00000000  0.00000000
  0.00000000  0.00000000    0.00000000  0.00000000   -0.06421853  0.06678849
    2    2
  0.96374099  0.00000000   -0.02242052  0.01483761    0.00000000  0.00000000
 -0.02242052 -0.01483761    1.37827923  0.00000000    0.00000000  0.00000000
  0.00000000  0.00000000    0.00000000  0.00000000    0.12674612  0.00000000

     Dynamical  Matrix in cartesian axes

     q = (    0.100000000  -0.519615242   0.000000000 ) 

    1    1
  0.81862688  0.00000000   -0.02032109 -0.04170057    0.00000000  0.00000000
 -0.02032109  0.04170057    1.29242569  0.00000000    0.00000000  0.00000000
  0.00000000  0.00000000    0.00000000  0.00000000    0.30905639  0.00000000
    1    2
 -0.50813652  0.20170133    0.03295122  0.05346742    0.00000000  0.00000000
  0.01601143  0.02487283    0.07789286  0.15595986    0.00000000  0.00000000
  0.00000000  0.00000000    0.00000000  0.00000000   -0.06421853  0.06678849
    2    1
 -0.50813652 -0.20170133    0.01601143 -0.02487283    0.00000000  0.00000000
  0.03295122 -0.05346742    0.07789286 -0.15595986    0.00000000  0.00000000
  0.00000000  0.00000000    0.00000000  0.00000000   -0.06421853 -0.06678849
    2    2
  0.96374099  0.00000000   -0.02242052 -0.01483761    0.00000000  0.00000000
 -0.02242052  0.01483761    1.37827923 -0.00000000    0.00000000  0.00000000
  0.00000000  0.00000000    0.00000000  0.00000000    0.12674612  0.00000000

     Diagonalizing the dynamical matrix

     q = (    0.100000000   0.519615242   0.000000000 ) 

 **************************************************************************
     freq (    1) =       8.774727 [THz] =     292.693400 [cm-1]
 (  0.000000  0.000000 -0.000000 -0.000000 -0.355889 -0.063546 ) 
 (  0.000000  0.000000 -0.000000  0.000000 -0.932365  0.000000 ) 
     freq (    2) =      18.020466 [THz] =     601.098050 [cm-1]
 ( -0.488697 -0.535799 -0.027964  0.049152 -0.000000 -0.000000 ) 
 ( -0.324671 -0.603078  0.042067 -0.003510  0.000000  0.000000 ) 
     freq (    3) =      19.233298 [THz] =     641.553755 [cm-1]
 (  0.000000  0.000000 -0.000000 -0.000000 -0.943101 -0.168396 ) 
 (  0.000000  0.000000 -0.000000  0.000000  0.286712  0.000000 ) 
     freq (    4) =      32.804049 [THz] =    1094.225284 [cm-1]
 (  0.021744 -0.123777  0.113417  0.465534 -0.000000 -0.000000 ) 
 (  0.012144  0.149855  0.852617 -0.071141  0.000000  0.000000 ) 
     freq (    5) =      37.336476 [THz] =    1245.410770 [cm-1]
 ( -0.451378 -0.595500 -0.223585  0.000676  0.000000  0.000000 ) 
 (  0.227942  0.566381 -0.137010  0.011432  0.000000  0.000000 ) 
     freq (    6) =      38.851164 [THz] =    1295.935340 [cm-1]
 ( -0.137320  0.086119 -0.275713 -0.852760 -0.000000 -0.000000 ) 
 (  0.082367 -0.033060  0.401881 -0.033532  0.000000  0.000000 ) 
 **************************************************************************
